,Time,Amount,Code
0,2019-09-09 00:00:25,4133.0063,ltcusdt
0,2019-09-09 00:00:25,883.2637,etcusdt
0,2019-09-09 00:00:29,180.0906,zrxusdt
0,2019-09-09 00:00:34,3786.4309,ethbtc
0,2019-09-09 00:00:36,16443.9466,btcusdt
0,2019-09-09 00:00:37,10332.9411,ethusdt
0,2019-09-09 00:00:37,6.8196,aeeth
0,2019-09-09 00:00:37,31.703,gntusdt
0,2019-09-09 00:00:40,42.0537,wtceth
0,2019-09-09 00:00:42,3710.9081,ltcbtc
0,2019-09-09 00:00:42,1025.3022,omgusdt
0,2019-09-09 00:00:44,0.4342,mcoeth
1,2019-09-09 00:00:59,41.3959,zrxusdt
1,2019-09-09 00:01:02,3513.1483,ethusdt
1,2019-09-09 00:01:07,614.0292,etcusdt
1,2019-09-09 00:01:09,36.9045,wtceth
1,2019-09-09 00:01:09,4622.6588,ltcusdt
1,2019-09-09 00:01:14,2510.4339,ltcbtc
1,2019-09-09 00:01:14,1201.576,ethbtc
1,2019-09-09 00:01:17,5.9358,aeeth
1,2019-09-09 00:01:19,4973.9807,btcusdt
1,2019-09-09 00:01:20,248.7036,omgusdt
1,2019-09-09 00:01:20,0.3359,mcoeth
1,2019-09-09 00:01:21,12.3655,gntusdt
2,2019-09-09 00:01:36,4710.6782,ltcusdt
2,2019-09-09 00:01:39,73.2816,wtceth
2,2019-09-09 00:01:42,175.5175,zrxusdt
2,2019-09-09 00:01:42,14093.8399,ethusdt
2,2019-09-09 00:01:50,1373.343,ethbtc
2,2019-09-09 00:01:50,4359.1811,ltcbtc
2,2019-09-09 00:01:51,6.1413,aeeth
2,2019-09-09 00:01:52,2791.7945,etcusdt
2,2019-09-09 00:01:52,4393.5278,omgusdt
2,2019-09-09 00:01:53,0.5687,mcoeth
2,2019-09-09 00:01:58,38032.62,btcusdt
2,2019-09-09 00:02:05,15.2017,gntusdt
3,2019-09-09 00:02:10,16922.599,ethusdt
3,2019-09-09 00:02:13,2.0111,wtceth
3,2019-09-09 00:02:13,164.2436,zrxusdt
3,2019-09-09 00:02:17,11.1585,aeeth
3,2019-09-09 00:02:19,6171.5954,ltcusdt
3,2019-09-09 00:02:22,5632.636,ltcbtc
3,2019-09-09 00:02:26,6085.2564,ethbtc
3,2019-09-09 00:02:27,986.7155,etcusdt
3,2019-09-09 00:02:30,2737.3137,omgusdt
3,2019-09-09 00:02:36,22790.1195,btcusdt
3,2019-09-09 00:02:37,19.4742,gntusdt
3,2019-09-09 00:02:38,0.9403,mcoeth
4,2019-09-09 00:02:39,24.6803,zrxusdt
4,2019-09-09 00:02:47,6239.1145,ethusdt
4,2019-09-09 00:02:57,931.1128,ltcbtc
4,2019-09-09 00:02:57,42.5066,wtceth
4,2019-09-09 00:03:00,13.3849,aeeth
4,2019-09-09 00:03:02,626.7695,omgusdt
4,2019-09-09 00:03:03,4779.7906,ltcusdt
4,2019-09-09 00:03:03,2.3395,gntusdt
4,2019-09-09 00:03:07,1426.911,etcusdt
4,2019-09-09 00:03:08,3946.7183,ethbtc
4,2019-09-09 00:03:11,0.8474,mcoeth
5,2019-09-09 00:03:19,81.3846,zrxusdt
4,2019-09-09 00:03:21,24582.541,btcusdt
5,2019-09-09 00:03:22,26.9152,wtceth
5,2019-09-09 00:03:26,11.6041,aeeth
5,2019-09-09 00:03:30,2579.9211,omgusdt
5,2019-09-09 00:03:30,1227.8432,ethusdt
5,2019-09-09 00:03:32,4579.6002,ltcbtc
5,2019-09-09 00:03:34,10.1984,gntusdt
5,2019-09-09 00:03:39,6194.3467,ltcusdt
5,2019-09-09 00:03:41,0.7303,mcoeth
5,2019-09-09 00:03:43,914.2267,etcusdt
5,2019-09-09 00:03:43,9262.1751,ethbtc
6,2019-09-09 00:03:48,30.4089,wtceth
6,2019-09-09 00:04:01,3.4112,aeeth
5,2019-09-09 00:04:02,13597.4227,btcusdt
6,2019-09-09 00:04:02,11138.0859,ethusdt
6,2019-09-09 00:04:03,94.8122,zrxusdt
6,2019-09-09 00:04:06,2.3531,gntusdt
6,2019-09-09 00:04:06,0.0804,mcoeth
6,2019-09-09 00:04:12,1828.9129,omgusdt
6,2019-09-09 00:04:13,5296.2442,ltcbtc
7,2019-09-09 00:04:18,70.1806,wtceth
6,2019-09-09 00:04:19,4608.7209,ltcusdt
6,2019-09-09 00:04:26,1059.3687,etcusdt
6,2019-09-09 00:04:27,20928.1327,ethbtc
7,2019-09-09 00:04:34,0.3309,gntusdt
7,2019-09-09 00:04:37,2.5521,aeeth
7,2019-09-09 00:04:39,193.0916,zrxusdt
7,2019-09-09 00:04:41,0.903,mcoeth
6,2019-09-09 00:04:41,17427.2351,btcusdt
7,2019-09-09 00:04:41,4827.9324,ethusdt
7,2019-09-09 00:04:49,1246.2658,omgusdt
7,2019-09-09 00:04:53,2004.7439,ltcbtc
8,2019-09-09 00:04:56,40.4065,wtceth
7,2019-09-09 00:04:59,2226.9091,ltcusdt
7,2019-09-09 00:05:00,1197.1189,etcusdt
8,2019-09-09 00:05:07,15460.3436,ethusdt
7,2019-09-09 00:05:07,15846.8139,ethbtc
7,2019-09-09 00:05:09,36756.854,btcusdt
8,2019-09-09 00:05:09,53.7601,zrxusdt
8,2019-09-09 00:05:12,19.4385,gntusdt
8,2019-09-09 00:05:15,9.7045,aeeth
8,2019-09-09 00:05:22,0.4826,mcoeth
8,2019-09-09 00:05:24,3730.0833,omgusdt
8,2019-09-09 00:05:26,3259.679,ltcbtc
8,2019-09-09 00:05:33,133.7436,etcusdt
8,2019-09-09 00:05:35,6441.9014,ltcusdt
9,2019-09-09 00:05:39,3.9289,gntusdt
9,2019-09-09 00:05:39,0.195,wtceth
8,2019-09-09 00:05:40,32914.7113,btcusdt
9,2019-09-09 00:05:41,16736.2637,ethusdt
9,2019-09-09 00:05:45,29.5059,zrxusdt
8,2019-09-09 00:05:47,6197.9047,ethbtc
9,2019-09-09 00:05:50,2473.4947,omgusdt
9,2019-09-09 00:05:52,4671.0466,ltcbtc
9,2019-09-09 00:05:56,0.5979,mcoeth
9,2019-09-09 00:05:57,12.4277,aeeth
9,2019-09-09 00:05:59,2304.9859,etcusdt
9,2019-09-09 00:06:01,5367.1957,ltcusdt
10,2019-09-09 00:06:13,1.5941,gntusdt
10,2019-09-09 00:06:14,10854.8346,ethusdt
10,2019-09-09 00:06:17,1849.2213,omgusdt
9,2019-09-09 00:06:17,54091.2206,btcusdt
10,2019-09-09 00:06:17,2.318,wtceth
10,2019-09-09 00:06:19,2271.2983,ltcbtc
10,2019-09-09 00:06:24,173.0329,zrxusdt
10,2019-09-09 00:06:28,3.8252,aeeth
9,2019-09-09 00:06:31,6460.5642,ethbtc
10,2019-09-09 00:06:34,6641.0664,ltcusdt
10,2019-09-09 00:06:36,0.5964,mcoeth
10,2019-09-09 00:06:38,2497.5418,etcusdt
11,2019-09-09 00:06:43,1685.1265,omgusdt
10,2019-09-09 00:06:47,8128.8844,btcusdt
11,2019-09-09 00:06:52,2584.7883,ethusdt
11,2019-09-09 00:06:56,30.4946,gntusdt
11,2019-09-09 00:06:57,12.4208,aeeth
11,2019-09-09 00:07:00,198.4933,zrxusdt
11,2019-09-09 00:07:01,49.8594,wtceth
11,2019-09-09 00:07:02,557.1664,ltcbtc
11,2019-09-09 00:07:05,1.0339,mcoeth
10,2019-09-09 00:07:05,4621.972,ethbtc
11,2019-09-09 00:07:06,1247.657,etcusdt
11,2019-09-09 00:07:08,860.5742,ltcusdt
11,2019-09-09 00:07:22,24473.4097,btcusdt
12,2019-09-09 00:07:24,1979.5833,omgusdt
12,2019-09-09 00:07:24,15.0223,gntusdt
12,2019-09-09 00:07:28,10890.141,ethusdt
12,2019-09-09 00:07:32,11.2528,aeeth
12,2019-09-09 00:07:33,95.2952,zrxusdt
12,2019-09-09 00:07:35,5296.3935,ltcusdt
12,2019-09-09 00:07:36,18.8725,wtceth
11,2019-09-09 00:07:43,16187.6789,ethbtc
12,2019-09-09 00:07:46,2964.5159,ltcbtc
12,2019-09-09 00:07:46,0.1889,mcoeth
12,2019-09-09 00:07:47,2675.4845,etcusdt
13,2019-09-09 00:07:58,843.7735,omgusdt
13,2019-09-09 00:07:58,91.8918,zrxusdt
12,2019-09-09 00:08:02,65986.8501,btcusdt
13,2019-09-09 00:08:06,31.5819,gntusdt
12,2019-09-09 00:08:09,3899.2378,ethbtc
13,2019-09-09 00:08:10,10.9864,aeeth
13,2019-09-09 00:08:13,57.9507,wtceth
13,2019-09-09 00:08:13,11060.4703,ethusdt
13,2019-09-09 00:08:15,1452.7535,ltcbtc
13,2019-09-09 00:08:18,6511.0315,ltcusdt
13,2019-09-09 00:08:23,1.1194,mcoeth
13,2019-09-09 00:08:25,783.9576,etcusdt
13,2019-09-09 00:08:27,33684.9925,btcusdt
14,2019-09-09 00:08:38,1259.7786,omgusdt
14,2019-09-09 00:08:38,87.3206,zrxusdt
14,2019-09-09 00:08:39,8157.5449,ethusdt
14,2019-09-09 00:08:39,8.744,aeeth
14,2019-09-09 00:08:42,27.7288,gntusdt
14,2019-09-09 00:08:45,2877.1638,ltcbtc
14,2019-09-09 00:08:50,3009.5456,etcusdt
14,2019-09-09 00:08:50,686.6443,ltcusdt
14,2019-09-09 00:08:54,69.8962,wtceth
13,2019-09-09 00:08:54,5032.1119,ethbtc
14,2019-09-09 00:09:03,0.6501,mcoeth
14,2019-09-09 00:09:04,6798.4764,btcusdt
15,2019-09-09 00:09:09,10.1725,gntusdt
15,2019-09-09 00:09:09,173.5925,zrxusdt
15,2019-09-09 00:09:10,5.4117,aeeth
15,2019-09-09 00:09:12,5573.1072,ltcbtc
15,2019-09-09 00:09:16,694.6654,etcusdt
15,2019-09-09 00:09:17,803.9782,omgusdt
15,2019-09-09 00:09:19,5777.967,ethusdt
15,2019-09-09 00:09:29,40.7251,wtceth
15,2019-09-09 00:09:32,3134.0598,ltcusdt
16,2019-09-09 00:09:36,16.6012,aeeth
16,2019-09-09 00:09:37,188.1688,zrxusdt
14,2019-09-09 00:09:37,16298.0804,ethbtc
15,2019-09-09 00:09:40,0.5206,mcoeth
15,2019-09-09 00:09:45,16805.1587,btcusdt
16,2019-09-09 00:09:45,4056.11,ethusdt
16,2019-09-09 00:09:48,4088.5915,omgusdt
16,2019-09-09 00:09:51,2506.6883,ltcbtc
16,2019-09-09 00:09:52,2.8221,gntusdt
16,2019-09-09 00:09:57,3775.7716,etcusdt
16,2019-09-09 00:10:02,52.9098,wtceth
17,2019-09-09 00:10:06,59.9618,zrxusdt
15,2019-09-09 00:10:14,3309.4337,ethbtc
16,2019-09-09 00:10:16,0.0232,mcoeth
17,2019-09-09 00:10:16,15174.8397,ethusdt
16,2019-09-09 00:10:17,37281.7082,btcusdt
16,2019-09-09 00:10:17,5601.0762,ltcusdt
17,2019-09-09 00:10:20,16.3632,aeeth
17,2019-09-09 00:10:22,376.594,omgusdt
17,2019-09-09 00:10:22,1041.2856,etcusdt
17,2019-09-09 00:10:31,30.7864,gntusdt
18,2019-09-09 00:10:36,181.5008,zrxusdt
17,2019-09-09 00:10:36,234.9602,ltcbtc
16,2019-09-09 00:10:41,2414.8455,ethbtc
17,2019-09-09 00:10:44,3.8008,wtceth
18,2019-09-09 00:10:48,3297.6648,omgusdt
18,2019-09-09 00:10:48,1296.2374,etcusdt
18,2019-09-09 00:10:49,13.0145,aeeth
18,2019-09-09 00:10:51,1968.6687,ethusdt
17,2019-09-09 00:10:51,4465.0005,ltcusdt
18,2019-09-09 00:10:56,9.0604,gntusdt
17,2019-09-09 00:11:00,25825.1424,btcusdt
17,2019-09-09 00:11:01,0.5629,mcoeth
19,2019-09-09 00:11:09,76.3534,zrxusdt
18,2019-09-09 00:11:12,1556.6925,ltcbtc
19,2019-09-09 00:11:13,2484.9177,omgusdt
18,2019-09-09 00:11:16,5356.3953,ltcusdt
17,2019-09-09 00:11:20,2189.8733,ethbtc
19,2019-09-09 00:11:20,1972.7558,etcusdt
18,2019-09-09 00:11:22,40.651,wtceth
19,2019-09-09 00:11:24,7.5619,aeeth
19,2019-09-09 00:11:32,3948.4117,ethusdt
20,2019-09-09 00:11:34,5.5771,zrxusdt
18,2019-09-09 00:11:35,11827.5564,btcusdt
18,2019-09-09 00:11:38,0.5788,mcoeth
19,2019-09-09 00:11:40,5380.4332,ltcbtc
19,2019-09-09 00:11:40,3.0668,gntusdt
20,2019-09-09 00:11:42,3435.0036,omgusdt
18,2019-09-09 00:11:49,4102.2452,ethbtc
19,2019-09-09 00:11:49,52.1974,wtceth
20,2019-09-09 00:11:50,17.1426,aeeth
20,2019-09-09 00:11:55,3011.2358,etcusdt
19,2019-09-09 00:11:58,6534.5232,ltcusdt
20,2019-09-09 00:12:00,3340.6766,ethusdt
19,2019-09-09 00:12:00,83032.3941,btcusdt
19,2019-09-09 00:12:04,0.6709,mcoeth
21,2019-09-09 00:12:11,404.6676,omgusdt
20,2019-09-09 00:12:15,14.294,gntusdt
21,2019-09-09 00:12:16,64.184,zrxusdt
21,2019-09-09 00:12:17,0.089,aeeth
20,2019-09-09 00:12:18,701.9466,ltcbtc
20,2019-09-09 00:12:27,4.5564,wtceth
20,2019-09-09 00:12:30,1890.8935,ltcusdt
19,2019-09-09 00:12:32,10694.2363,ethbtc
21,2019-09-09 00:12:35,3318.9138,etcusdt
20,2019-09-09 00:12:35,15280.071,btcusdt
20,2019-09-09 00:12:37,1.0625,mcoeth
21,2019-09-09 00:12:44,6574.7739,ethusdt
21,2019-09-09 00:12:47,2913.7765,ltcbtc
21,2019-09-09 00:12:47,2.633,gntusdt
22,2019-09-09 00:12:51,79.5846,zrxusdt
22,2019-09-09 00:12:52,3897.3714,omgusdt
22,2019-09-09 00:12:59,1.7165,aeeth
21,2019-09-09 00:13:03,4297.2233,ltcusdt
21,2019-09-09 00:13:07,7.3837,wtceth
21,2019-09-09 00:13:11,82869.1136,btcusdt
22,2019-09-09 00:13:11,11494.1512,ethusdt
22,2019-09-09 00:13:14,3993.6583,etcusdt
22,2019-09-09 00:13:16,1036.7534,ltcbtc
23,2019-09-09 00:13:17,105.4938,zrxusdt
20,2019-09-09 00:13:17,12926.0412,ethbtc
23,2019-09-09 00:13:21,987.4086,omgusdt
21,2019-09-09 00:13:21,0.8848,mcoeth
23,2019-09-09 00:13:25,9.4883,aeeth
22,2019-09-09 00:13:27,22.6087,gntusdt
22,2019-09-09 00:13:29,6581.0569,ltcusdt
23,2019-09-09 00:13:39,4148.3565,etcusdt
23,2019-09-09 00:13:44,10982.7659,ethusdt
22,2019-09-09 00:13:44,78399.7436,btcusdt
24,2019-09-09 00:13:47,22.3152,zrxusdt
24,2019-09-09 00:13:51,4305.5274,omgusdt
22,2019-09-09 00:13:51,8.9048,wtceth
21,2019-09-09 00:13:54,3176.4644,ethbtc
23,2019-09-09 00:13:56,409.1448,ltcbtc
22,2019-09-09 00:14:00,0.0215,mcoeth
24,2019-09-09 00:14:04,3170.8705,etcusdt
23,2019-09-09 00:14:08,21.4275,gntusdt
24,2019-09-09 00:14:08,3.3908,aeeth
23,2019-09-09 00:14:10,42400.5708,btcusdt
23,2019-09-09 00:14:10,4624.4347,ltcusdt
24,2019-09-09 00:14:18,5493.9063,ethusdt
25,2019-09-09 00:14:20,126.21,zrxusdt
23,2019-09-09 00:14:26,70.4631,wtceth
25,2019-09-09 00:14:33,1315.6399,omgusdt
24,2019-09-09 00:14:35,3397.9941,ltcusdt
22,2019-09-09 00:14:37,10082.9098,ethbtc
25,2019-09-09 00:14:38,3.8855,aeeth
24,2019-09-09 00:14:40,4773.4168,ltcbtc
24,2019-09-09 00:14:44,11.3048,gntusdt
23,2019-09-09 00:14:45,0.5282,mcoeth
25,2019-09-09 00:14:49,4551.7527,etcusdt
24,2019-09-09 00:14:52,64430.7573,btcusdt
24,2019-09-09 00:14:52,67.3365,wtceth
26,2019-09-09 00:14:55,50.8844,zrxusdt
25,2019-09-09 00:15:02,11942.0239,ethusdt
23,2019-09-09 00:15:05,15693.8802,ethbtc
25,2019-09-09 00:15:13,21.8774,gntusdt
26,2019-09-09 00:15:15,15.1455,aeeth
25,2019-09-09 00:15:17,56418.2119,btcusdt
25,2019-09-09 00:15:18,5090.7637,ltcusdt
26,2019-09-09 00:15:18,4324.7573,omgusdt
24,2019-09-09 00:15:20,0.1403,mcoeth
25,2019-09-09 00:15:25,5468.1248,ltcbtc
27,2019-09-09 00:15:28,179.6827,zrxusdt
26,2019-09-09 00:15:29,3755.9607,etcusdt
24,2019-09-09 00:15:30,20628.4218,ethbtc
25,2019-09-09 00:15:30,61.0235,wtceth
26,2019-09-09 00:15:32,4980.9377,ethusdt
25,2019-09-09 00:15:45,0.5999,mcoeth
27,2019-09-09 00:15:45,114.319,omgusdt
26,2019-09-09 00:15:46,19750.5766,btcusdt
26,2019-09-09 00:15:49,12.809,gntusdt
27,2019-09-09 00:15:51,4.8724,aeeth
27,2019-09-09 00:15:57,2702.7717,ethusdt
26,2019-09-09 00:15:57,2675.3168,ltcusdt
26,2019-09-09 00:16:02,1817.3487,ltcbtc
28,2019-09-09 00:16:08,123.0282,zrxusdt
27,2019-09-09 00:16:08,2733.9021,etcusdt
26,2019-09-09 00:16:14,65.4297,wtceth
25,2019-09-09 00:16:14,14823.4224,ethbtc
27,2019-09-09 00:16:23,28203.5358,btcusdt
27,2019-09-09 00:16:25,18.4772,gntusdt
28,2019-09-09 00:16:29,1494.2961,omgusdt
28,2019-09-09 00:16:30,11015.7843,ethusdt
26,2019-09-09 00:16:30,0.5271,mcoeth
28,2019-09-09 00:16:31,16.074,aeeth
29,2019-09-09 00:16:34,96.2485,zrxusdt
27,2019-09-09 00:16:37,6376.6009,ltcusdt
27,2019-09-09 00:16:42,27.4759,wtceth
28,2019-09-09 00:16:45,2892.096,etcusdt
27,2019-09-09 00:16:47,5277.2828,ltcbtc
26,2019-09-09 00:16:59,21242.6713,ethbtc
29,2019-09-09 00:17:00,3411.1708,omgusdt
27,2019-09-09 00:17:01,0.3631,mcoeth
28,2019-09-09 00:17:01,26508.1324,btcusdt
28,2019-09-09 00:17:03,0.4119,gntusdt
28,2019-09-09 00:17:10,15.0192,wtceth
29,2019-09-09 00:17:14,4565.3128,etcusdt
29,2019-09-09 00:17:15,6094.5965,ethusdt
29,2019-09-09 00:17:16,0.7468,aeeth
30,2019-09-09 00:17:17,106.5582,zrxusdt
28,2019-09-09 00:17:18,4429.2037,ltcusdt
28,2019-09-09 00:17:29,4841.4993,ltcbtc
30,2019-09-09 00:17:34,1009.1027,omgusdt
27,2019-09-09 00:17:39,3465.9173,ethbtc
29,2019-09-09 00:17:39,16972.353,btcusdt
30,2019-09-09 00:17:44,15340.0061,ethusdt
28,2019-09-09 00:17:45,1.1173,mcoeth
30,2019-09-09 00:17:45,11.8726,aeeth
29,2019-09-09 00:17:46,17.5078,gntusdt
29,2019-09-09 00:17:48,6289.1639,ltcusdt
30,2019-09-09 00:17:48,3267.331,etcusdt
29,2019-09-09 00:17:49,30.2442,wtceth
31,2019-09-09 00:17:54,101.6835,zrxusdt
29,2019-09-09 00:18:01,362.9947,ltcbtc
31,2019-09-09 00:18:03,3162.6481,omgusdt
30,2019-09-09 00:18:06,50103.2053,btcusdt
28,2019-09-09 00:18:08,15235.9817,ethbtc
31,2019-09-09 00:18:12,13063.7299,ethusdt
31,2019-09-09 00:18:14,9.1152,aeeth
31,2019-09-09 00:18:15,1796.0728,etcusdt
30,2019-09-09 00:18:16,5.8879,gntusdt
29,2019-09-09 00:18:17,0.2128,mcoeth
30,2019-09-09 00:18:25,3092.996,ltcusdt
32,2019-09-09 00:18:28,122.6186,zrxusdt
30,2019-09-09 00:18:30,54.4907,wtceth
32,2019-09-09 00:18:31,3803.2377,omgusdt
32,2019-09-09 00:18:41,1515.9257,etcusdt
30,2019-09-09 00:18:44,4834.4939,ltcbtc
31,2019-09-09 00:18:47,80055.6469,btcusdt
32,2019-09-09 00:18:48,16.6384,aeeth
31,2019-09-09 00:18:51,26.8241,gntusdt
30,2019-09-09 00:18:51,0.0854,mcoeth
29,2019-09-09 00:18:52,18277.9235,ethbtc
32,2019-09-09 00:18:53,5299.7889,ethusdt
31,2019-09-09 00:18:57,6581.4164,ltcusdt
31,2019-09-09 00:18:58,35.7239,wtceth
33,2019-09-09 00:18:58,4444.4679,omgusdt
33,2019-09-09 00:19:10,3920.6414,etcusdt
33,2019-09-09 00:19:10,107.6466,zrxusdt
33,2019-09-09 00:19:15,4.8613,aeeth
33,2019-09-09 00:19:18,5702.1003,ethusdt
32,2019-09-09 00:19:24,55774.5742,btcusdt
32,2019-09-09 00:19:24,14.0553,wtceth
32,2019-09-09 00:19:25,1205.7684,ltcusdt
31,2019-09-09 00:19:26,0.2606,mcoeth
31,2019-09-09 00:19:29,2279.4348,ltcbtc
34,2019-09-09 00:19:30,3831.7625,omgusdt
30,2019-09-09 00:19:34,9636.0324,ethbtc
32,2019-09-09 00:19:35,1.167,gntusdt
34,2019-09-09 00:19:40,22.9239,zrxusdt
34,2019-09-09 00:19:44,7788.7898,ethusdt
34,2019-09-09 00:19:48,9.8985,aeeth
34,2019-09-09 00:19:51,3466.9495,etcusdt
33,2019-09-09 00:19:59,3853.4807,ltcusdt
32,2019-09-09 00:20:01,1428.1824,ltcbtc
33,2019-09-09 00:20:02,47.7803,wtceth
33,2019-09-09 00:20:03,34342.3152,btcusdt
31,2019-09-09 00:20:04,7083.9171,ethbtc
32,2019-09-09 00:20:09,1.0417,mcoeth
33,2019-09-09 00:20:09,18.1777,gntusdt
35,2019-09-09 00:20:15,3060.727,ethusdt
35,2019-09-09 00:20:15,4098.5327,omgusdt
35,2019-09-09 00:20:16,146.6837,zrxusdt
35,2019-09-09 00:20:17,15.6939,aeeth
35,2019-09-09 00:20:17,3517.7849,etcusdt
34,2019-09-09 00:20:25,5747.6891,ltcusdt
32,2019-09-09 00:20:34,1921.5424,ethbtc
34,2019-09-09 00:20:40,44.5609,wtceth
34,2019-09-09 00:20:41,20618.4503,btcusdt
36,2019-09-09 00:20:42,2461.8448,omgusdt
36,2019-09-09 00:20:42,12.6084,aeeth
33,2019-09-09 00:20:46,1065.8648,ltcbtc
36,2019-09-09 00:20:47,12529.6697,ethusdt
34,2019-09-09 00:20:49,2.9114,gntusdt
36,2019-09-09 00:20:52,85.2777,zrxusdt
33,2019-09-09 00:20:54,1.1478,mcoeth
35,2019-09-09 00:20:57,3917.5501,ltcusdt
36,2019-09-09 00:20:59,3276.9726,etcusdt
33,2019-09-09 00:21:09,15338.076,ethbtc
35,2019-09-09 00:21:11,1.8875,wtceth
37,2019-09-09 00:21:11,229.4138,omgusdt
35,2019-09-09 00:21:14,15.2442,gntusdt
37,2019-09-09 00:21:18,4225.725,ethusdt
34,2019-09-09 00:21:22,5074.7251,ltcbtc
34,2019-09-09 00:21:23,0.2354,mcoeth
35,2019-09-09 00:21:25,5717.0278,btcusdt
37,2019-09-09 00:21:25,16.589,aeeth
37,2019-09-09 00:21:30,2762.2448,etcusdt
36,2019-09-09 00:21:34,114.2643,ltcusdt
37,2019-09-09 00:21:35,45.9671,zrxusdt
36,2019-09-09 00:21:40,61.5934,wtceth
34,2019-09-09 00:21:41,7115.5123,ethbtc
36,2019-09-09 00:21:44,21.5877,gntusdt
38,2019-09-09 00:21:45,2424.1491,omgusdt
38,2019-09-09 00:21:49,9817.5008,ethusdt
36,2019-09-09 00:21:58,2813.8271,btcusdt
35,2019-09-09 00:21:58,0.9581,mcoeth
35,2019-09-09 00:22:06,3636.1454,ltcbtc
38,2019-09-09 00:22:06,1061.1955,etcusdt
38,2019-09-09 00:22:07,10.589,aeeth
37,2019-09-09 00:22:11,6248.0716,ltcusdt
37,2019-09-09 00:22:12,8.2179,gntusdt
38,2019-09-09 00:22:20,59.7062,zrxusdt
35,2019-09-09 00:22:22,21548.9842,ethbtc
37,2019-09-09 00:22:23,12.6826,wtceth
39,2019-09-09 00:22:24,2429.9207,omgusdt
39,2019-09-09 00:22:31,14350.5054,ethusdt
37,2019-09-09 00:22:32,5666.7306,btcusdt
36,2019-09-09 00:22:37,3890.4579,ltcbtc
36,2019-09-09 00:22:40,0.7941,mcoeth
39,2019-09-09 00:22:40,1443.2762,etcusdt
38,2019-09-09 00:22:42,10.5003,gntusdt
39,2019-09-09 00:22:43,3.3707,aeeth
38,2019-09-09 00:22:48,43.2732,wtceth
38,2019-09-09 00:22:55,5502.8707,ltcusdt
36,2019-09-09 00:22:56,2909.5483,ethbtc
39,2019-09-09 00:22:57,162.7952,zrxusdt
40,2019-09-09 00:22:57,4918.1168,ethusdt
38,2019-09-09 00:23:00,68230.1022,btcusdt
40,2019-09-09 00:23:06,105.6831,omgusdt
37,2019-09-09 00:23:06,0.1548,mcoeth
37,2019-09-09 00:23:07,3061.7594,ltcbtc
40,2019-09-09 00:23:08,5.5275,aeeth
39,2019-09-09 00:23:18,1.2298,wtceth
37,2019-09-09 00:23:22,11615.5579,ethbtc
39,2019-09-09 00:23:23,9.4828,gntusdt
40,2019-09-09 00:23:23,2515.0188,etcusdt
39,2019-09-09 00:23:27,1765.757,ltcusdt
41,2019-09-09 00:23:28,1623.2247,ethusdt
39,2019-09-09 00:23:31,8881.0019,btcusdt
40,2019-09-09 00:23:40,64.9136,zrxusdt
38,2019-09-09 00:23:40,4506.201,ltcbtc
41,2019-09-09 00:23:45,11.8261,aeeth
38,2019-09-09 00:23:48,17295.8037,ethbtc
41,2019-09-09 00:23:48,4066.473,omgusdt
40,2019-09-09 00:23:50,10.1047,gntusdt
38,2019-09-09 00:23:50,0.5842,mcoeth
41,2019-09-09 00:23:50,4627.6383,etcusdt
40,2019-09-09 00:23:52,15.5419,wtceth
42,2019-09-09 00:23:55,14362.049,ethusdt
40,2019-09-09 00:24:04,58617.4355,btcusdt
40,2019-09-09 00:24:06,2543.4175,ltcusdt
39,2019-09-09 00:24:13,1542.5468,ltcbtc
41,2019-09-09 00:24:15,9.5757,zrxusdt
42,2019-09-09 00:24:17,1112.4098,omgusdt
41,2019-09-09 00:24:23,18.3551,gntusdt
39,2019-09-09 00:24:24,2571.5716,ethbtc
41,2019-09-09 00:24:25,57.6299,wtceth
39,2019-09-09 00:24:25,0.5938,mcoeth
43,2019-09-09 00:24:26,5063.9881,ethusdt
42,2019-09-09 00:24:27,7.9133,aeeth
42,2019-09-09 00:24:32,2613.4997,etcusdt
41,2019-09-09 00:24:42,38100.8616,btcusdt
41,2019-09-09 00:24:48,2058.3402,ltcusdt
43,2019-09-09 00:24:50,3269.9808,omgusdt
44,2019-09-09 00:24:51,16014.7042,ethusdt
40,2019-09-09 00:24:52,3785.341,ltcbtc
40,2019-09-09 00:24:53,3023.473,ethbtc
42,2019-09-09 00:24:56,25.2276,zrxusdt
43,2019-09-09 00:24:57,13.8652,aeeth
42,2019-09-09 00:25:04,51.6238,wtceth
40,2019-09-09 00:25:04,0.4785,mcoeth
43,2019-09-09 00:25:05,1375.2477,etcusdt
42,2019-09-09 00:25:06,24.6365,gntusdt
44,2019-09-09 00:25:16,3454.0727,omgusdt
42,2019-09-09 00:25:20,62724.5222,btcusdt
41,2019-09-09 00:25:23,12454.8486,ethbtc
44,2019-09-09 00:25:27,15.7464,aeeth
42,2019-09-09 00:25:30,2611.2933,ltcusdt
45,2019-09-09 00:25:30,8191.5319,ethusdt
43,2019-09-09 00:25:31,40.7926,wtceth
43,2019-09-09 00:25:33,81.0924,zrxusdt
41,2019-09-09 00:25:35,549.0534,ltcbtc
44,2019-09-09 00:25:42,1804.7596,etcusdt
43,2019-09-09 00:25:45,47582.3581,btcusdt
41,2019-09-09 00:25:46,0.1474,mcoeth
43,2019-09-09 00:25:48,9.2868,gntusdt
45,2019-09-09 00:25:51,3091.3833,omgusdt
42,2019-09-09 00:25:59,18309.9277,ethbtc
46,2019-09-09 00:26:00,13113.3946,ethusdt
45,2019-09-09 00:26:01,14.0353,aeeth
44,2019-09-09 00:26:03,139.6814,zrxusdt
43,2019-09-09 00:26:10,6292.8848,ltcusdt
42,2019-09-09 00:26:12,0.1249,mcoeth
44,2019-09-09 00:26:13,31129.5627,btcusdt
42,2019-09-09 00:26:13,2716.9015,ltcbtc
44,2019-09-09 00:26:15,39.7983,wtceth
46,2019-09-09 00:26:18,1556.5061,omgusdt
45,2019-09-09 00:26:24,292.9377,etcusdt
47,2019-09-09 00:26:27,9855.0533,ethusdt
44,2019-09-09 00:26:29,8.1766,gntusdt
46,2019-09-09 00:26:33,9.0743,aeeth
43,2019-09-09 00:26:36,17200.4207,ethbtc
45,2019-09-09 00:26:44,171.1624,zrxusdt
45,2019-09-09 00:26:44,53.5039,wtceth
47,2019-09-09 00:26:45,4234.1648,omgusdt
43,2019-09-09 00:26:48,0.821,mcoeth
44,2019-09-09 00:26:50,3218.7605,ltcusdt
45,2019-09-09 00:26:51,54773.002,btcusdt
43,2019-09-09 00:26:52,2950.5925,ltcbtc
45,2019-09-09 00:26:55,30.9971,gntusdt
46,2019-09-09 00:26:56,2796.8403,etcusdt
47,2019-09-09 00:26:58,8.9165,aeeth
44,2019-09-09 00:27:08,1119.6666,ethbtc
48,2019-09-09 00:27:08,7204.6322,ethusdt
46,2019-09-09 00:27:10,8.4317,wtceth
46,2019-09-09 00:27:19,53.9136,zrxusdt
46,2019-09-09 00:27:20,0.767,gntusdt
45,2019-09-09 00:27:21,2336.2899,ltcusdt
48,2019-09-09 00:27:26,85.3013,omgusdt
44,2019-09-09 00:27:26,0.3362,mcoeth
48,2019-09-09 00:27:28,2.1948,aeeth
46,2019-09-09 00:27:30,61970.9847,btcusdt
44,2019-09-09 00:27:35,4051.3753,ltcbtc
47,2019-09-09 00:27:36,140.7715,etcusdt
49,2019-09-09 00:27:42,10091.6365,ethusdt
47,2019-09-09 00:27:44,53.9372,wtceth
46,2019-09-09 00:27:47,1270.3528,ltcusdt
45,2019-09-09 00:27:48,4446.079,ethbtc
47,2019-09-09 00:27:49,54.601,zrxusdt
49,2019-09-09 00:27:56,892.1612,omgusdt
49,2019-09-09 00:27:57,12.2169,aeeth
47,2019-09-09 00:27:59,24.6876,gntusdt
45,2019-09-09 00:28:01,1.0624,mcoeth
47,2019-09-09 00:28:05,59618.681,btcusdt
45,2019-09-09 00:28:11,3185.2932,ltcbtc
50,2019-09-09 00:28:11,540.8322,ethusdt
48,2019-09-09 00:28:12,3224.0587,etcusdt
46,2019-09-09 00:28:14,1386.9226,ethbtc
48,2019-09-09 00:28:27,53.4057,wtceth
47,2019-09-09 00:28:28,4489.7527,ltcusdt
50,2019-09-09 00:28:28,5.7459,aeeth
48,2019-09-09 00:28:28,20.1308,gntusdt
48,2019-09-09 00:28:32,97.3195,zrxusdt
46,2019-09-09 00:28:33,1.0515,mcoeth
48,2019-09-09 00:28:40,76544.9218,btcusdt
50,2019-09-09 00:28:41,1088.9247,omgusdt
49,2019-09-09 00:28:42,4158.7712,etcusdt
46,2019-09-09 00:28:48,5886.3431,ltcbtc
49,2019-09-09 00:28:55,57.096,wtceth
51,2019-09-09 00:28:55,15849.4915,ethusdt
51,2019-09-09 00:28:57,16.9046,aeeth
48,2019-09-09 00:28:57,5574.5702,ltcusdt
47,2019-09-09 00:28:59,9.3824,ethbtc
49,2019-09-09 00:29:00,24.7165,gntusdt
47,2019-09-09 00:29:00,1.0849,mcoeth
49,2019-09-09 00:29:10,196.5012,zrxusdt
51,2019-09-09 00:29:12,4931.0757,omgusdt
50,2019-09-09 00:29:12,2931.2855,etcusdt
47,2019-09-09 00:29:16,2353.187,ltcbtc
49,2019-09-09 00:29:17,65207.6555,btcusdt
50,2019-09-09 00:29:23,56.2297,wtceth
52,2019-09-09 00:29:23,0.8158,aeeth
48,2019-09-09 00:29:26,0.4622,mcoeth
49,2019-09-09 00:29:31,5893.1357,ltcusdt
52,2019-09-09 00:29:40,16013.6511,ethusdt
48,2019-09-09 00:29:41,10559.5522,ethbtc
50,2019-09-09 00:29:42,3.6364,gntusdt
50,2019-09-09 00:29:44,45087.9401,btcusdt
52,2019-09-09 00:29:46,3701.7627,omgusdt
53,2019-09-09 00:29:48,11.7752,aeeth
51,2019-09-09 00:29:49,3449.4738,etcusdt
50,2019-09-09 00:29:52,50.3341,zrxusdt
50,2019-09-09 00:29:57,2333.8525,ltcusdt
51,2019-09-09 00:29:58,16.5995,wtceth
49,2019-09-09 00:29:59,0.4895,mcoeth
48,2019-09-09 00:30:00,1564.9689,ltcbtc
49,2019-09-09 00:30:10,20883.432,ethbtc
51,2019-09-09 00:30:13,47438.6988,btcusdt
53,2019-09-09 00:30:13,7443.8172,ethusdt
51,2019-09-09 00:30:17,30.8856,zrxusdt
52,2019-09-09 00:30:21,447.7849,etcusdt
53,2019-09-09 00:30:22,573.0199,omgusdt
51,2019-09-09 00:30:25,7.4861,gntusdt
51,2019-09-09 00:30:26,1486.1547,ltcusdt
54,2019-09-09 00:30:26,12.8138,aeeth
50,2019-09-09 00:30:31,0.2409,mcoeth
49,2019-09-09 00:30:32,5937.5758,ltcbtc
52,2019-09-09 00:30:39,20.1208,wtceth
54,2019-09-09 00:30:46,3969.0048,ethusdt
52,2019-09-09 00:30:49,74617.6698,btcusdt
50,2019-09-09 00:30:50,4665.2263,ethbtc
52,2019-09-09 00:30:51,3028.2486,ltcusdt
52,2019-09-09 00:30:55,49.2965,zrxusdt
52,2019-09-09 00:30:58,3.9168,gntusdt
54,2019-09-09 00:30:58,2514.3506,omgusdt
55,2019-09-09 00:31:05,11.8224,aeeth
53,2019-09-09 00:31:05,1005.8844,etcusdt
50,2019-09-09 00:31:07,2722.128,ltcbtc
51,2019-09-09 00:31:11,1.0718,mcoeth
53,2019-09-09 00:31:20,61.6709,wtceth
55,2019-09-09 00:31:23,2010.9383,ethusdt
53,2019-09-09 00:31:25,40084.0602,btcusdt
53,2019-09-09 00:31:25,4561.1773,ltcusdt
51,2019-09-09 00:31:33,7130.233,ethbtc
53,2019-09-09 00:31:35,178.3566,zrxusdt
51,2019-09-09 00:31:37,4209.0112,ltcbtc
53,2019-09-09 00:31:38,33.5778,gntusdt
56,2019-09-09 00:31:41,3.1431,aeeth
55,2019-09-09 00:31:42,3635.6465,omgusdt
54,2019-09-09 00:31:42,3111.1052,etcusdt
54,2019-09-09 00:31:47,38.7028,wtceth
52,2019-09-09 00:31:49,0.5858,mcoeth
54,2019-09-09 00:31:53,3771.5749,btcusdt
54,2019-09-09 00:32:01,163.5425,zrxusdt
52,2019-09-09 00:32:02,160.7973,ltcbtc
56,2019-09-09 00:32:05,9864.9726,ethusdt
54,2019-09-09 00:32:06,4331.4833,ltcusdt
52,2019-09-09 00:32:08,12350.6543,ethbtc
56,2019-09-09 00:32:11,3331.589,omgusdt
57,2019-09-09 00:32:20,0.5912,aeeth
54,2019-09-09 00:32:21,3.2526,gntusdt
53,2019-09-09 00:32:23,0.7052,mcoeth
55,2019-09-09 00:32:24,4791.3122,etcusdt
55,2019-09-09 00:32:32,61.8199,wtceth
57,2019-09-09 00:32:34,16712.104,ethusdt
55,2019-09-09 00:32:35,6415.4967,ltcusdt
53,2019-09-09 00:32:36,1888.021,ethbtc
55,2019-09-09 00:32:38,38098.062,btcusdt
55,2019-09-09 00:32:40,149.8473,zrxusdt
53,2019-09-09 00:32:41,2969.4443,ltcbtc
57,2019-09-09 00:32:42,2221.4037,omgusdt
58,2019-09-09 00:32:48,15.1635,aeeth
54,2019-09-09 00:32:53,0.0211,mcoeth
55,2019-09-09 00:32:58,27.3043,gntusdt
56,2019-09-09 00:33:06,27.6816,wtceth
56,2019-09-09 00:33:09,856.3524,etcusdt
56,2019-09-09 00:33:09,63.6913,zrxusdt
54,2019-09-09 00:33:10,21342.0374,ethbtc
58,2019-09-09 00:33:11,11295.9355,ethusdt
56,2019-09-09 00:33:15,3344.2169,ltcusdt
59,2019-09-09 00:33:19,6.245,aeeth
56,2019-09-09 00:33:19,17942.4824,btcusdt
58,2019-09-09 00:33:21,2483.5112,omgusdt
54,2019-09-09 00:33:25,4401.6109,ltcbtc
57,2019-09-09 00:33:31,32.273,wtceth
55,2019-09-09 00:33:32,0.0461,mcoeth
57,2019-09-09 00:33:39,4226.3272,etcusdt
55,2019-09-09 00:33:40,21715.0748,ethbtc
57,2019-09-09 00:33:43,13.0429,zrxusdt
56,2019-09-09 00:33:43,11.8373,gntusdt
59,2019-09-09 00:33:49,2561.0553,ethusdt
55,2019-09-09 00:33:53,1099.4614,ltcbtc
57,2019-09-09 00:33:55,6652.4005,ltcusdt
57,2019-09-09 00:33:58,39756.117,btcusdt
56,2019-09-09 00:33:59,0.6996,mcoeth
59,2019-09-09 00:33:59,666.5625,omgusdt
60,2019-09-09 00:34:01,10.1712,aeeth
58,2019-09-09 00:34:07,17.1664,wtceth
56,2019-09-09 00:34:13,1926.9739,ethbtc
60,2019-09-09 00:34:14,6210.7994,ethusdt
57,2019-09-09 00:34:17,14.4482,gntusdt
58,2019-09-09 00:34:18,4832.0081,etcusdt
58,2019-09-09 00:34:23,132.5483,zrxusdt
58,2019-09-09 00:34:24,79972.7317,btcusdt
58,2019-09-09 00:34:25,5213.5565,ltcusdt
56,2019-09-09 00:34:31,4334.3203,ltcbtc
57,2019-09-09 00:34:32,0.0078,mcoeth
61,2019-09-09 00:34:38,16.5806,aeeth
60,2019-09-09 00:34:40,1082.1494,omgusdt
57,2019-09-09 00:34:40,13556.2744,ethbtc
59,2019-09-09 00:34:44,2379.6451,etcusdt
59,2019-09-09 00:34:44,4.8744,wtceth
59,2019-09-09 00:34:49,77871.5881,btcusdt
61,2019-09-09 00:34:51,954.0628,ethusdt
58,2019-09-09 00:34:53,25.3629,gntusdt
59,2019-09-09 00:35:03,4481.8807,ltcusdt
57,2019-09-09 00:35:06,1528.009,ltcbtc
58,2019-09-09 00:35:07,0.1632,mcoeth
59,2019-09-09 00:35:08,62.5759,zrxusdt
62,2019-09-09 00:35:09,13.0033,aeeth
60,2019-09-09 00:35:13,2691.8892,etcusdt
61,2019-09-09 00:35:13,450.0874,omgusdt
62,2019-09-09 00:35:18,16492.2443,ethusdt
58,2019-09-09 00:35:18,12182.1979,ethbtc
60,2019-09-09 00:35:22,5288.0826,btcusdt
59,2019-09-09 00:35:24,16.7544,gntusdt
60,2019-09-09 00:35:27,10.8989,wtceth
59,2019-09-09 00:35:36,0.0256,mcoeth
60,2019-09-09 00:35:37,131.3078,zrxusdt
60,2019-09-09 00:35:39,4625.6463,ltcusdt
62,2019-09-09 00:35:43,4881.6373,omgusdt
58,2019-09-09 00:35:45,404.8919,ltcbtc
59,2019-09-09 00:35:47,16488.0781,ethbtc
61,2019-09-09 00:35:47,1032.923,etcusdt
63,2019-09-09 00:35:47,11.7165,aeeth
63,2019-09-09 00:35:56,16409.5775,ethusdt
61,2019-09-09 00:35:56,78581.8798,btcusdt
61,2019-09-09 00:35:57,16.5267,wtceth
60,2019-09-09 00:36:06,18.2441,gntusdt
60,2019-09-09 00:36:10,0.8388,mcoeth
61,2019-09-09 00:36:14,1739.2981,ltcusdt
59,2019-09-09 00:36:16,2487.0393,ltcbtc
63,2019-09-09 00:36:17,1606.0665,omgusdt
60,2019-09-09 00:36:17,158.7319,ethbtc
61,2019-09-09 00:36:18,187.4882,zrxusdt
64,2019-09-09 00:36:20,2.4484,aeeth
62,2019-09-09 00:36:24,45.5385,wtceth
62,2019-09-09 00:36:24,53964.6484,btcusdt
64,2019-09-09 00:36:29,10739.8381,ethusdt
62,2019-09-09 00:36:31,2736.9018,etcusdt
61,2019-09-09 00:36:40,3.6911,gntusdt
62,2019-09-09 00:36:43,4174.7079,ltcusdt
65,2019-09-09 00:36:46,5.1824,aeeth
61,2019-09-09 00:36:46,0.8999,mcoeth
60,2019-09-09 00:36:52,773.8256,ltcbtc
61,2019-09-09 00:36:53,5523.5443,ethbtc
64,2019-09-09 00:36:53,4843.6449,omgusdt
65,2019-09-09 00:36:58,15727.6796,ethusdt
62,2019-09-09 00:36:59,32.5744,zrxusdt
63,2019-09-09 00:37:03,74.0074,wtceth
63,2019-09-09 00:37:04,11661.1793,btcusdt
62,2019-09-09 00:37:07,9.4555,gntusdt
63,2019-09-09 00:37:08,6121.2558,ltcusdt
63,2019-09-09 00:37:11,1528.8917,etcusdt
66,2019-09-09 00:37:17,10.3676,aeeth
62,2019-09-09 00:37:22,0.239,mcoeth
62,2019-09-09 00:37:22,3186.2921,ethbtc
61,2019-09-09 00:37:32,1960.1082,ltcbtc
63,2019-09-09 00:37:35,30.9109,gntusdt
65,2019-09-09 00:37:35,3870.9112,omgusdt
64,2019-09-09 00:37:37,2639.3059,ltcusdt
64,2019-09-09 00:37:42,14024.582,btcusdt
66,2019-09-09 00:37:42,515.4399,ethusdt
64,2019-09-09 00:37:44,29.3265,wtceth
63,2019-09-09 00:37:44,57.8683,zrxusdt
67,2019-09-09 00:37:46,3.4817,aeeth
64,2019-09-09 00:37:48,3474.2135,etcusdt
63,2019-09-09 00:37:51,13363.9967,ethbtc
63,2019-09-09 00:37:51,1.0116,mcoeth
64,2019-09-09 00:38:09,31.8556,gntusdt
67,2019-09-09 00:38:10,10948.9288,ethusdt
65,2019-09-09 00:38:10,72680.7857,btcusdt
66,2019-09-09 00:38:11,3702.3919,omgusdt
64,2019-09-09 00:38:13,164.6392,zrxusdt
65,2019-09-09 00:38:15,5693.3381,ltcusdt
62,2019-09-09 00:38:16,2801.2432,ltcbtc
65,2019-09-09 00:38:16,15.6389,wtceth
65,2019-09-09 00:38:22,4429.7194,etcusdt
64,2019-09-09 00:38:24,0.9431,mcoeth
68,2019-09-09 00:38:28,16.7516,aeeth
64,2019-09-09 00:38:29,16319.3482,ethbtc
66,2019-09-09 00:38:41,6330.2273,ltcusdt
66,2019-09-09 00:38:43,55214.1187,btcusdt
68,2019-09-09 00:38:48,12282.7171,ethusdt
65,2019-09-09 00:38:50,77.895,zrxusdt
65,2019-09-09 00:38:50,18.1587,gntusdt
63,2019-09-09 00:38:52,1845.7812,ltcbtc
67,2019-09-09 00:38:56,3427.7364,omgusdt
66,2019-09-09 00:38:57,387.3139,etcusdt
66,2019-09-09 00:39:01,60.1751,wtceth
69,2019-09-09 00:39:03,6.1669,aeeth
65,2019-09-09 00:39:06,0.1344,mcoeth
65,2019-09-09 00:39:14,18195.9351,ethbtc
69,2019-09-09 00:39:16,11846.1774,ethusdt
67,2019-09-09 00:39:17,32354.4093,btcusdt
66,2019-09-09 00:39:18,23.1921,gntusdt
67,2019-09-09 00:39:19,3210.0598,ltcusdt
64,2019-09-09 00:39:25,563.3541,ltcbtc
66,2019-09-09 00:39:26,116.7615,zrxusdt
68,2019-09-09 00:39:26,765.6544,omgusdt
67,2019-09-09 00:39:26,3963.065,etcusdt
66,2019-09-09 00:39:37,1.1138,mcoeth
70,2019-09-09 00:39:43,0.5171,aeeth
67,2019-09-09 00:39:46,59.3487,wtceth
68,2019-09-09 00:39:47,1220.3505,ltcusdt
66,2019-09-09 00:39:50,12451.651,ethbtc
69,2019-09-09 00:39:53,1967.3467,omgusdt
70,2019-09-09 00:39:53,4918.9301,ethusdt
68,2019-09-09 00:39:57,496.5824,etcusdt
68,2019-09-09 00:39:59,53237.058,btcusdt
67,2019-09-09 00:40:02,4.25,gntusdt
67,2019-09-09 00:40:04,0.8143,mcoeth
65,2019-09-09 00:40:06,1933.9781,ltcbtc
67,2019-09-09 00:40:11,28.5191,zrxusdt
67,2019-09-09 00:40:19,15268.5589,ethbtc
71,2019-09-09 00:40:19,5.9249,aeeth
68,2019-09-09 00:40:21,53.72,wtceth
71,2019-09-09 00:40:21,2067.3673,ethusdt
69,2019-09-09 00:40:24,5123.7359,btcusdt
68,2019-09-09 00:40:30,1.0193,mcoeth
68,2019-09-09 00:40:31,22.6765,gntusdt
69,2019-09-09 00:40:31,3885.6633,ltcusdt
70,2019-09-09 00:40:32,4927.1517,omgusdt
69,2019-09-09 00:40:35,1231.924,etcusdt
68,2019-09-09 00:40:37,130.1485,zrxusdt
66,2019-09-09 00:40:44,4290.6078,ltcbtc
69,2019-09-09 00:40:46,76.5903,wtceth
72,2019-09-09 00:40:49,8725.9655,ethusdt
70,2019-09-09 00:40:51,76002.041,btcusdt
72,2019-09-09 00:40:51,12.4861,aeeth
68,2019-09-09 00:40:59,4067.8829,ethbtc
71,2019-09-09 00:41:01,3164.0647,omgusdt
70,2019-09-09 00:41:01,3088.4431,etcusdt
69,2019-09-09 00:41:02,87.2259,zrxusdt
69,2019-09-09 00:41:07,0.3518,mcoeth
70,2019-09-09 00:41:10,1273.6625,ltcusdt
69,2019-09-09 00:41:11,26.7019,gntusdt
73,2019-09-09 00:41:15,15162.1588,ethusdt
73,2019-09-09 00:41:20,11.194,aeeth
71,2019-09-09 00:41:21,49633.2393,btcusdt
67,2019-09-09 00:41:21,2544.7523,ltcbtc
69,2019-09-09 00:41:25,18614.034,ethbtc
70,2019-09-09 00:41:27,64.5273,zrxusdt
70,2019-09-09 00:41:31,27.3565,wtceth
72,2019-09-09 00:41:40,3592.962,omgusdt
71,2019-09-09 00:41:40,1465.7756,ltcusdt
71,2019-09-09 00:41:46,1540.1845,etcusdt
74,2019-09-09 00:41:47,16626.7641,ethusdt
68,2019-09-09 00:41:47,4207.8226,ltcbtc
70,2019-09-09 00:41:51,0.2091,mcoeth
70,2019-09-09 00:41:52,15.3158,gntusdt
71,2019-09-09 00:41:55,77.9468,zrxusdt
74,2019-09-09 00:41:56,14.829,aeeth
72,2019-09-09 00:41:58,55835.5876,btcusdt
72,2019-09-09 00:42:06,5996.7867,ltcusdt
70,2019-09-09 00:42:09,12418.4053,ethbtc
71,2019-09-09 00:42:11,37.6185,wtceth
69,2019-09-09 00:42:15,5799.5407,ltcbtc
73,2019-09-09 00:42:16,797.2131,omgusdt
75,2019-09-09 00:42:21,1859.2515,ethusdt
72,2019-09-09 00:42:22,106.3426,zrxusdt
72,2019-09-09 00:42:24,120.2183,etcusdt
71,2019-09-09 00:42:29,0.932,mcoeth
71,2019-09-09 00:42:34,4398.2677,ethbtc
75,2019-09-09 00:42:34,12.1832,aeeth
71,2019-09-09 00:42:34,27.9693,gntusdt
73,2019-09-09 00:42:34,326.9498,btcusdt
72,2019-09-09 00:42:46,19.5951,wtceth
76,2019-09-09 00:42:47,14426.5872,ethusdt
73,2019-09-09 00:42:48,3803.3942,ltcusdt
70,2019-09-09 00:42:49,2773.1849,ltcbtc
74,2019-09-09 00:42:49,4808.7075,omgusdt
72,2019-09-09 00:42:55,0.6245,mcoeth
73,2019-09-09 00:42:57,1752.4785,etcusdt
73,2019-09-09 00:43:04,2.0131,zrxusdt
76,2019-09-09 00:43:06,16.7612,aeeth
72,2019-09-09 00:43:09,14.6461,gntusdt
74,2019-09-09 00:43:12,42074.5991,btcusdt
75,2019-09-09 00:43:17,4486.4649,omgusdt
77,2019-09-09 00:43:17,12668.9433,ethusdt
72,2019-09-09 00:43:19,16520.0927,ethbtc
71,2019-09-09 00:43:21,3188.2638,ltcbtc
74,2019-09-09 00:43:23,5525.3703,ltcusdt
73,2019-09-09 00:43:30,49.1403,wtceth
73,2019-09-09 00:43:33,0.4154,mcoeth
74,2019-09-09 00:43:33,8.3128,zrxusdt
74,2019-09-09 00:43:34,2127.4673,etcusdt
77,2019-09-09 00:43:42,16.9813,aeeth
78,2019-09-09 00:43:43,6767.4169,ethusdt
75,2019-09-09 00:43:43,76334.171,btcusdt
73,2019-09-09 00:43:46,19.5941,gntusdt
76,2019-09-09 00:43:49,1005.5592,omgusdt
72,2019-09-09 00:43:50,719.8005,ltcbtc
74,2019-09-09 00:43:56,39.395,wtceth
73,2019-09-09 00:43:57,20526.1314,ethbtc
75,2019-09-09 00:44:03,19.328,zrxusdt
74,2019-09-09 00:44:04,0.3278,mcoeth
75,2019-09-09 00:44:06,4466.5886,ltcusdt
78,2019-09-09 00:44:07,8.3181,aeeth
76,2019-09-09 00:44:12,40561.8437,btcusdt
75,2019-09-09 00:44:17,4082.2288,etcusdt
79,2019-09-09 00:44:23,7799.2278,ethusdt
74,2019-09-09 00:44:24,12.7899,gntusdt
77,2019-09-09 00:44:27,4085.7709,omgusdt
73,2019-09-09 00:44:30,4726.7397,ltcbtc
75,2019-09-09 00:44:34,0.543,mcoeth
77,2019-09-09 00:44:37,79563.0677,btcusdt
75,2019-09-09 00:44:38,16.2374,wtceth
74,2019-09-09 00:44:41,6062.4882,ethbtc
76,2019-09-09 00:44:42,3205.396,ltcusdt
79,2019-09-09 00:44:44,14.7901,aeeth
76,2019-09-09 00:44:45,25.4695,zrxusdt
76,2019-09-09 00:44:47,39.216,etcusdt
80,2019-09-09 00:44:52,3587.4033,ethusdt
78,2019-09-09 00:45:00,1096.6679,omgusdt
75,2019-09-09 00:45:00,9.2191,gntusdt
78,2019-09-09 00:45:05,11926.3035,btcusdt
76,2019-09-09 00:45:10,2.7374,wtceth
74,2019-09-09 00:45:15,2013.7074,ltcbtc
80,2019-09-09 00:45:16,15.9351,aeeth
76,2019-09-09 00:45:18,0.3836,mcoeth
77,2019-09-09 00:45:19,55.9132,zrxusdt
77,2019-09-09 00:45:21,2011.6905,ltcusdt
75,2019-09-09 00:45:22,8388.3171,ethbtc
77,2019-09-09 00:45:23,2743.3418,etcusdt
81,2019-09-09 00:45:33,9341.3674,ethusdt
81,2019-09-09 00:45:42,12.2067,aeeth
76,2019-09-09 00:45:43,33.8518,gntusdt
77,2019-09-09 00:45:43,20.8909,wtceth
79,2019-09-09 00:45:44,19627.0615,btcusdt
79,2019-09-09 00:45:44,1230.3975,omgusdt
75,2019-09-09 00:45:50,5439.5934,ltcbtc
78,2019-09-09 00:45:51,5468.3418,ltcusdt
77,2019-09-09 00:45:51,1.1373,mcoeth
78,2019-09-09 00:45:53,4547.1899,etcusdt
76,2019-09-09 00:45:56,932.6058,ethbtc
78,2019-09-09 00:45:58,5.635,zrxusdt
82,2019-09-09 00:46:01,1690.1746,ethusdt
82,2019-09-09 00:46:12,11.6915,aeeth
76,2019-09-09 00:46:16,2817.485,ltcbtc
78,2019-09-09 00:46:18,0.475,mcoeth
78,2019-09-09 00:46:19,11.3649,wtceth
79,2019-09-09 00:46:19,5647.4314,ltcusdt
77,2019-09-09 00:46:23,21.0339,gntusdt
80,2019-09-09 00:46:24,29693.5366,btcusdt
77,2019-09-09 00:46:27,12285.4119,ethbtc
80,2019-09-09 00:46:27,1684.7481,omgusdt
79,2019-09-09 00:46:32,145.7505,zrxusdt
79,2019-09-09 00:46:38,4807.715,etcusdt
83,2019-09-09 00:46:39,6241.4027,ethusdt
79,2019-09-09 00:46:46,62.3582,wtceth
79,2019-09-09 00:46:47,1.0654,mcoeth
83,2019-09-09 00:46:48,7.1806,aeeth
77,2019-09-09 00:46:51,1409.5095,ltcbtc
81,2019-09-09 00:46:54,3322.5698,omgusdt
81,2019-09-09 00:46:56,27669.1054,btcusdt
80,2019-09-09 00:46:57,2270.7451,ltcusdt
78,2019-09-09 00:46:59,33.1699,gntusdt
78,2019-09-09 00:47:03,14260.7766,ethbtc
80,2019-09-09 00:47:12,0.7265,mcoeth
84,2019-09-09 00:47:12,4862.7055,ethusdt
80,2019-09-09 00:47:13,1634.6676,etcusdt
80,2019-09-09 00:47:15,109.2256,zrxusdt
79,2019-09-09 00:47:24,28.7309,gntusdt
82,2019-09-09 00:47:25,1084.7701,omgusdt
82,2019-09-09 00:47:27,43229.7192,btcusdt
84,2019-09-09 00:47:28,3.9173,aeeth
80,2019-09-09 00:47:29,35.0767,wtceth
81,2019-09-09 00:47:32,5507.1679,ltcusdt
79,2019-09-09 00:47:32,8064.6365,ethbtc
78,2019-09-09 00:47:34,5829.2342,ltcbtc
81,2019-09-09 00:47:42,0.1669,mcoeth
81,2019-09-09 00:47:43,51.1291,zrxusdt
85,2019-09-09 00:47:49,6326.2916,ethusdt
83,2019-09-09 00:47:52,2794.1916,omgusdt
83,2019-09-09 00:47:54,40836.563,btcusdt
80,2019-09-09 00:47:55,2.4499,gntusdt
81,2019-09-09 00:47:58,2517.9253,etcusdt
81,2019-09-09 00:48:00,70.6537,wtceth
79,2019-09-09 00:48:04,109.5632,ltcbtc
85,2019-09-09 00:48:04,3.7186,aeeth
80,2019-09-09 00:48:06,8762.9015,ethbtc
82,2019-09-09 00:48:07,289.5781,ltcusdt
82,2019-09-09 00:48:12,159.1579,zrxusdt
84,2019-09-09 00:48:22,3461.0012,omgusdt
82,2019-09-09 00:48:26,0.1547,mcoeth
86,2019-09-09 00:48:28,2134.0836,ethusdt
81,2019-09-09 00:48:28,18.8687,gntusdt
82,2019-09-09 00:48:29,2075.3855,etcusdt
81,2019-09-09 00:48:32,12151.0378,ethbtc
84,2019-09-09 00:48:33,25952.6543,btcusdt
83,2019-09-09 00:48:39,3.5663,zrxusdt
86,2019-09-09 00:48:39,7.1911,aeeth
82,2019-09-09 00:48:42,48.1395,wtceth
80,2019-09-09 00:48:45,3851.7215,ltcbtc
83,2019-09-09 00:48:52,4449.6843,ltcusdt
85,2019-09-09 00:48:56,1683.1958,omgusdt
87,2019-09-09 00:48:59,10109.5664,ethusdt
83,2019-09-09 00:49:00,0.2574,mcoeth
83,2019-09-09 00:49:01,1889.5881,etcusdt
82,2019-09-09 00:49:04,19.23,gntusdt
84,2019-09-09 00:49:07,183.0299,zrxusdt
87,2019-09-09 00:49:12,3.2173,aeeth
83,2019-09-09 00:49:13,29.4866,wtceth
82,2019-09-09 00:49:14,8946.0663,ethbtc
85,2019-09-09 00:49:14,42111.7447,btcusdt
86,2019-09-09 00:49:23,3263.4898,omgusdt
84,2019-09-09 00:49:24,27.3199,ltcusdt
81,2019-09-09 00:49:25,4554.0521,ltcbtc
84,2019-09-09 00:49:27,4049.4848,etcusdt
84,2019-09-09 00:49:33,0.3543,mcoeth
85,2019-09-09 00:49:39,5.0442,zrxusdt
86,2019-09-09 00:49:40,78011.786,btcusdt
84,2019-09-09 00:49:42,58.3112,wtceth
88,2019-09-09 00:49:43,837.2936,ethusdt
83,2019-09-09 00:49:43,14.8091,gntusdt
83,2019-09-09 00:49:50,10876.3925,ethbtc
88,2019-09-09 00:49:51,3.4674,aeeth
82,2019-09-09 00:50:00,4727.2582,ltcbtc
85,2019-09-09 00:50:00,0.441,mcoeth
85,2019-09-09 00:50:04,3603.2864,etcusdt
85,2019-09-09 00:50:07,3243.1573,ltcusdt
87,2019-09-09 00:50:08,2488.8933,omgusdt
89,2019-09-09 00:50:09,10551.3956,ethusdt
85,2019-09-09 00:50:10,57.2195,wtceth
86,2019-09-09 00:50:16,34.2428,zrxusdt
89,2019-09-09 00:50:17,2.1299,aeeth
87,2019-09-09 00:50:19,50007.6658,btcusdt
84,2019-09-09 00:50:25,12.2671,gntusdt
86,2019-09-09 00:50:26,1.0621,mcoeth
84,2019-09-09 00:50:26,9691.045,ethbtc
88,2019-09-09 00:50:36,1527.7924,omgusdt
86,2019-09-09 00:50:36,2791.2861,etcusdt
86,2019-09-09 00:50:37,1545.9286,ltcusdt
86,2019-09-09 00:50:40,34.2329,wtceth
83,2019-09-09 00:50:43,4088.8705,ltcbtc
90,2019-09-09 00:50:43,12.5255,aeeth
85,2019-09-09 00:50:51,10441.1583,ethbtc
88,2019-09-09 00:50:52,18248.3237,btcusdt
90,2019-09-09 00:50:53,4468.0148,ethusdt
87,2019-09-09 00:50:55,181.6676,zrxusdt
85,2019-09-09 00:51:03,10.7465,gntusdt
89,2019-09-09 00:51:08,3973.2566,omgusdt
87,2019-09-09 00:51:09,0.4901,mcoeth
87,2019-09-09 00:51:11,4508.68,etcusdt
87,2019-09-09 00:51:14,2160.9663,ltcusdt
84,2019-09-09 00:51:17,4727.844,ltcbtc
87,2019-09-09 00:51:18,46.0908,wtceth
89,2019-09-09 00:51:22,23895.8219,btcusdt
91,2019-09-09 00:51:24,4.2347,aeeth
91,2019-09-09 00:51:24,11237.1979,ethusdt
86,2019-09-09 00:51:26,15934.6948,ethbtc
86,2019-09-09 00:51:35,6.153,gntusdt
90,2019-09-09 00:51:35,1598.4057,omgusdt
88,2019-09-09 00:51:36,424.9716,etcusdt
88,2019-09-09 00:51:40,22.2362,zrxusdt
88,2019-09-09 00:51:45,0.149,mcoeth
92,2019-09-09 00:51:49,14.9857,aeeth
90,2019-09-09 00:51:49,72951.8193,btcusdt
88,2019-09-09 00:51:50,10.2602,wtceth
88,2019-09-09 00:51:50,3982.7054,ltcusdt
85,2019-09-09 00:52:02,5006.2843,ltcbtc
87,2019-09-09 00:52:03,1344.5451,ethbtc
92,2019-09-09 00:52:07,5298.5409,ethusdt
91,2019-09-09 00:52:09,3120.9442,omgusdt
89,2019-09-09 00:52:09,3934.7985,etcusdt
89,2019-09-09 00:52:11,101.594,zrxusdt
89,2019-09-09 00:52:12,0.0452,mcoeth
87,2019-09-09 00:52:13,33.5083,gntusdt
89,2019-09-09 00:52:25,62.9758,wtceth
93,2019-09-09 00:52:26,12.3984,aeeth
89,2019-09-09 00:52:33,3101.8182,ltcusdt
91,2019-09-09 00:52:33,28596.3417,btcusdt
86,2019-09-09 00:52:35,5002.2127,ltcbtc
93,2019-09-09 00:52:37,8159.841,ethusdt
90,2019-09-09 00:52:38,1020.3512,etcusdt
88,2019-09-09 00:52:41,1007.2997,ethbtc
90,2019-09-09 00:52:43,0.3453,mcoeth
92,2019-09-09 00:52:44,2420.885,omgusdt
88,2019-09-09 00:52:45,18.8703,gntusdt
90,2019-09-09 00:52:52,22.0366,wtceth
90,2019-09-09 00:52:55,140.9361,zrxusdt
94,2019-09-09 00:52:56,17.1091,aeeth
92,2019-09-09 00:52:58,22164.8294,btcusdt
87,2019-09-09 00:53:04,1519.7507,ltcbtc
90,2019-09-09 00:53:04,4778.5001,ltcusdt
91,2019-09-09 00:53:09,0.5659,mcoeth
94,2019-09-09 00:53:11,16289.7752,ethusdt
89,2019-09-09 00:53:16,5785.4492,ethbtc
89,2019-09-09 00:53:22,23.1753,gntusdt
95,2019-09-09 00:53:23,4.1593,aeeth
91,2019-09-09 00:53:23,2488.6424,etcusdt
93,2019-09-09 00:53:25,4777.1598,omgusdt
91,2019-09-09 00:53:26,17.499,wtceth
91,2019-09-09 00:53:27,37.8826,zrxusdt
93,2019-09-09 00:53:40,35956.9715,btcusdt
92,2019-09-09 00:53:41,0.9282,mcoeth
88,2019-09-09 00:53:46,5644.6006,ltcbtc
91,2019-09-09 00:53:48,1723.7478,ltcusdt
92,2019-09-09 00:53:55,3240.5788,etcusdt
95,2019-09-09 00:53:56,1125.0995,ethusdt
90,2019-09-09 00:53:57,11322.6127,ethbtc
92,2019-09-09 00:54:01,61.9814,zrxusdt
90,2019-09-09 00:54:03,27.8064,gntusdt
94,2019-09-09 00:54:04,1183.1636,omgusdt
96,2019-09-09 00:54:07,10.977,aeeth
93,2019-09-09 00:54:08,0.1239,mcoeth
92,2019-09-09 00:54:11,8.6817,wtceth
92,2019-09-09 00:54:20,5341.7741,ltcusdt
94,2019-09-09 00:54:20,67765.8822,btcusdt
89,2019-09-09 00:54:24,4339.3669,ltcbtc
93,2019-09-09 00:54:36,4365.2663,etcusdt
91,2019-09-09 00:54:36,12914.3952,ethbtc
96,2019-09-09 00:54:36,12509.9746,ethusdt
94,2019-09-09 00:54:37,0.1907,mcoeth
95,2019-09-09 00:54:44,4230.1238,omgusdt
93,2019-09-09 00:54:44,67.7187,zrxusdt
97,2019-09-09 00:54:45,2.1876,aeeth
91,2019-09-09 00:54:46,0.3092,gntusdt
93,2019-09-09 00:54:50,5074.8776,ltcusdt
90,2019-09-09 00:54:51,1489.8606,ltcbtc
93,2019-09-09 00:54:53,67.9816,wtceth
95,2019-09-09 00:55:00,26142.0066,btcusdt
97,2019-09-09 00:55:06,8050.5798,ethusdt
95,2019-09-09 00:55:06,0.2505,mcoeth
94,2019-09-09 00:55:09,4235.0001,etcusdt
94,2019-09-09 00:55:17,58.0003,zrxusdt
91,2019-09-09 00:55:19,4202.0454,ltcbtc
92,2019-09-09 00:55:19,9133.4028,ethbtc
94,2019-09-09 00:55:21,1136.1963,ltcusdt
94,2019-09-09 00:55:21,31.3849,wtceth
98,2019-09-09 00:55:22,10.7062,aeeth
96,2019-09-09 00:55:25,3204.1791,omgusdt
92,2019-09-09 00:55:27,3.3091,gntusdt
96,2019-09-09 00:55:27,63658.8543,btcusdt
96,2019-09-09 00:55:32,0.8765,mcoeth
95,2019-09-09 00:55:37,1446.0808,etcusdt
98,2019-09-09 00:55:39,17250.9466,ethusdt
92,2019-09-09 00:55:46,574.4897,ltcbtc
95,2019-09-09 00:55:52,35.9495,zrxusdt
95,2019-09-09 00:55:54,68.1963,wtceth
97,2019-09-09 00:55:55,21838.5415,btcusdt
93,2019-09-09 00:55:58,15.7389,gntusdt
93,2019-09-09 00:56:00,13337.9271,ethbtc
97,2019-09-09 00:56:00,0.5735,mcoeth
95,2019-09-09 00:56:01,285.1166,ltcusdt
97,2019-09-09 00:56:01,624.636,omgusdt
99,2019-09-09 00:56:03,8.5366,aeeth
96,2019-09-09 00:56:14,4799.9931,etcusdt
99,2019-09-09 00:56:20,8682.6172,ethusdt
94,2019-09-09 00:56:24,29.5319,gntusdt
93,2019-09-09 00:56:27,829.9253,ltcbtc
98,2019-09-09 00:56:28,20491.7321,btcusdt
96,2019-09-09 00:56:31,32.2097,wtceth
96,2019-09-09 00:56:36,197.6361,zrxusdt
94,2019-09-09 00:56:38,3026.6235,ethbtc
98,2019-09-09 00:56:42,0.3359,mcoeth
98,2019-09-09 00:56:43,871.6578,omgusdt
100,2019-09-09 00:56:44,11.6807,aeeth
96,2019-09-09 00:56:44,4557.299,ltcusdt
97,2019-09-09 00:56:53,3811.4669,etcusdt
97,2019-09-09 00:56:56,72.5988,wtceth
95,2019-09-09 00:57:00,20.9551,gntusdt
100,2019-09-09 00:57:05,9815.4849,ethusdt
97,2019-09-09 00:57:05,153.8414,zrxusdt
99,2019-09-09 00:57:11,3562.9085,omgusdt
94,2019-09-09 00:57:12,1827.9409,ltcbtc
99,2019-09-09 00:57:13,73086.0072,btcusdt
101,2019-09-09 00:57:14,2.077,aeeth
97,2019-09-09 00:57:19,4133.0204,ltcusdt
95,2019-09-09 00:57:20,21312.7484,ethbtc
99,2019-09-09 00:57:20,0.0003,mcoeth
98,2019-09-09 00:57:24,61.6476,wtceth
101,2019-09-09 00:57:31,15555.4632,ethusdt
96,2019-09-09 00:57:31,32.5074,gntusdt
98,2019-09-09 00:57:35,454.8321,etcusdt
95,2019-09-09 00:57:37,3548.715,ltcbtc
100,2019-09-09 00:57:40,69795.106,btcusdt
100,2019-09-09 00:57:41,1765.7894,omgusdt
102,2019-09-09 00:57:41,6.4587,aeeth
98,2019-09-09 00:57:45,119.5981,zrxusdt
100,2019-09-09 00:57:50,0.2196,mcoeth
96,2019-09-09 00:57:56,9388.0458,ethbtc
99,2019-09-09 00:57:59,40.2628,wtceth
98,2019-09-09 00:58:02,1504.8499,ltcusdt
97,2019-09-09 00:58:06,29.9415,gntusdt
99,2019-09-09 00:58:08,915.6607,etcusdt
101,2019-09-09 00:58:09,72548.2282,btcusdt
101,2019-09-09 00:58:10,4826.0318,omgusdt
102,2019-09-09 00:58:13,5592.4474,ethusdt
99,2019-09-09 00:58:17,138.8,zrxusdt
103,2019-09-09 00:58:20,0.8045,aeeth
96,2019-09-09 00:58:20,5748.1696,ltcbtc
101,2019-09-09 00:58:33,0.3772,mcoeth
98,2019-09-09 00:58:34,16.2397,gntusdt
102,2019-09-09 00:58:37,1698.6794,omgusdt
102,2019-09-09 00:58:40,30958.7077,btcusdt
100,2019-09-09 00:58:40,39.7781,wtceth
97,2019-09-09 00:58:41,17052.1722,ethbtc
100,2019-09-09 00:58:44,3179.1926,etcusdt
99,2019-09-09 00:58:44,836.2491,ltcusdt
97,2019-09-09 00:58:47,2072.871,ltcbtc
103,2019-09-09 00:58:55,11748.2184,ethusdt
104,2019-09-09 00:59:01,8.0956,aeeth
100,2019-09-09 00:59:02,81.6621,zrxusdt
99,2019-09-09 00:59:02,1.1144,gntusdt
101,2019-09-09 00:59:05,71.3567,wtceth
98,2019-09-09 00:59:11,14840.93,ethbtc
102,2019-09-09 00:59:14,0.119,mcoeth
103,2019-09-09 00:59:15,41252.9968,btcusdt
103,2019-09-09 00:59:15,4194.7884,omgusdt
98,2019-09-09 00:59:18,1199.3904,ltcbtc
104,2019-09-09 00:59:20,11987.7428,ethusdt
100,2019-09-09 00:59:21,391.0923,ltcusdt
101,2019-09-09 00:59:23,1399.7567,etcusdt
100,2019-09-09 00:59:28,19.0472,gntusdt
102,2019-09-09 00:59:41,48.7893,wtceth
99,2019-09-09 00:59:42,12135.8893,ethbtc
101,2019-09-09 00:59:42,45.6798,zrxusdt
105,2019-09-09 00:59:43,10.4286,aeeth
104,2019-09-09 00:59:44,4654.4157,omgusdt
99,2019-09-09 00:59:45,1059.354,ltcbtc
104,2019-09-09 00:59:47,30204.2342,btcusdt
103,2019-09-09 00:59:48,1.0764,mcoeth
101,2019-09-09 01:00:25,6.8228,gntusdt
101,2019-09-09 01:00:25,856.946,ltcusdt
105,2019-09-09 01:00:25,15283.3658,ethusdt
102,2019-09-09 01:00:25,3073.5853,etcusdt
102,2019-09-09 01:00:26,168.3909,zrxusdt
100,2019-09-09 01:00:27,13139.6361,ethbtc
104,2019-09-09 01:00:30,0.7127,mcoeth
105,2019-09-09 01:00:31,1079.29,omgusdt
106,2019-09-09 01:00:33,4.8088,aeeth
103,2019-09-09 01:00:42,76.5044,wtceth
105,2019-09-09 01:00:43,58401.1553,btcusdt
100,2019-09-09 01:00:45,4447.2967,ltcbtc
106,2019-09-09 01:00:50,9521.4327,ethusdt
101,2019-09-09 01:00:56,14581.0575,ethbtc
102,2019-09-09 01:00:58,4539.0036,ltcusdt
106,2019-09-09 01:01:00,1472.8556,omgusdt
105,2019-09-09 01:01:02,0.4718,mcoeth
102,2019-09-09 01:01:03,9.9619,gntusdt
103,2019-09-09 01:01:06,49.5579,zrxusdt
103,2019-09-09 01:01:07,1472.2419,etcusdt
107,2019-09-09 01:01:09,10.4122,aeeth
106,2019-09-09 01:01:13,62644.6905,btcusdt
107,2019-09-09 01:01:24,3663.0839,ethusdt
103,2019-09-09 01:01:25,3532.6921,ltcusdt
104,2019-09-09 01:01:26,69.7529,wtceth
106,2019-09-09 01:01:28,0.6622,mcoeth
101,2019-09-09 01:01:29,747.0089,ltcbtc
107,2019-09-09 01:01:31,3299.8426,omgusdt
102,2019-09-09 01:01:32,2241.4139,ethbtc
108,2019-09-09 01:01:45,0.543,aeeth
104,2019-09-09 01:01:47,2616.7104,etcusdt
103,2019-09-09 01:01:47,23.1841,gntusdt
104,2019-09-09 01:01:50,3701.4037,ltcusdt
104,2019-09-09 01:01:51,48.1071,zrxusdt
107,2019-09-09 01:01:55,56803.9536,btcusdt
107,2019-09-09 01:01:57,1.4088,mcoeth
105,2019-09-09 01:02:00,76.9959,wtceth
108,2019-09-09 01:02:01,7779.3889,ethusdt
108,2019-09-09 01:02:01,250.2497,omgusdt
102,2019-09-09 01:02:02,518.769,ltcbtc
103,2019-09-09 01:02:08,9852.9154,ethbtc
105,2019-09-09 01:02:21,81.1365,zrxusdt
108,2019-09-09 01:02:22,22146.0638,btcusdt
106,2019-09-09 01:02:25,56.9549,wtceth
109,2019-09-09 01:02:26,2.0721,aeeth
108,2019-09-09 01:02:28,1.0143,mcoeth
105,2019-09-09 01:02:28,2072.1762,etcusdt
103,2019-09-09 01:02:30,4848.378,ltcbtc
104,2019-09-09 01:02:32,11.9341,gntusdt
105,2019-09-09 01:02:35,5498.7517,ltcusdt
109,2019-09-09 01:02:36,5088.017,omgusdt
104,2019-09-09 01:02:44,7681.0661,ethbtc
109,2019-09-09 01:02:44,1992.0391,ethusdt
109,2019-09-09 01:02:50,61158.3772,btcusdt
107,2019-09-09 01:02:52,7.0218,wtceth
105,2019-09-09 01:02:57,36.7932,gntusdt
106,2019-09-09 01:02:58,101.3906,zrxusdt
104,2019-09-09 01:03:04,4458.9793,ltcbtc
110,2019-09-09 01:03:06,3090.3903,omgusdt
109,2019-09-09 01:03:09,0.0066,mcoeth
110,2019-09-09 01:03:09,9.5293,aeeth
106,2019-09-09 01:03:13,3042.0959,etcusdt
106,2019-09-09 01:03:15,3005.2741,ltcusdt
105,2019-09-09 01:03:20,7748.4483,ethbtc
107,2019-09-09 01:03:25,37.0309,zrxusdt
110,2019-09-09 01:03:28,12135.1014,ethusdt
110,2019-09-09 01:03:33,6640.7708,btcusdt
110,2019-09-09 01:03:34,0.9624,mcoeth
108,2019-09-09 01:03:34,16.1247,wtceth
106,2019-09-09 01:03:40,8.488,gntusdt
111,2019-09-09 01:03:42,7.6909,aeeth
107,2019-09-09 01:03:43,1187.2169,etcusdt
105,2019-09-09 01:03:43,5071.565,ltcbtc
111,2019-09-09 01:03:49,3330.4604,omgusdt
107,2019-09-09 01:03:53,4606.2029,ltcusdt
111,2019-09-09 01:03:58,6653.4902,ethusdt
111,2019-09-09 01:04:05,11957.0775,btcusdt
106,2019-09-09 01:04:05,1670.2293,ethbtc
108,2019-09-09 01:04:05,40.4449,zrxusdt
109,2019-09-09 01:04:07,37.0021,wtceth
107,2019-09-09 01:04:08,3.4967,gntusdt
111,2019-09-09 01:04:13,1.0151,mcoeth
108,2019-09-09 01:04:19,2704.9337,etcusdt
106,2019-09-09 01:04:20,4603.5279,ltcbtc
112,2019-09-09 01:04:22,3.0021,aeeth
108,2019-09-09 01:04:26,2922.7178,ltcusdt
109,2019-09-09 01:04:31,202.1758,zrxusdt
107,2019-09-09 01:04:32,9393.2352,ethbtc
112,2019-09-09 01:04:33,3913.3867,omgusdt
110,2019-09-09 01:04:34,17.1849,wtceth
112,2019-09-09 01:04:35,54241.8249,btcusdt
112,2019-09-09 01:04:39,1049.8133,ethusdt
108,2019-09-09 01:04:46,14.5951,gntusdt
113,2019-09-09 01:04:51,10.4712,aeeth
107,2019-09-09 01:04:53,499.7422,ltcbtc
112,2019-09-09 01:04:54,0.0458,mcoeth
109,2019-09-09 01:05:04,1707.1197,etcusdt
109,2019-09-09 01:05:06,4156.7253,ltcusdt
113,2019-09-09 01:05:07,2888.476,omgusdt
110,2019-09-09 01:05:08,100.4634,zrxusdt
111,2019-09-09 01:05:11,1.0164,wtceth
109,2019-09-09 01:05:12,24.7979,gntusdt
113,2019-09-09 01:05:12,65029.6983,btcusdt
108,2019-09-09 01:05:15,2933.5913,ethbtc
113,2019-09-09 01:05:24,6087.6065,ethusdt
108,2019-09-09 01:05:25,2654.3277,ltcbtc
113,2019-09-09 01:05:31,0.7016,mcoeth
114,2019-09-09 01:05:32,9.1969,aeeth
114,2019-09-09 01:05:35,105.8306,omgusdt
111,2019-09-09 01:05:36,12.9083,zrxusdt
112,2019-09-09 01:05:38,0.6311,wtceth
110,2019-09-09 01:05:45,21.9778,gntusdt
110,2019-09-09 01:05:45,1503.0892,etcusdt
114,2019-09-09 01:05:49,22803.302,btcusdt
110,2019-09-09 01:05:50,2362.9308,ltcusdt
109,2019-09-09 01:05:54,6086.2678,ethbtc
115,2019-09-09 01:05:58,12.7336,aeeth
114,2019-09-09 01:06:02,12687.054,ethusdt
114,2019-09-09 01:06:07,0.9275,mcoeth
109,2019-09-09 01:06:07,911.56,ltcbtc
113,2019-09-09 01:06:08,57.1257,wtceth
112,2019-09-09 01:06:11,92.1663,zrxusdt
111,2019-09-09 01:06:11,28.3014,gntusdt
111,2019-09-09 01:06:15,3950.0503,ltcusdt
115,2019-09-09 01:06:16,1108.7327,omgusdt
111,2019-09-09 01:06:19,1673.8009,etcusdt
110,2019-09-09 01:06:21,14127.9988,ethbtc
116,2019-09-09 01:06:26,3.2954,aeeth
115,2019-09-09 01:06:32,32141.1776,btcusdt
115,2019-09-09 01:06:33,0.6074,mcoeth
114,2019-09-09 01:06:41,1.8673,wtceth
115,2019-09-09 01:06:43,8098.4189,ethusdt
112,2019-09-09 01:06:43,25.4035,gntusdt
110,2019-09-09 01:06:52,765.53,ltcbtc
112,2019-09-09 01:06:52,4415.3254,ltcusdt
116,2019-09-09 01:06:53,2561.0881,omgusdt
112,2019-09-09 01:06:55,2195.8642,etcusdt
111,2019-09-09 01:06:56,5323.4024,ethbtc
113,2019-09-09 01:06:56,142.3786,zrxusdt
115,2019-09-09 01:07:07,68.6114,wtceth
116,2019-09-09 01:07:08,50806.1011,btcusdt
117,2019-09-09 01:07:09,13.658,aeeth
113,2019-09-09 01:07:09,8.3175,gntusdt
116,2019-09-09 01:07:18,0.063,mcoeth
116,2019-09-09 01:07:21,2174.464,ethusdt
113,2019-09-09 01:07:22,5707.9294,ltcusdt
112,2019-09-09 01:07:26,5409.0174,ethbtc
113,2019-09-09 01:07:28,184.8127,etcusdt
117,2019-09-09 01:07:30,2732.9467,omgusdt
114,2019-09-09 01:07:31,162.6895,zrxusdt
116,2019-09-09 01:07:32,40.1062,wtceth
111,2019-09-09 01:07:34,4138.8309,ltcbtc
117,2019-09-09 01:07:36,744.0078,btcusdt
118,2019-09-09 01:07:40,3.3652,aeeth
117,2019-09-09 01:07:46,1.4587,mcoeth
114,2019-09-09 01:07:47,1.3337,gntusdt
117,2019-09-09 01:07:49,13807.1966,ethusdt
113,2019-09-09 01:07:55,1930.9071,ethbtc
118,2019-09-09 01:07:56,2954.3274,omgusdt
114,2019-09-09 01:07:56,1090.7891,ltcusdt
117,2019-09-09 01:07:57,58.2775,wtceth
112,2019-09-09 01:07:59,557.9336,ltcbtc
114,2019-09-09 01:08:06,150.9106,etcusdt
119,2019-09-09 01:08:08,0.557,aeeth
115,2019-09-09 01:08:12,180.5491,zrxusdt
118,2019-09-09 01:08:18,22919.5171,btcusdt
119,2019-09-09 01:08:23,3592.0123,omgusdt
115,2019-09-09 01:08:25,5551.8338,ltcusdt
115,2019-09-09 01:08:26,0.4421,gntusdt
113,2019-09-09 01:08:27,2178.2362,ltcbtc
118,2019-09-09 01:08:30,1.1256,mcoeth
118,2019-09-09 01:08:31,366.3749,ethusdt
114,2019-09-09 01:08:39,2635.4419,ethbtc
118,2019-09-09 01:08:40,55.0021,wtceth
115,2019-09-09 01:08:42,1259.4399,etcusdt
120,2019-09-09 01:08:45,7.1292,aeeth
119,2019-09-09 01:08:50,13157.5691,btcusdt
116,2019-09-09 01:08:52,2077.2935,ltcusdt
114,2019-09-09 01:08:54,3575.7132,ltcbtc
116,2019-09-09 01:08:57,38.6278,zrxusdt
120,2019-09-09 01:09:06,396.877,omgusdt
115,2019-09-09 01:09:07,8902.7098,ethbtc
119,2019-09-09 01:09:08,0.217,mcoeth
116,2019-09-09 01:09:10,26.788,gntusdt
119,2019-09-09 01:09:10,3376.5955,ethusdt
116,2019-09-09 01:09:12,3811.6745,etcusdt
119,2019-09-09 01:09:17,70.646,wtceth
115,2019-09-09 01:09:26,4435.3306,ltcbtc
117,2019-09-09 01:09:29,148.5433,zrxusdt
121,2019-09-09 01:09:30,4.8366,aeeth
120,2019-09-09 01:09:30,52420.8611,btcusdt
120,2019-09-09 01:09:35,18397.3461,ethusdt
116,2019-09-09 01:09:36,14219.4045,ethbtc
117,2019-09-09 01:09:37,3916.1924,ltcusdt
121,2019-09-09 01:09:39,3027.291,omgusdt
117,2019-09-09 01:09:40,13.68,gntusdt
117,2019-09-09 01:09:43,3420.9821,etcusdt
120,2019-09-09 01:09:47,0.9543,mcoeth
118,2019-09-09 01:10:00,156.4217,zrxusdt
120,2019-09-09 01:10:01,80.8859,wtceth
117,2019-09-09 01:10:06,13997.0191,ethbtc
116,2019-09-09 01:10:07,1594.7696,ltcbtc
122,2019-09-09 01:10:08,1.303,aeeth
122,2019-09-09 01:10:08,1068.5519,omgusdt
121,2019-09-09 01:10:09,43617.5503,btcusdt
118,2019-09-09 01:10:12,177.1152,etcusdt
121,2019-09-09 01:10:13,18518.632,ethusdt
121,2019-09-09 01:10:17,0.24,mcoeth
118,2019-09-09 01:10:20,5865.8211,ltcusdt
118,2019-09-09 01:10:25,28.5374,gntusdt
122,2019-09-09 01:10:38,64765.6715,btcusdt
121,2019-09-09 01:10:40,44.2826,wtceth
119,2019-09-09 01:10:42,200.6637,zrxusdt
122,2019-09-09 01:10:43,12622.6874,ethusdt
119,2019-09-09 01:10:47,2508.5018,ltcusdt
123,2019-09-09 01:10:50,2.7405,aeeth
118,2019-09-09 01:10:51,10336.9059,ethbtc
117,2019-09-09 01:10:51,4174.9762,ltcbtc
123,2019-09-09 01:10:51,4588.384,omgusdt
119,2019-09-09 01:10:51,23.5272,gntusdt
119,2019-09-09 01:10:52,419.4744,etcusdt
122,2019-09-09 01:11:01,1.4287,mcoeth
123,2019-09-09 01:11:05,9481.1276,btcusdt
120,2019-09-09 01:11:13,191.7522,zrxusdt
123,2019-09-09 01:11:15,8991.7226,ethusdt
122,2019-09-09 01:11:15,0.2142,wtceth
119,2019-09-09 01:11:17,1498.0399,ethbtc
124,2019-09-09 01:11:17,4906.3779,omgusdt
124,2019-09-09 01:11:22,3.5146,aeeth
118,2019-09-09 01:11:24,54.2887,ltcbtc
123,2019-09-09 01:11:29,0.1234,mcoeth
120,2019-09-09 01:11:29,30.6179,gntusdt
120,2019-09-09 01:11:30,4510.7387,ltcusdt
120,2019-09-09 01:11:37,2100.6029,etcusdt
124,2019-09-09 01:11:40,14517.8401,btcusdt
120,2019-09-09 01:11:42,7362.8009,ethbtc
123,2019-09-09 01:11:46,27.9688,wtceth
121,2019-09-09 01:11:48,130.6936,zrxusdt
125,2019-09-09 01:11:51,1.2985,aeeth
124,2019-09-09 01:11:56,17878.0536,ethusdt
121,2019-09-09 01:11:56,23.043,gntusdt
124,2019-09-09 01:12:01,0.448,mcoeth
125,2019-09-09 01:12:01,73.0464,omgusdt
119,2019-09-09 01:12:04,3471.4259,ltcbtc
121,2019-09-09 01:12:11,4117.8679,etcusdt
125,2019-09-09 01:12:12,25526.7204,btcusdt
121,2019-09-09 01:12:15,1635.9396,ltcusdt
122,2019-09-09 01:12:16,113.0159,zrxusdt
121,2019-09-09 01:12:18,15896.3835,ethbtc
124,2019-09-09 01:12:26,58.9049,wtceth
125,2019-09-09 01:12:27,15320.2552,ethusdt
126,2019-09-09 01:12:29,6.6253,aeeth
125,2019-09-09 01:12:35,0.069,mcoeth
122,2019-09-09 01:12:36,28.0188,gntusdt
126,2019-09-09 01:12:37,587.4773,omgusdt
120,2019-09-09 01:12:40,3987.4553,ltcbtc
126,2019-09-09 01:12:50,26007.9607,btcusdt
122,2019-09-09 01:12:53,4342.5202,etcusdt
122,2019-09-09 01:12:54,9939.9694,ethbtc
122,2019-09-09 01:12:55,851.5892,ltcusdt
126,2019-09-09 01:13:00,0.6654,mcoeth
123,2019-09-09 01:13:00,67.3841,zrxusdt
126,2019-09-09 01:13:00,14567.6993,ethusdt
127,2019-09-09 01:13:02,4434.3332,omgusdt
127,2019-09-09 01:13:04,1.2811,aeeth
121,2019-09-09 01:13:07,3410.3922,ltcbtc
125,2019-09-09 01:13:09,63.3275,wtceth
123,2019-09-09 01:13:14,2.4613,gntusdt
123,2019-09-09 01:13:19,10911.7765,ethbtc
123,2019-09-09 01:13:24,1099.6481,etcusdt
127,2019-09-09 01:13:26,31960.613,btcusdt
128,2019-09-09 01:13:27,2278.7541,omgusdt
123,2019-09-09 01:13:28,2407.663,ltcusdt
127,2019-09-09 01:13:29,15736.9096,ethusdt
128,2019-09-09 01:13:34,1.7767,aeeth
124,2019-09-09 01:13:37,88.9853,zrxusdt
124,2019-09-09 01:13:41,12.8524,gntusdt
127,2019-09-09 01:13:42,1.0821,mcoeth
126,2019-09-09 01:13:49,62.889,wtceth
122,2019-09-09 01:13:52,3487.3006,ltcbtc
128,2019-09-09 01:13:54,49486.5571,btcusdt
124,2019-09-09 01:13:54,10982.7043,ethbtc
129,2019-09-09 01:13:55,4960.2927,omgusdt
124,2019-09-09 01:13:59,1769.9033,ltcusdt
124,2019-09-09 01:14:03,1805.9772,etcusdt
128,2019-09-09 01:14:04,10612.019,ethusdt
129,2019-09-09 01:14:04,1.9206,aeeth
125,2019-09-09 01:14:08,15.6164,gntusdt
125,2019-09-09 01:14:09,131.0891,zrxusdt
128,2019-09-09 01:14:20,0.542,mcoeth
127,2019-09-09 01:14:21,60.4245,wtceth
125,2019-09-09 01:14:25,1193.8447,ltcusdt
129,2019-09-09 01:14:26,16158.4711,btcusdt
125,2019-09-09 01:14:30,6334.7416,ethbtc
126,2019-09-09 01:14:34,19.3285,gntusdt
126,2019-09-09 01:14:34,134.7009,zrxusdt
123,2019-09-09 01:14:35,3616.3959,ltcbtc
130,2019-09-09 01:14:35,4538.8166,omgusdt
130,2019-09-09 01:14:41,2.9097,aeeth
129,2019-09-09 01:14:42,16136.5483,ethusdt
125,2019-09-09 01:14:45,742.3164,etcusdt
129,2019-09-09 01:14:51,0.3026,mcoeth
126,2019-09-09 01:14:55,2764.4202,ltcusdt
130,2019-09-09 01:14:57,9955.4134,btcusdt
126,2019-09-09 01:15:04,10949.9781,ethbtc
128,2019-09-09 01:15:05,60.1949,wtceth
130,2019-09-09 01:15:08,19040.4274,ethusdt
127,2019-09-09 01:15:08,12.8213,gntusdt
131,2019-09-09 01:15:08,2157.1223,omgusdt
126,2019-09-09 01:15:13,1244.4837,etcusdt
127,2019-09-09 01:15:13,9.6565,zrxusdt
124,2019-09-09 01:15:18,4413.8773,ltcbtc
131,2019-09-09 01:15:21,5.6671,aeeth
127,2019-09-09 01:15:25,4023.5057,ltcusdt
130,2019-09-09 01:15:25,0.844,mcoeth
131,2019-09-09 01:15:33,13826.2857,btcusdt
131,2019-09-09 01:15:37,16609.4002,ethusdt
127,2019-09-09 01:15:43,9775.9735,ethbtc
128,2019-09-09 01:15:46,30.6745,gntusdt
128,2019-09-09 01:15:47,75.6262,zrxusdt
129,2019-09-09 01:15:49,73.3433,wtceth
132,2019-09-09 01:15:49,1620.875,omgusdt
132,2019-09-09 01:15:52,6.5094,aeeth
127,2019-09-09 01:15:52,2211.5927,etcusdt
131,2019-09-09 01:15:57,0.6547,mcoeth
125,2019-09-09 01:16:02,1363.0373,ltcbtc
128,2019-09-09 01:16:10,1805.1955,ltcusdt
129,2019-09-09 01:16:12,41.7024,zrxusdt
132,2019-09-09 01:16:16,25978.0913,btcusdt
132,2019-09-09 01:16:17,4529.4098,ethusdt
133,2019-09-09 01:16:18,2.8123,aeeth
130,2019-09-09 01:16:20,47.6323,wtceth
129,2019-09-09 01:16:22,34.0085,gntusdt
128,2019-09-09 01:16:26,8737.658,ethbtc
132,2019-09-09 01:16:26,1.2576,mcoeth
128,2019-09-09 01:16:27,3419.2461,etcusdt
133,2019-09-09 01:16:30,1193.2624,omgusdt
126,2019-09-09 01:16:43,2729.9813,ltcbtc
129,2019-09-09 01:16:44,2706.1286,ltcusdt
134,2019-09-09 01:16:47,10.3371,aeeth
131,2019-09-09 01:16:48,5.4614,wtceth
133,2019-09-09 01:16:49,43628.8672,btcusdt
130,2019-09-09 01:16:52,25.9851,gntusdt
133,2019-09-09 01:16:52,12417.8751,ethusdt
129,2019-09-09 01:16:54,4146.5941,ethbtc
130,2019-09-09 01:16:55,73.81,zrxusdt
129,2019-09-09 01:16:57,919.7143,etcusdt
134,2019-09-09 01:17:00,5221.6032,omgusdt
133,2019-09-09 01:17:03,1.4041,mcoeth
135,2019-09-09 01:17:20,9.5052,aeeth
127,2019-09-09 01:17:23,2364.7406,ltcbtc
130,2019-09-09 01:17:24,4745.1409,ethbtc
134,2019-09-09 01:17:24,33194.5883,btcusdt
134,2019-09-09 01:17:24,10279.9691,ethusdt
130,2019-09-09 01:17:27,4564.44,ltcusdt
132,2019-09-09 01:17:27,55.0852,wtceth
131,2019-09-09 01:17:28,13.7165,gntusdt
131,2019-09-09 01:17:28,165.3191,zrxusdt
130,2019-09-09 01:17:29,923.338,etcusdt
134,2019-09-09 01:17:44,0.6641,mcoeth
135,2019-09-09 01:17:44,347.6704,omgusdt
128,2019-09-09 01:17:49,3413.9926,ltcbtc
132,2019-09-09 01:17:54,14.6315,gntusdt
135,2019-09-09 01:17:57,29344.7409,btcusdt
136,2019-09-09 01:18:02,0.6349,aeeth
131,2019-09-09 01:18:03,2857.3647,ltcusdt
131,2019-09-09 01:18:06,1984.0294,etcusdt
131,2019-09-09 01:18:06,11789.7277,ethbtc
133,2019-09-09 01:18:07,43.8029,wtceth
135,2019-09-09 01:18:08,811.1111,ethusdt
132,2019-09-09 01:18:12,101.0816,zrxusdt
135,2019-09-09 01:18:19,1.3341,mcoeth
129,2019-09-09 01:18:20,5201.4947,ltcbtc
136,2019-09-09 01:18:24,52848.3203,btcusdt
136,2019-09-09 01:18:27,3681.7356,omgusdt
133,2019-09-09 01:18:32,33.0239,gntusdt
132,2019-09-09 01:18:34,5874.9467,ltcusdt
132,2019-09-09 01:18:35,38.183,etcusdt
137,2019-09-09 01:18:40,0.0173,aeeth
132,2019-09-09 01:18:43,1544.56,ethbtc
136,2019-09-09 01:18:45,4776.8665,ethusdt
136,2019-09-09 01:18:45,1.2467,mcoeth
134,2019-09-09 01:18:48,36.0811,wtceth
133,2019-09-09 01:18:50,97.7716,zrxusdt
137,2019-09-09 01:18:55,1226.3877,omgusdt
133,2019-09-09 01:19:01,4244.366,ltcusdt
130,2019-09-09 01:19:01,4219.0556,ltcbtc
137,2019-09-09 01:19:06,57055.9202,btcusdt
134,2019-09-09 01:19:12,18.4098,gntusdt
133,2019-09-09 01:19:16,3786.8841,etcusdt
137,2019-09-09 01:19:18,10822.2673,ethusdt
133,2019-09-09 01:19:21,6101.1247,ethbtc
138,2019-09-09 01:19:22,10.9288,aeeth
137,2019-09-09 01:19:23,0.4563,mcoeth
135,2019-09-09 01:19:25,21.8074,wtceth
134,2019-09-09 01:19:31,38.5124,zrxusdt
134,2019-09-09 01:19:31,392.9087,ltcusdt
138,2019-09-09 01:19:38,262.0869,omgusdt
131,2019-09-09 01:19:41,31.0742,ltcbtc
135,2019-09-09 01:19:43,40.2344,gntusdt
134,2019-09-09 01:19:48,8673.1401,ethbtc
138,2019-09-09 01:19:49,15552.292,btcusdt
138,2019-09-09 01:19:53,0.0457,mcoeth
134,2019-09-09 01:19:55,305.0114,etcusdt
139,2019-09-09 01:19:59,13.3489,aeeth
138,2019-09-09 01:19:59,3627.4344,ethusdt
135,2019-09-09 01:20:00,120.5817,zrxusdt
136,2019-09-09 01:20:06,24.3681,wtceth
139,2019-09-09 01:20:06,640.7554,omgusdt
136,2019-09-09 01:20:10,15.6002,gntusdt
135,2019-09-09 01:20:15,2445.9824,ltcusdt
139,2019-09-09 01:20:21,44375.947,btcusdt
139,2019-09-09 01:20:22,0.3423,mcoeth
132,2019-09-09 01:20:25,487.2741,ltcbtc
140,2019-09-09 01:20:26,5.9922,aeeth
135,2019-09-09 01:20:28,2778.8333,etcusdt
135,2019-09-09 01:20:29,10639.0473,ethbtc
139,2019-09-09 01:20:44,10696.1673,ethusdt
136,2019-09-09 01:20:44,122.5543,zrxusdt
137,2019-09-09 01:20:46,29.2659,gntusdt
140,2019-09-09 01:20:48,2406.0747,omgusdt
136,2019-09-09 01:20:48,766.1016,ltcusdt
137,2019-09-09 01:20:51,10.3287,wtceth
140,2019-09-09 01:20:53,1.1036,mcoeth
140,2019-09-09 01:20:53,67536.8317,btcusdt
136,2019-09-09 01:20:55,14054.1594,ethbtc
141,2019-09-09 01:20:58,9.7778,aeeth
133,2019-09-09 01:21:03,151.5388,ltcbtc
140,2019-09-09 01:21:09,10457.5782,ethusdt
137,2019-09-09 01:21:10,200.2632,zrxusdt
138,2019-09-09 01:21:11,38.101,gntusdt
136,2019-09-09 01:21:11,4003.2739,etcusdt
141,2019-09-09 01:21:17,2242.9038,omgusdt
138,2019-09-09 01:21:20,54.0388,wtceth
137,2019-09-09 01:21:25,374.9085,ltcusdt
142,2019-09-09 01:21:29,9.1863,aeeth
137,2019-09-09 01:21:30,6140.1117,ethbtc
141,2019-09-09 01:21:31,0.2689,mcoeth
141,2019-09-09 01:21:33,27942.9113,btcusdt
134,2019-09-09 01:21:38,4012.1557,ltcbtc
138,2019-09-09 01:21:46,119.9115,zrxusdt
137,2019-09-09 01:21:49,1138.3112,etcusdt
138,2019-09-09 01:21:52,5471.3354,ltcusdt
139,2019-09-09 01:21:52,33.471,gntusdt
141,2019-09-09 01:21:54,2210.6779,ethusdt
139,2019-09-09 01:21:55,73.344,wtceth
142,2019-09-09 01:21:56,0.733,mcoeth
142,2019-09-09 01:21:59,677.2103,omgusdt
138,2019-09-09 01:22:00,9095.8094,ethbtc
143,2019-09-09 01:22:07,5.4057,aeeth
139,2019-09-09 01:22:14,85.2151,zrxusdt
135,2019-09-09 01:22:14,4233.5725,ltcbtc
142,2019-09-09 01:22:15,28242.2682,btcusdt
142,2019-09-09 01:22:23,10326.1456,ethusdt
143,2019-09-09 01:22:23,0.8479,mcoeth
139,2019-09-09 01:22:23,943.9185,ltcusdt
140,2019-09-09 01:22:24,25.7697,wtceth
139,2019-09-09 01:22:25,848.0754,ethbtc
138,2019-09-09 01:22:27,2405.9717,etcusdt
140,2019-09-09 01:22:36,1.5251,gntusdt
143,2019-09-09 01:22:41,1414.5412,omgusdt
136,2019-09-09 01:22:45,2884.2851,ltcbtc
144,2019-09-09 01:22:45,13.6091,aeeth
140,2019-09-09 01:22:50,2670.7601,ethbtc
143,2019-09-09 01:22:52,38805.229,btcusdt
143,2019-09-09 01:22:52,9684.4369,ethusdt
140,2019-09-09 01:22:53,139.2593,zrxusdt
144,2019-09-09 01:22:53,0.8216,mcoeth
141,2019-09-09 01:22:58,47.3129,wtceth
140,2019-09-09 01:23:06,5241.2774,ltcusdt
137,2019-09-09 01:23:10,4896.1301,ltcbtc
139,2019-09-09 01:23:11,4012.4687,etcusdt
141,2019-09-09 01:23:16,2.879,gntusdt
141,2019-09-09 01:23:18,5430.7902,ethbtc
145,2019-09-09 01:23:21,9.1948,aeeth
144,2019-09-09 01:23:24,4573.0528,omgusdt
145,2019-09-09 01:23:24,1.0572,mcoeth
142,2019-09-09 01:23:27,55.1951,wtceth
141,2019-09-09 01:23:28,110.4642,zrxusdt
144,2019-09-09 01:23:33,12297.7144,ethusdt
141,2019-09-09 01:23:36,1812.0035,ltcusdt
144,2019-09-09 01:23:37,72668.6772,btcusdt
140,2019-09-09 01:23:42,409.8362,etcusdt
142,2019-09-09 01:23:43,23.2289,gntusdt
138,2019-09-09 01:23:48,4700.591,ltcbtc
146,2019-09-09 01:23:50,1.4801,aeeth
145,2019-09-09 01:23:57,4750.7154,omgusdt
142,2019-09-09 01:23:59,8043.0068,ethbtc
143,2019-09-09 01:24:02,66.0389,wtceth
146,2019-09-09 01:24:03,1.2863,mcoeth
143,2019-09-09 01:24:08,33.9643,gntusdt
145,2019-09-09 01:24:09,1674.9038,ethusdt
142,2019-09-09 01:24:10,4712.391,ltcusdt
142,2019-09-09 01:24:13,143.5091,zrxusdt
145,2019-09-09 01:24:18,30713.6343,btcusdt
147,2019-09-09 01:24:20,3.9239,aeeth
141,2019-09-09 01:24:26,2648.9444,etcusdt
144,2019-09-09 01:24:28,62.0155,wtceth
139,2019-09-09 01:24:30,1578.8643,ltcbtc
146,2019-09-09 01:24:31,2976.7702,omgusdt
147,2019-09-09 01:24:40,1.1745,mcoeth
143,2019-09-09 01:24:41,8925.6532,ethbtc
144,2019-09-09 01:24:44,9.7368,gntusdt
143,2019-09-09 01:24:48,5667.6707,ltcusdt
143,2019-09-09 01:24:49,173.3756,zrxusdt
146,2019-09-09 01:24:50,3094.6642,ethusdt
146,2019-09-09 01:24:53,45019.1375,btcusdt
142,2019-09-09 01:24:54,1012.0688,etcusdt
148,2019-09-09 01:24:55,1.7494,aeeth
140,2019-09-09 01:24:55,1550.8132,ltcbtc
145,2019-09-09 01:25:04,41.8527,wtceth
147,2019-09-09 01:25:07,362.9803,omgusdt
145,2019-09-09 01:25:13,21.9741,gntusdt
144,2019-09-09 01:25:21,1588.2621,ethbtc
144,2019-09-09 01:25:23,5693.9137,ltcusdt
147,2019-09-09 01:25:24,43322.3041,btcusdt
148,2019-09-09 01:25:24,0.3903,mcoeth
144,2019-09-09 01:25:26,19.801,zrxusdt
141,2019-09-09 01:25:31,3878.5354,ltcbtc
147,2019-09-09 01:25:32,6882.6398,ethusdt
143,2019-09-09 01:25:34,3950.7473,etcusdt
148,2019-09-09 01:25:35,236.5743,omgusdt
149,2019-09-09 01:25:37,5.3479,aeeth
146,2019-09-09 01:25:41,46.329,wtceth
146,2019-09-09 01:25:49,29.0232,gntusdt
145,2019-09-09 01:25:52,9922.4712,ethbtc
148,2019-09-09 01:25:53,52655.2885,btcusdt
149,2019-09-09 01:25:59,1.3714,mcoeth
142,2019-09-09 01:26:01,4425.5997,ltcbtc
148,2019-09-09 01:26:01,11464.2592,ethusdt
150,2019-09-09 01:26:05,10.296,aeeth
144,2019-09-09 01:26:06,3369.2435,etcusdt
145,2019-09-09 01:26:07,103.0066,zrxusdt
145,2019-09-09 01:26:08,2915.5335,ltcusdt
149,2019-09-09 01:26:11,3807.0182,omgusdt
147,2019-09-09 01:26:23,15.5842,wtceth
146,2019-09-09 01:26:28,2606.5815,ethbtc
150,2019-09-09 01:26:28,0.5515,mcoeth
147,2019-09-09 01:26:31,1.5213,gntusdt
149,2019-09-09 01:26:32,9215.4903,ethusdt
143,2019-09-09 01:26:32,3910.8256,ltcbtc
151,2019-09-09 01:26:33,5.3617,aeeth
146,2019-09-09 01:26:37,86.5243,zrxusdt
149,2019-09-09 01:26:37,29724.349,btcusdt
150,2019-09-09 01:26:41,1085.2717,omgusdt
146,2019-09-09 01:26:42,5218.2833,ltcusdt
145,2019-09-09 01:26:44,1530.9142,etcusdt
148,2019-09-09 01:26:57,34.8462,wtceth
147,2019-09-09 01:26:58,6901.2075,ethbtc
150,2019-09-09 01:27:01,6529.5565,ethusdt
151,2019-09-09 01:27:01,1.1743,mcoeth
144,2019-09-09 01:27:10,889.6322,ltcbtc
148,2019-09-09 01:27:14,13.4426,gntusdt
150,2019-09-09 01:27:15,72688.4856,btcusdt
152,2019-09-09 01:27:16,12.0885,aeeth
147,2019-09-09 01:27:17,39.7593,zrxusdt
151,2019-09-09 01:27:18,2746.4482,omgusdt
147,2019-09-09 01:27:19,3157.6051,ltcusdt
146,2019-09-09 01:27:29,731.7992,etcusdt
152,2019-09-09 01:27:30,0.8876,mcoeth
149,2019-09-09 01:27:32,41.3205,wtceth
148,2019-09-09 01:27:38,3966.6074,ethbtc
149,2019-09-09 01:27:43,27.7378,gntusdt
151,2019-09-09 01:27:46,8316.1181,ethusdt
145,2019-09-09 01:27:47,2635.2442,ltcbtc
148,2019-09-09 01:27:51,209.4977,zrxusdt
151,2019-09-09 01:27:51,17569.956,btcusdt
153,2019-09-09 01:27:52,13.2376,aeeth
148,2019-09-09 01:27:55,2454.3852,ltcusdt
152,2019-09-09 01:27:58,4343.0593,omgusdt
153,2019-09-09 01:28:05,0.6405,mcoeth
147,2019-09-09 01:28:07,921.4656,etcusdt
150,2019-09-09 01:28:09,29.7106,gntusdt
150,2019-09-09 01:28:09,9.8691,wtceth
146,2019-09-09 01:28:13,2129.1331,ltcbtc
149,2019-09-09 01:28:16,2387.4794,ethbtc
149,2019-09-09 01:28:16,77.3671,zrxusdt
152,2019-09-09 01:28:21,3890.512,ethusdt
154,2019-09-09 01:28:23,11.0349,aeeth
149,2019-09-09 01:28:23,2875.398,ltcusdt
153,2019-09-09 01:28:32,4070.5161,omgusdt
152,2019-09-09 01:28:36,21281.7279,btcusdt
147,2019-09-09 01:28:42,4110.5704,ltcbtc
154,2019-09-09 01:28:43,1.0255,mcoeth
151,2019-09-09 01:28:43,23.0366,wtceth
148,2019-09-09 01:28:43,2646.0294,etcusdt
151,2019-09-09 01:28:45,16.3937,gntusdt
153,2019-09-09 01:28:46,17460.3841,ethusdt
150,2019-09-09 01:28:54,5439.2629,ltcusdt
150,2019-09-09 01:28:59,6111.3611,ethbtc
150,2019-09-09 01:29:01,174.456,zrxusdt
155,2019-09-09 01:29:03,1.5729,aeeth
152,2019-09-09 01:29:10,68.6709,wtceth
148,2019-09-09 01:29:12,4555.6555,ltcbtc
154,2019-09-09 01:29:15,11024.0854,ethusdt
154,2019-09-09 01:29:16,1471.7735,omgusdt
155,2019-09-09 01:29:18,0.6995,mcoeth
153,2019-09-09 01:29:20,70573.1019,btcusdt
149,2019-09-09 01:29:23,2711.6732,etcusdt
151,2019-09-09 01:29:27,3961.3828,ltcusdt
152,2019-09-09 01:29:27,36.4827,gntusdt
156,2019-09-09 01:29:29,4.0246,aeeth
151,2019-09-09 01:29:34,2990.8022,ethbtc
153,2019-09-09 01:29:35,34.0668,wtceth
149,2019-09-09 01:29:38,3898.7823,ltcbtc
154,2019-09-09 01:29:45,37937.2722,btcusdt
151,2019-09-09 01:29:45,215.3645,zrxusdt
156,2019-09-09 01:29:49,0.5368,mcoeth
150,2019-09-09 01:29:50,3959.9233,etcusdt
153,2019-09-09 01:29:56,33.3328,gntusdt
155,2019-09-09 01:29:59,642.3056,omgusdt
155,2019-09-09 01:30:00,4574.9334,ethusdt
152,2019-09-09 01:30:02,4151.1615,ltcusdt
157,2019-09-09 01:30:05,12.9341,aeeth
150,2019-09-09 01:30:06,4288.3069,ltcbtc
154,2019-09-09 01:30:06,58.9389,wtceth
152,2019-09-09 01:30:11,77.6279,zrxusdt
152,2019-09-09 01:30:16,454.6,ethbtc
151,2019-09-09 01:30:25,3282.198,etcusdt
155,2019-09-09 01:30:26,20012.1854,btcusdt
157,2019-09-09 01:30:30,0.9043,mcoeth
153,2019-09-09 01:30:31,4112.9567,ltcusdt
155,2019-09-09 01:30:37,40.2244,wtceth
151,2019-09-09 01:30:40,4839.0443,ltcbtc
154,2019-09-09 01:30:41,15.0141,gntusdt
153,2019-09-09 01:30:43,14530.6973,ethbtc
156,2019-09-09 01:30:43,16780.2223,ethusdt
156,2019-09-09 01:30:44,1124.7344,omgusdt
158,2019-09-09 01:30:45,8.5861,aeeth
153,2019-09-09 01:30:46,78.968,zrxusdt
156,2019-09-09 01:31:04,27.2723,wtceth
158,2019-09-09 01:31:05,0.7721,mcoeth
156,2019-09-09 01:31:05,34440.3323,btcusdt
155,2019-09-09 01:31:09,0.6743,gntusdt
152,2019-09-09 01:31:10,1616.1752,etcusdt
154,2019-09-09 01:31:12,88.6178,zrxusdt
157,2019-09-09 01:31:13,7817.8658,ethusdt
154,2019-09-09 01:31:13,2914.7027,ltcusdt
152,2019-09-09 01:31:13,5082.3223,ltcbtc
157,2019-09-09 01:31:26,4904.1734,omgusdt
154,2019-09-09 01:31:27,7338.6659,ethbtc
157,2019-09-09 01:31:30,30.2871,wtceth
159,2019-09-09 01:31:30,1.9739,aeeth
157,2019-09-09 01:31:33,65491.2674,btcusdt
159,2019-09-09 01:31:40,1.372,mcoeth
153,2019-09-09 01:31:41,2655.5356,ltcbtc
155,2019-09-09 01:31:44,182.3388,zrxusdt
153,2019-09-09 01:31:47,3931.3716,etcusdt
158,2019-09-09 01:31:53,18069.0966,ethusdt
156,2019-09-09 01:31:54,10.5249,gntusdt
155,2019-09-09 01:31:57,4448.2978,ltcusdt
160,2019-09-09 01:31:59,5.8301,aeeth
158,2019-09-09 01:32:04,3596.5533,omgusdt
155,2019-09-09 01:32:11,6840.4334,ethbtc
158,2019-09-09 01:32:12,29664.9038,btcusdt
160,2019-09-09 01:32:12,0.9849,mcoeth
158,2019-09-09 01:32:13,76.8138,wtceth
156,2019-09-09 01:32:19,51.1374,zrxusdt
159,2019-09-09 01:32:19,14497.2242,ethusdt
156,2019-09-09 01:32:22,2660.8555,ltcusdt
154,2019-09-09 01:32:24,3322.9795,ltcbtc
154,2019-09-09 01:32:29,222.6277,etcusdt
157,2019-09-09 01:32:30,8.9776,gntusdt
156,2019-09-09 01:32:36,5011.4664,ethbtc
161,2019-09-09 01:32:37,5.1342,aeeth
161,2019-09-09 01:32:38,1.0672,mcoeth
159,2019-09-09 01:32:41,3547.6955,omgusdt
159,2019-09-09 01:32:46,14.1352,wtceth
160,2019-09-09 01:32:54,500.6988,ethusdt
157,2019-09-09 01:32:56,3661.2224,ltcusdt
155,2019-09-09 01:32:56,2682.2146,ltcbtc
157,2019-09-09 01:32:56,208.0201,zrxusdt
159,2019-09-09 01:32:56,50289.6125,btcusdt
158,2019-09-09 01:33:02,32.3647,gntusdt
155,2019-09-09 01:33:03,1009.3555,etcusdt
162,2019-09-09 01:33:06,13.728,aeeth
157,2019-09-09 01:33:08,9576.5863,ethbtc
162,2019-09-09 01:33:09,1.3068,mcoeth
160,2019-09-09 01:33:20,417.9984,omgusdt
158,2019-09-09 01:33:22,2269.5028,ltcusdt
160,2019-09-09 01:33:23,17240.1154,btcusdt
160,2019-09-09 01:33:24,16.2349,wtceth
158,2019-09-09 01:33:29,39.2216,zrxusdt
156,2019-09-09 01:33:34,3244.4644,etcusdt
161,2019-09-09 01:33:35,7802.8547,ethusdt
156,2019-09-09 01:33:37,4535.0108,ltcbtc
159,2019-09-09 01:33:41,23.3516,gntusdt
158,2019-09-09 01:33:42,2036.092,ethbtc
163,2019-09-09 01:33:44,12.4943,aeeth
163,2019-09-09 01:33:46,0.3204,mcoeth
159,2019-09-09 01:33:53,4838.0678,ltcusdt
161,2019-09-09 01:33:53,6456.1471,btcusdt
161,2019-09-09 01:33:57,1285.9754,omgusdt
161,2019-09-09 01:33:59,47.3282,wtceth
159,2019-09-09 01:34:14,159.001,zrxusdt
157,2019-09-09 01:34:18,809.8389,etcusdt
162,2019-09-09 01:34:18,2152.5391,ethusdt
164,2019-09-09 01:34:21,1.3637,mcoeth
160,2019-09-09 01:34:22,4.0013,gntusdt
159,2019-09-09 01:34:22,502.1109,ethbtc
157,2019-09-09 01:34:22,680.4638,ltcbtc
164,2019-09-09 01:34:25,9.8385,aeeth
162,2019-09-09 01:34:27,1573.2795,omgusdt
160,2019-09-09 01:34:28,3768.5172,ltcusdt
162,2019-09-09 01:34:36,65.564,wtceth
162,2019-09-09 01:34:37,28262.455,btcusdt
160,2019-09-09 01:34:47,15484.6153,ethbtc
158,2019-09-09 01:34:47,3776.1312,etcusdt
161,2019-09-09 01:34:49,22.3336,gntusdt
160,2019-09-09 01:34:49,206.6545,zrxusdt
165,2019-09-09 01:34:53,0.5855,mcoeth
163,2019-09-09 01:35:00,2275.9208,omgusdt
165,2019-09-09 01:35:00,4.8711,aeeth
163,2019-09-09 01:35:00,1544.3681,ethusdt
158,2019-09-09 01:35:02,4550.7056,ltcbtc
163,2019-09-09 01:35:02,12015.4186,btcusdt
163,2019-09-09 01:35:04,62.4393,wtceth
161,2019-09-09 01:35:11,5901.7978,ltcusdt
159,2019-09-09 01:35:14,1832.3463,etcusdt
161,2019-09-09 01:35:15,14802.3409,ethbtc
161,2019-09-09 01:35:18,198.5186,zrxusdt
166,2019-09-09 01:35:25,0.5978,mcoeth
166,2019-09-09 01:35:25,6.8934,aeeth
162,2019-09-09 01:35:30,15.7329,gntusdt
164,2019-09-09 01:35:33,1882.0858,ethusdt
164,2019-09-09 01:35:33,2757.9456,omgusdt
159,2019-09-09 01:35:35,2507.2156,ltcbtc
164,2019-09-09 01:35:42,30.6982,wtceth
164,2019-09-09 01:35:45,15783.5192,btcusdt
162,2019-09-09 01:35:45,893.7883,ltcusdt
160,2019-09-09 01:35:54,3887.4416,etcusdt
167,2019-09-09 01:35:55,0.6742,mcoeth
162,2019-09-09 01:35:55,9009.6182,ethbtc
167,2019-09-09 01:35:57,10.4623,aeeth
162,2019-09-09 01:36:00,154.1963,zrxusdt
163,2019-09-09 01:36:02,36.3261,gntusdt
165,2019-09-09 01:36:02,2528.0179,omgusdt
160,2019-09-09 01:36:06,348.1638,ltcbtc
165,2019-09-09 01:36:12,9985.3013,ethusdt
161,2019-09-09 01:36:20,682.2447,etcusdt
165,2019-09-09 01:36:21,15.7537,wtceth
168,2019-09-09 01:36:23,1.0114,mcoeth
168,2019-09-09 01:36:24,7.5363,aeeth
163,2019-09-09 01:36:29,5637.9584,ltcusdt
165,2019-09-09 01:36:30,566.4513,btcusdt
166,2019-09-09 01:36:36,5130.3081,omgusdt
161,2019-09-09 01:36:36,1432.7734,ltcbtc
163,2019-09-09 01:36:37,5505.4624,ethbtc
163,2019-09-09 01:36:42,76.5806,zrxusdt
164,2019-09-09 01:36:42,21.7154,gntusdt
162,2019-09-09 01:36:52,651.6278,etcusdt
166,2019-09-09 01:36:53,65.2709,wtceth
166,2019-09-09 01:36:57,10131.8727,ethusdt
162,2019-09-09 01:37:02,3521.8483,ltcbtc
169,2019-09-09 01:37:04,0.9825,mcoeth
169,2019-09-09 01:37:07,3.807,aeeth
164,2019-09-09 01:37:08,2283.1229,ltcusdt
166,2019-09-09 01:37:11,24037.7982,btcusdt
165,2019-09-09 01:37:13,19.0204,gntusdt
164,2019-09-09 01:37:19,60.802,zrxusdt
167,2019-09-09 01:37:20,4210.4074,omgusdt
164,2019-09-09 01:37:22,8784.6448,ethbtc
163,2019-09-09 01:37:24,2822.0082,etcusdt
163,2019-09-09 01:37:31,721.7151,ltcbtc
167,2019-09-09 01:37:32,24.1517,wtceth
165,2019-09-09 01:37:33,2282.8876,ltcusdt
170,2019-09-09 01:37:35,0.1151,mcoeth
167,2019-09-09 01:37:42,437.7965,ethusdt
167,2019-09-09 01:37:44,55747.1974,btcusdt
166,2019-09-09 01:37:46,13.847,gntusdt
165,2019-09-09 01:37:48,139.1526,zrxusdt
170,2019-09-09 01:37:49,6.7704,aeeth
165,2019-09-09 01:37:57,12275.8295,ethbtc
168,2019-09-09 01:37:58,1769.8284,omgusdt
166,2019-09-09 01:37:58,2292.2939,ltcusdt
164,2019-09-09 01:38:02,3850.5998,etcusdt
164,2019-09-09 01:38:04,3133.0011,ltcbtc
168,2019-09-09 01:38:11,46.6448,wtceth
171,2019-09-09 01:38:12,0.8736,mcoeth
171,2019-09-09 01:38:17,7.5571,aeeth
168,2019-09-09 01:38:18,58466.0014,btcusdt
166,2019-09-09 01:38:23,43.6816,zrxusdt
168,2019-09-09 01:38:24,12169.5918,ethusdt
167,2019-09-09 01:38:28,2.5368,gntusdt
165,2019-09-09 01:38:33,2529.612,etcusdt
167,2019-09-09 01:38:35,2379.4331,ltcusdt
169,2019-09-09 01:38:35,1952.5827,omgusdt
172,2019-09-09 01:38:38,1.4293,mcoeth
166,2019-09-09 01:38:39,10945.1754,ethbtc
169,2019-09-09 01:38:44,3450.5971,btcusdt
165,2019-09-09 01:38:46,2025.2445,ltcbtc
169,2019-09-09 01:38:49,13343.9737,ethusdt
172,2019-09-09 01:38:53,7.666,aeeth
167,2019-09-09 01:38:55,9.5391,zrxusdt
169,2019-09-09 01:38:56,77.9553,wtceth
173,2019-09-09 01:39:05,1.44,mcoeth
168,2019-09-09 01:39:06,2855.7618,ltcusdt
167,2019-09-09 01:39:07,12123.2245,ethbtc
168,2019-09-09 01:39:08,17.494,gntusdt
166,2019-09-09 01:39:11,1154.6596,etcusdt
170,2019-09-09 01:39:15,4051.4385,ethusdt
170,2019-09-09 01:39:18,2337.0785,omgusdt
170,2019-09-09 01:39:19,41417.6642,btcusdt
166,2019-09-09 01:39:26,1116.4782,ltcbtc
170,2019-09-09 01:39:27,66.7444,wtceth
168,2019-09-09 01:39:34,131.3673,zrxusdt
169,2019-09-09 01:39:35,5.6144,gntusdt
167,2019-09-09 01:39:37,3422.9713,etcusdt
169,2019-09-09 01:39:38,841.487,ltcusdt
173,2019-09-09 01:39:38,10.0947,aeeth
168,2019-09-09 01:39:41,13513.4255,ethbtc
171,2019-09-09 01:39:45,11407.0288,ethusdt
171,2019-09-09 01:39:45,4085.4094,omgusdt
174,2019-09-09 01:39:47,0.1874,mcoeth
167,2019-09-09 01:39:54,2802.4813,ltcbtc
169,2019-09-09 01:40:00,159.8253,zrxusdt
171,2019-09-09 01:40:03,4518.0145,btcusdt
171,2019-09-09 01:40:03,31.1114,wtceth
174,2019-09-09 01:40:05,6.1004,aeeth
169,2019-09-09 01:40:10,6542.5454,ethbtc
175,2019-09-09 01:40:12,0.0881,mcoeth
172,2019-09-09 01:40:16,2630.187,ethusdt
170,2019-09-09 01:40:17,14.7568,gntusdt
168,2019-09-09 01:40:18,2820.4061,etcusdt
170,2019-09-09 01:40:20,126.4572,ltcusdt
172,2019-09-09 01:40:24,2111.3753,omgusdt
172,2019-09-09 01:40:29,48.2322,wtceth
175,2019-09-09 01:40:31,7.867,aeeth
168,2019-09-09 01:40:35,2660.9389,ltcbtc
172,2019-09-09 01:40:36,21561.3471,btcusdt
169,2019-09-09 01:40:43,3836.0527,etcusdt
170,2019-09-09 01:40:45,48.5013,zrxusdt
173,2019-09-09 01:40:48,11107.4148,ethusdt
171,2019-09-09 01:40:48,3492.2591,ltcusdt
173,2019-09-09 01:40:51,1372.187,omgusdt
170,2019-09-09 01:40:53,9254.9593,ethbtc
176,2019-09-09 01:40:53,0.6626,mcoeth
171,2019-09-09 01:40:59,25.0395,gntusdt
173,2019-09-09 01:41:02,50.4272,wtceth
173,2019-09-09 01:41:09,18923.5951,btcusdt
169,2019-09-09 01:41:13,1648.7695,ltcbtc
176,2019-09-09 01:41:14,3.7163,aeeth
172,2019-09-09 01:41:15,2927.2317,ltcusdt
170,2019-09-09 01:41:17,852.0572,etcusdt
174,2019-09-09 01:41:18,4210.77,omgusdt
177,2019-09-09 01:41:21,0.3693,mcoeth
171,2019-09-09 01:41:23,815.9335,ethbtc
171,2019-09-09 01:41:28,203.2782,zrxusdt
174,2019-09-09 01:41:31,19178.3165,ethusdt
174,2019-09-09 01:41:36,54772.5384,btcusdt
172,2019-09-09 01:41:38,28.6818,gntusdt
170,2019-09-09 01:41:42,3649.0492,ltcbtc
173,2019-09-09 01:41:43,4308.7018,ltcusdt
177,2019-09-09 01:41:45,3.2686,aeeth
174,2019-09-09 01:41:45,32.3173,wtceth
171,2019-09-09 01:41:49,239.6748,etcusdt
175,2019-09-09 01:41:54,804.1409,omgusdt
172,2019-09-09 01:42:00,861.2337,ethbtc
175,2019-09-09 01:42:03,39368.0902,btcusdt
175,2019-09-09 01:42:05,3995.5481,ethusdt
178,2019-09-09 01:42:05,0.1654,mcoeth
171,2019-09-09 01:42:08,4366.1828,ltcbtc
172,2019-09-09 01:42:11,166.2182,zrxusdt
174,2019-09-09 01:42:12,3178.6244,ltcusdt
178,2019-09-09 01:42:17,9.8542,aeeth
173,2019-09-09 01:42:22,6.4828,gntusdt
172,2019-09-09 01:42:22,3105.9616,etcusdt
175,2019-09-09 01:42:30,80.7217,wtceth
172,2019-09-09 01:42:33,4146.2424,ltcbtc
176,2019-09-09 01:42:33,26897.4832,btcusdt
176,2019-09-09 01:42:34,1368.8142,omgusdt
173,2019-09-09 01:42:35,972.9512,ethbtc
179,2019-09-09 01:42:39,0.1283,mcoeth
176,2019-09-09 01:42:44,13571.8269,ethusdt
173,2019-09-09 01:42:46,82.4082,zrxusdt
173,2019-09-09 01:42:52,320.6886,etcusdt
174,2019-09-09 01:42:55,9.7038,gntusdt
175,2019-09-09 01:42:57,492.5308,ltcusdt
176,2019-09-09 01:43:00,54.0146,wtceth
179,2019-09-09 01:43:00,11.6041,aeeth
177,2019-09-09 01:43:05,71750.0239,btcusdt
177,2019-09-09 01:43:06,3220.4268,omgusdt
174,2019-09-09 01:43:09,5822.7759,ethbtc
174,2019-09-09 01:43:16,0.0056,zrxusdt
173,2019-09-09 01:43:18,3563.3795,ltcbtc
180,2019-09-09 01:43:22,0.12,mcoeth
175,2019-09-09 01:43:27,3.9574,gntusdt
174,2019-09-09 01:43:28,2130.7787,etcusdt
177,2019-09-09 01:43:29,17978.6697,ethusdt
177,2019-09-09 01:43:33,35.6784,wtceth
176,2019-09-09 01:43:36,2555.8087,ltcusdt
180,2019-09-09 01:43:40,1.2594,aeeth
175,2019-09-09 01:43:44,183.3102,zrxusdt
178,2019-09-09 01:43:44,46579.5143,btcusdt
178,2019-09-09 01:43:45,3710.8819,omgusdt
175,2019-09-09 01:43:49,4361.4866,ethbtc
176,2019-09-09 01:43:52,27.7998,gntusdt
175,2019-09-09 01:44:00,3973.9139,etcusdt
177,2019-09-09 01:44:02,1959.3679,ltcusdt
174,2019-09-09 01:44:02,103.8964,ltcbtc
181,2019-09-09 01:44:04,0.0105,mcoeth
178,2019-09-09 01:44:08,10511.0703,ethusdt
178,2019-09-09 01:44:11,7.8843,wtceth
181,2019-09-09 01:44:11,9.5936,aeeth
176,2019-09-09 01:44:11,138.6636,zrxusdt
176,2019-09-09 01:44:14,6945.5073,ethbtc
179,2019-09-09 01:44:24,17603.481,btcusdt
179,2019-09-09 01:44:24,4058.538,omgusdt
175,2019-09-09 01:44:30,4387.7042,ltcbtc
178,2019-09-09 01:44:32,1109.3693,ltcusdt
177,2019-09-09 01:44:33,2.4823,gntusdt
182,2019-09-09 01:44:36,12.2428,aeeth
176,2019-09-09 01:44:38,3125.2097,etcusdt
182,2019-09-09 01:44:40,0.7111,mcoeth
179,2019-09-09 01:44:41,3535.9773,ethusdt
179,2019-09-09 01:44:42,13.1549,wtceth
177,2019-09-09 01:44:52,9429.5906,ethbtc
177,2019-09-09 01:44:56,142.2981,zrxusdt
180,2019-09-09 01:44:58,58527.3082,btcusdt
179,2019-09-09 01:44:58,3648.9588,ltcusdt
180,2019-09-09 01:45:01,810.9421,omgusdt
178,2019-09-09 01:45:05,13.5939,gntusdt
183,2019-09-09 01:45:07,0.6985,mcoeth
180,2019-09-09 01:45:10,7845.9799,ethusdt
177,2019-09-09 01:45:11,810.2027,etcusdt
183,2019-09-09 01:45:14,11.3484,aeeth
176,2019-09-09 01:45:15,2532.0572,ltcbtc
180,2019-09-09 01:45:19,28.9659,wtceth
178,2019-09-09 01:45:25,199.5208,zrxusdt
178,2019-09-09 01:45:31,14498.1162,ethbtc
181,2019-09-09 01:45:32,3780.1732,omgusdt
179,2019-09-09 01:45:34,30.5309,gntusdt
184,2019-09-09 01:45:41,0.8338,mcoeth
177,2019-09-09 01:45:42,4688.6826,ltcbtc
181,2019-09-09 01:45:42,67519.642,btcusdt
180,2019-09-09 01:45:42,3411.4005,ltcusdt
181,2019-09-09 01:45:48,614.1914,ethusdt
184,2019-09-09 01:45:48,4.6997,aeeth
179,2019-09-09 01:45:55,100.5312,zrxusdt
178,2019-09-09 01:45:56,1761.8191,etcusdt
181,2019-09-09 01:46:01,71.0866,wtceth
179,2019-09-09 01:46:10,14306.7408,ethbtc
185,2019-09-09 01:46:14,0.2791,mcoeth
182,2019-09-09 01:46:14,2637.9557,omgusdt
181,2019-09-09 01:46:16,454.1607,ltcusdt
178,2019-09-09 01:46:17,1914.0262,ltcbtc
185,2019-09-09 01:46:18,13.5339,aeeth
180,2019-09-09 01:46:19,24.0011,gntusdt
182,2019-09-09 01:46:22,66333.2774,btcusdt
180,2019-09-09 01:46:23,101.3115,zrxusdt
182,2019-09-09 01:46:24,9574.4939,ethusdt
182,2019-09-09 01:46:34,66.0117,wtceth
179,2019-09-09 01:46:34,620.2675,etcusdt
180,2019-09-09 01:46:47,3350.5683,ethbtc
183,2019-09-09 01:46:49,8704.5183,ethusdt
186,2019-09-09 01:46:52,7.218,aeeth
182,2019-09-09 01:46:54,5570.8024,ltcusdt
181,2019-09-09 01:46:56,3.8456,gntusdt
186,2019-09-09 01:46:56,0.5638,mcoeth
179,2019-09-09 01:46:58,3549.4591,ltcbtc
183,2019-09-09 01:46:58,1890.6965,omgusdt
183,2019-09-09 01:47:02,40.8548,wtceth
183,2019-09-09 01:47:04,29707.0001,btcusdt
181,2019-09-09 01:47:06,145.7149,zrxusdt
180,2019-09-09 01:47:09,3606.1119,etcusdt
184,2019-09-09 01:47:17,6971.7405,ethusdt
187,2019-09-09 01:47:20,7.3874,aeeth
182,2019-09-09 01:47:21,6.7689,gntusdt
180,2019-09-09 01:47:29,1728.2561,ltcbtc
181,2019-09-09 01:47:31,11695.9231,ethbtc
183,2019-09-09 01:47:35,2080.8196,ltcusdt
187,2019-09-09 01:47:38,0.86,mcoeth
184,2019-09-09 01:47:41,4735.4981,omgusdt
184,2019-09-09 01:47:41,59.5826,wtceth
181,2019-09-09 01:47:46,300.6403,etcusdt
184,2019-09-09 01:47:47,23710.9681,btcusdt
182,2019-09-09 01:47:48,121.8462,zrxusdt
185,2019-09-09 01:47:56,8178.6146,ethusdt
181,2019-09-09 01:48:01,158.6429,ltcbtc
188,2019-09-09 01:48:02,11.5741,aeeth
184,2019-09-09 01:48:03,5373.5713,ltcusdt
183,2019-09-09 01:48:06,26.2506,gntusdt
182,2019-09-09 01:48:09,12665.3299,ethbtc
185,2019-09-09 01:48:10,462.5359,omgusdt
182,2019-09-09 01:48:11,1485.8378,etcusdt
183,2019-09-09 01:48:13,5.4184,zrxusdt
185,2019-09-09 01:48:13,55.1635,wtceth
188,2019-09-09 01:48:20,0.2535,mcoeth
185,2019-09-09 01:48:20,56911.1561,btcusdt
189,2019-09-09 01:48:29,4.2412,aeeth
182,2019-09-09 01:48:32,4945.5362,ltcbtc
184,2019-09-09 01:48:33,24.4254,gntusdt
186,2019-09-09 01:48:36,4636.1754,ethusdt
183,2019-09-09 01:48:38,1648.0448,etcusdt
185,2019-09-09 01:48:43,5841.9285,ltcusdt
186,2019-09-09 01:48:43,5.6972,wtceth
186,2019-09-09 01:48:45,264.2645,omgusdt
184,2019-09-09 01:48:49,59.3009,zrxusdt
189,2019-09-09 01:48:50,0.778,mcoeth
183,2019-09-09 01:48:50,15198.0559,ethbtc
186,2019-09-09 01:48:55,26537.2305,btcusdt
190,2019-09-09 01:48:59,3.327,aeeth
183,2019-09-09 01:49:06,919.8239,ltcbtc
187,2019-09-09 01:49:11,9986.5667,ethusdt
185,2019-09-09 01:49:12,16.8254,gntusdt
187,2019-09-09 01:49:13,10.5576,wtceth
184,2019-09-09 01:49:20,3342.9072,etcusdt
185,2019-09-09 01:49:23,164.5176,zrxusdt
186,2019-09-09 01:49:26,4158.1659,ltcusdt
191,2019-09-09 01:49:26,0.1982,aeeth
187,2019-09-09 01:49:26,4691.3173,omgusdt
184,2019-09-09 01:49:30,944.7528,ethbtc
190,2019-09-09 01:49:30,0.0707,mcoeth
187,2019-09-09 01:49:32,61095.9953,btcusdt
186,2019-09-09 01:49:41,2.199,gntusdt
184,2019-09-09 01:49:42,4865.3509,ltcbtc
186,2019-09-09 01:49:50,193.3128,zrxusdt
188,2019-09-09 01:49:52,8.0451,wtceth
188,2019-09-09 01:49:53,9745.9351,ethusdt
185,2019-09-09 01:49:54,470.1471,etcusdt
187,2019-09-09 01:50:02,3081.6655,ltcusdt
188,2019-09-09 01:50:05,4338.5795,omgusdt
192,2019-09-09 01:50:07,11.1994,aeeth
185,2019-09-09 01:50:12,9996.4376,ethbtc
191,2019-09-09 01:50:12,0.0622,mcoeth
188,2019-09-09 01:50:13,56654.6571,btcusdt
185,2019-09-09 01:50:14,4109.2483,ltcbtc
187,2019-09-09 01:50:16,34.197,gntusdt
186,2019-09-09 01:50:19,3515.9505,etcusdt
189,2019-09-09 01:50:19,28.0566,wtceth
188,2019-09-09 01:50:31,3314.9591,ltcusdt
187,2019-09-09 01:50:33,24.5351,zrxusdt
189,2019-09-09 01:50:38,9975.7944,ethusdt
189,2019-09-09 01:50:49,4851.9036,omgusdt
193,2019-09-09 01:50:49,5.7004,aeeth
189,2019-09-09 01:50:50,54025.3045,btcusdt
186,2019-09-09 01:50:50,12203.9472,ethbtc
186,2019-09-09 01:50:51,844.4865,ltcbtc
188,2019-09-09 01:50:51,6.6721,gntusdt
192,2019-09-09 01:50:55,1.2708,mcoeth
187,2019-09-09 01:51:02,4179.3935,etcusdt
190,2019-09-09 01:51:04,28.5611,wtceth
189,2019-09-09 01:51:07,4546.8712,ltcusdt
188,2019-09-09 01:51:12,103.2123,zrxusdt
190,2019-09-09 01:51:14,17810.2896,ethusdt
190,2019-09-09 01:51:17,1451.6007,omgusdt
187,2019-09-09 01:51:18,5939.1275,ethbtc
190,2019-09-09 01:51:19,19907.6359,btcusdt
189,2019-09-09 01:51:19,2.3987,gntusdt
194,2019-09-09 01:51:21,11.2783,aeeth
187,2019-09-09 01:51:25,1127.2239,ltcbtc
193,2019-09-09 01:51:31,1.1029,mcoeth
189,2019-09-09 01:51:41,68.8654,zrxusdt
191,2019-09-09 01:51:42,5195.5039,ethusdt
188,2019-09-09 01:51:43,1078.5808,etcusdt
191,2019-09-09 01:51:47,5.1339,wtceth
190,2019-09-09 01:51:48,3382.7564,ltcusdt
191,2019-09-09 01:51:49,4505.7954,omgusdt
195,2019-09-09 01:51:52,10.2647,aeeth
188,2019-09-09 01:51:52,10072.7559,ethbtc
188,2019-09-09 01:51:57,251.6407,ltcbtc
191,2019-09-09 01:52:00,45941.2754,btcusdt
190,2019-09-09 01:52:01,31.0436,gntusdt
194,2019-09-09 01:52:06,0.097,mcoeth
189,2019-09-09 01:52:13,207.6834,etcusdt
190,2019-09-09 01:52:17,178.5272,zrxusdt
192,2019-09-09 01:52:25,5906.2285,ethusdt
191,2019-09-09 01:52:26,1016.2486,ltcusdt
192,2019-09-09 01:52:27,35.6086,wtceth
192,2019-09-09 01:52:31,39.6387,omgusdt
196,2019-09-09 01:52:32,6.4115,aeeth
189,2019-09-09 01:52:33,1496.5171,ltcbtc
189,2019-09-09 01:52:36,5497.2017,ethbtc
192,2019-09-09 01:52:37,19013.2934,btcusdt
195,2019-09-09 01:52:38,1.2214,mcoeth
191,2019-09-09 01:52:43,28.2392,gntusdt
190,2019-09-09 01:52:50,1062.7275,etcusdt
191,2019-09-09 01:52:50,201.6816,zrxusdt
192,2019-09-09 01:52:59,3109.389,ltcusdt
193,2019-09-09 01:53:01,21.7236,wtceth
193,2019-09-09 01:53:06,3495.0533,omgusdt
190,2019-09-09 01:53:06,2713.4251,ethbtc
193,2019-09-09 01:53:08,6376.2614,ethusdt
197,2019-09-09 01:53:11,10.0313,aeeth
196,2019-09-09 01:53:13,0.3515,mcoeth
190,2019-09-09 01:53:16,4552.3773,ltcbtc
193,2019-09-09 01:53:22,47398.2397,btcusdt
192,2019-09-09 01:53:25,12.75,gntusdt
191,2019-09-09 01:53:29,1040.6098,etcusdt
194,2019-09-09 01:53:31,50.2634,wtceth
192,2019-09-09 01:53:32,143.7374,zrxusdt
191,2019-09-09 01:53:40,14768.2517,ethbtc
194,2019-09-09 01:53:41,3562.4077,omgusdt
198,2019-09-09 01:53:42,10.0769,aeeth
193,2019-09-09 01:53:43,5618.4154,ltcusdt
194,2019-09-09 01:53:44,15367.9468,ethusdt
191,2019-09-09 01:53:50,822.8484,ltcbtc
197,2019-09-09 01:53:57,0.6825,mcoeth
193,2019-09-09 01:54:02,36.4267,gntusdt
192,2019-09-09 01:54:04,3897.3741,etcusdt
194,2019-09-09 01:54:04,60249.1586,btcusdt
195,2019-09-09 01:54:09,4278.5596,omgusdt
193,2019-09-09 01:54:13,20.4939,zrxusdt
195,2019-09-09 01:54:16,45.9201,wtceth
195,2019-09-09 01:54:17,12591.715,ethusdt
192,2019-09-09 01:54:23,4304.5226,ltcbtc
192,2019-09-09 01:54:23,9156.5713,ethbtc
199,2019-09-09 01:54:24,10.4665,aeeth
194,2019-09-09 01:54:26,3510.2789,ltcusdt
194,2019-09-09 01:54:27,23.9098,gntusdt
198,2019-09-09 01:54:34,0.5588,mcoeth
194,2019-09-09 01:54:39,137.7902,zrxusdt
195,2019-09-09 01:54:39,32765.1242,btcusdt
193,2019-09-09 01:54:42,490.2647,etcusdt
196,2019-09-09 01:54:42,37.2681,wtceth
196,2019-09-09 01:54:45,2723.7383,omgusdt
196,2019-09-09 01:54:47,2286.9674,ethusdt
193,2019-09-09 01:54:50,1249.173,ltcbtc
193,2019-09-09 01:54:52,228.7589,ethbtc
195,2019-09-09 01:54:55,12.6519,gntusdt
195,2019-09-09 01:54:58,4724.0202,ltcusdt
200,2019-09-09 01:55:01,11.4316,aeeth
199,2019-09-09 01:55:07,1.0325,mcoeth
194,2019-09-09 01:55:15,2723.0189,ltcbtc
197,2019-09-09 01:55:19,37.1492,wtceth
194,2019-09-09 01:55:20,14157.3632,ethbtc
196,2019-09-09 01:55:20,67148.7696,btcusdt
195,2019-09-09 01:55:21,122.5242,zrxusdt
194,2019-09-09 01:55:22,2235.7705,etcusdt
197,2019-09-09 01:55:23,4779.5093,omgusdt
197,2019-09-09 01:55:25,11873.2079,ethusdt
196,2019-09-09 01:55:33,37.6431,gntusdt
196,2019-09-09 01:55:33,247.3686,ltcusdt
200,2019-09-09 01:55:35,0.8873,mcoeth
201,2019-09-09 01:55:43,1.6004,aeeth
195,2019-09-09 01:55:44,3018.4736,ltcbtc
195,2019-09-09 01:55:45,8340.8081,ethbtc
196,2019-09-09 01:55:48,99.9815,zrxusdt
198,2019-09-09 01:55:49,17.2329,wtceth
195,2019-09-09 01:55:50,2529.1824,etcusdt
198,2019-09-09 01:55:52,15911.833,ethusdt
198,2019-09-09 01:55:57,1525.7354,omgusdt
197,2019-09-09 01:55:59,1652.0811,btcusdt
197,2019-09-09 01:56:03,16.1172,gntusdt
197,2019-09-09 01:56:05,998.8885,ltcusdt
201,2019-09-09 01:56:09,0.0575,mcoeth
197,2019-09-09 01:56:16,173.3219,zrxusdt
199,2019-09-09 01:56:18,15056.6927,ethusdt
196,2019-09-09 01:56:21,2681.967,ethbtc
199,2019-09-09 01:56:23,3212.7778,omgusdt
196,2019-09-09 01:56:26,3916.8625,ltcbtc
202,2019-09-09 01:56:26,12.4889,aeeth
196,2019-09-09 01:56:29,3687.1156,etcusdt
199,2019-09-09 01:56:33,1.5739,wtceth
198,2019-09-09 01:56:33,13012.2153,btcusdt
198,2019-09-09 01:56:38,5626.5768,ltcusdt
202,2019-09-09 01:56:43,0.2437,mcoeth
198,2019-09-09 01:56:46,14.8221,zrxusdt
198,2019-09-09 01:56:48,0.4347,gntusdt
200,2019-09-09 01:56:54,2538.9182,omgusdt
203,2019-09-09 01:56:58,7.6854,aeeth
197,2019-09-09 01:56:59,4534.5513,ltcbtc
197,2019-09-09 01:57:03,13240.9412,ethbtc
200,2019-09-09 01:57:03,13341.8872,ethusdt
199,2019-09-09 01:57:05,1151.3893,ltcusdt
197,2019-09-09 01:57:13,375.3138,etcusdt
199,2019-09-09 01:57:14,114.9718,zrxusdt
199,2019-09-09 01:57:16,45509.4019,btcusdt
200,2019-09-09 01:57:18,28.5035,wtceth
203,2019-09-09 01:57:22,0.0054,mcoeth
198,2019-09-09 01:57:24,73.8053,ltcbtc
201,2019-09-09 01:57:29,16219.4688,ethusdt
204,2019-09-09 01:57:31,10.6492,aeeth
200,2019-09-09 01:57:31,5150.6339,ltcusdt
201,2019-09-09 01:57:33,4517.281,omgusdt
199,2019-09-09 01:57:33,23.463,gntusdt
200,2019-09-09 01:57:39,97.2231,zrxusdt
198,2019-09-09 01:57:48,11928.0732,ethbtc
200,2019-09-09 01:57:51,38383.3704,btcusdt
198,2019-09-09 01:57:52,3027.0711,etcusdt
199,2019-09-09 01:57:53,2996.6934,ltcbtc
202,2019-09-09 01:57:55,15664.1479,ethusdt
202,2019-09-09 01:57:59,3947.7996,omgusdt
205,2019-09-09 01:58:00,13.5456,aeeth
201,2019-09-09 01:58:00,3.44,wtceth
204,2019-09-09 01:58:00,0.47,mcoeth
200,2019-09-09 01:58:05,29.275,gntusdt
201,2019-09-09 01:58:16,2472.2337,ltcusdt
201,2019-09-09 01:58:17,35936.5305,btcusdt
201,2019-09-09 01:58:24,192.3615,zrxusdt
200,2019-09-09 01:58:25,668.475,ltcbtc
199,2019-09-09 01:58:27,9300.8162,ethbtc
202,2019-09-09 01:58:32,67.6012,wtceth
205,2019-09-09 01:58:32,0.5823,mcoeth
203,2019-09-09 01:58:32,11368.7837,ethusdt
206,2019-09-09 01:58:33,7.817,aeeth
201,2019-09-09 01:58:36,4.1321,gntusdt
203,2019-09-09 01:58:37,4150.6223,omgusdt
199,2019-09-09 01:58:37,2383.3963,etcusdt
202,2019-09-09 01:58:50,515.7224,ltcusdt
200,2019-09-09 01:58:58,6798.531,ethbtc
207,2019-09-09 01:58:58,10.0171,aeeth
202,2019-09-09 01:58:59,15798.3635,btcusdt
206,2019-09-09 01:59:00,0.1676,mcoeth
204,2019-09-09 01:59:05,15924.6297,ethusdt
201,2019-09-09 01:59:05,4203.0358,ltcbtc
202,2019-09-09 01:59:06,20.2545,gntusdt
204,2019-09-09 01:59:07,4811.4237,omgusdt
200,2019-09-09 01:59:08,4421.9107,etcusdt
202,2019-09-09 01:59:08,37.6771,zrxusdt
203,2019-09-09 01:59:10,3.1247,wtceth
207,2019-09-09 01:59:29,1.4384,mcoeth
203,2019-09-09 01:59:30,17339.7095,btcusdt
202,2019-09-09 01:59:31,4866.8862,ltcbtc
201,2019-09-09 01:59:35,9747.1706,ethbtc
203,2019-09-09 01:59:35,1764.6041,ltcusdt
203,2019-09-09 01:59:38,114.0423,zrxusdt
208,2019-09-09 01:59:39,3.5821,aeeth
203,2019-09-09 01:59:44,25.5867,gntusdt
205,2019-09-09 01:59:45,1679.9508,omgusdt
204,2019-09-09 01:59:46,69.0031,wtceth
205,2019-09-09 01:59:46,8081.0199,ethusdt
201,2019-09-09 01:59:52,4225.5392,etcusdt
204,2019-09-09 01:59:55,10418.2954,btcusdt
204,2019-09-09 02:00:00,319.3206,ltcusdt
205,2019-09-09 02:00:28,60540.0633,btcusdt
202,2019-09-09 02:00:28,1677.3911,ethbtc
209,2019-09-09 02:00:29,13.596,aeeth
206,2019-09-09 02:00:31,8804.2514,ethusdt
203,2019-09-09 02:00:31,329.9538,ltcbtc
202,2019-09-09 02:00:34,3515.683,etcusdt
205,2019-09-09 02:00:36,36.1093,wtceth
204,2019-09-09 02:00:38,140.0445,zrxusdt
205,2019-09-09 02:00:39,3101.8242,ltcusdt
206,2019-09-09 02:00:41,784.0275,omgusdt
204,2019-09-09 02:00:42,1.881,gntusdt
208,2019-09-09 02:00:44,0.5884,mcoeth
204,2019-09-09 02:00:59,2354.9551,ltcbtc
210,2019-09-09 02:01:00,14.171,aeeth
205,2019-09-09 02:01:06,89.0431,zrxusdt
206,2019-09-09 02:01:07,12914.4089,btcusdt
207,2019-09-09 02:01:07,11727.0154,ethusdt
203,2019-09-09 02:01:10,1445.6917,ethbtc
209,2019-09-09 02:01:11,0.4143,mcoeth
206,2019-09-09 02:01:12,13.7207,wtceth
205,2019-09-09 02:01:13,13.1784,gntusdt
203,2019-09-09 02:01:17,1277.0866,etcusdt
206,2019-09-09 02:01:23,2320.1596,ltcusdt
207,2019-09-09 02:01:25,4007.2807,omgusdt
205,2019-09-09 02:01:27,4995.8136,ltcbtc
211,2019-09-09 02:01:30,1.5816,aeeth
206,2019-09-09 02:01:32,127.8856,zrxusdt
207,2019-09-09 02:01:44,64088.5286,btcusdt
208,2019-09-09 02:01:47,18925.322,ethusdt
210,2019-09-09 02:01:48,0.8656,mcoeth
206,2019-09-09 02:01:51,19.3667,gntusdt
204,2019-09-09 02:01:51,3648.3458,ethbtc
207,2019-09-09 02:01:55,28.2173,wtceth
206,2019-09-09 02:01:55,2614.5144,ltcbtc
212,2019-09-09 02:01:55,10.708,aeeth
204,2019-09-09 02:01:56,1721.8125,etcusdt
208,2019-09-09 02:02:06,3779.8957,omgusdt
207,2019-09-09 02:02:08,5470.0466,ltcusdt
207,2019-09-09 02:02:12,13.2794,zrxusdt
211,2019-09-09 02:02:15,1.1239,mcoeth
209,2019-09-09 02:02:17,19636.7425,ethusdt
207,2019-09-09 02:02:18,30.0477,gntusdt
205,2019-09-09 02:02:24,11607.6673,ethbtc
207,2019-09-09 02:02:24,1196.1831,ltcbtc
208,2019-09-09 02:02:24,22081.9226,btcusdt
208,2019-09-09 02:02:25,52.4751,wtceth
213,2019-09-09 02:02:28,5.3212,aeeth
208,2019-09-09 02:02:35,2592.8423,ltcusdt
205,2019-09-09 02:02:38,2860.6823,etcusdt
208,2019-09-09 02:02:40,7.516,zrxusdt
208,2019-09-09 02:02:46,21.0216,gntusdt
210,2019-09-09 02:02:48,12420.8244,ethusdt
209,2019-09-09 02:02:49,3923.0589,omgusdt
212,2019-09-09 02:02:55,0.7829,mcoeth
209,2019-09-09 02:03:03,20599.0324,btcusdt
208,2019-09-09 02:03:04,6447.8904,ltcbtc
206,2019-09-09 02:03:06,12997.7688,ethbtc
214,2019-09-09 02:03:07,7.2097,aeeth
209,2019-09-09 02:03:08,67.2577,wtceth
206,2019-09-09 02:03:08,2429.6867,etcusdt
209,2019-09-09 02:03:10,4269.3854,ltcusdt
209,2019-09-09 02:03:19,48.9415,zrxusdt
210,2019-09-09 02:03:26,363.9005,omgusdt
209,2019-09-09 02:03:30,25.7561,gntusdt
207,2019-09-09 02:03:32,6562.1501,ethbtc
211,2019-09-09 02:03:32,10139.1105,ethusdt
215,2019-09-09 02:03:35,14.2765,aeeth
210,2019-09-09 02:03:37,39655.4909,btcusdt
209,2019-09-09 02:03:39,6421.0881,ltcbtc
213,2019-09-09 02:03:39,0.8605,mcoeth
210,2019-09-09 02:03:43,48.4476,wtceth
207,2019-09-09 02:03:49,1996.8097,etcusdt
210,2019-09-09 02:03:51,2623.7497,ltcusdt
208,2019-09-09 02:03:59,9852.9762,ethbtc
210,2019-09-09 02:04:03,147.7193,zrxusdt
210,2019-09-09 02:04:06,12.5993,gntusdt
211,2019-09-09 02:04:11,3833.0997,omgusdt
211,2019-09-09 02:04:11,17808.3734,btcusdt
212,2019-09-09 02:04:13,5944.8366,ethusdt
216,2019-09-09 02:04:16,16.1256,aeeth
214,2019-09-09 02:04:18,0.3373,mcoeth
210,2019-09-09 02:04:18,3974.253,ltcbtc
211,2019-09-09 02:04:21,57.7798,wtceth
208,2019-09-09 02:04:27,3624.0544,etcusdt
211,2019-09-09 02:04:30,33.5388,zrxusdt
209,2019-09-09 02:04:31,3864.935,ethbtc
211,2019-09-09 02:04:32,26.6387,gntusdt
211,2019-09-09 02:04:36,1426.3313,ltcusdt
213,2019-09-09 02:04:41,1944.4582,ethusdt
211,2019-09-09 02:04:44,3430.0275,ltcbtc
212,2019-09-09 02:04:50,41696.0615,btcusdt
212,2019-09-09 02:04:51,2724.1551,omgusdt
215,2019-09-09 02:04:55,0.0962,mcoeth
217,2019-09-09 02:04:56,13.7516,aeeth
209,2019-09-09 02:05:04,2174.0481,etcusdt
212,2019-09-09 02:05:04,35.2655,zrxusdt
212,2019-09-09 02:05:06,16.8571,wtceth
210,2019-09-09 02:05:07,6350.0457,ethbtc
212,2019-09-09 02:05:09,19.5959,gntusdt
214,2019-09-09 02:05:15,17379.3283,ethusdt
212,2019-09-09 02:05:17,2965.1833,ltcusdt
212,2019-09-09 02:05:20,4762.6717,ltcbtc
216,2019-09-09 02:05:21,0.5975,mcoeth
213,2019-09-09 02:05:26,47287.388,btcusdt
213,2019-09-09 02:05:33,4096.1755,omgusdt
210,2019-09-09 02:05:36,2814.3658,etcusdt
211,2019-09-09 02:05:39,4701.2609,ethbtc
218,2019-09-09 02:05:40,4.4866,aeeth
213,2019-09-09 02:05:42,5.8258,zrxusdt
213,2019-09-09 02:05:44,45.1033,wtceth
213,2019-09-09 02:05:45,25.9167,gntusdt
217,2019-09-09 02:05:52,0.7744,mcoeth
215,2019-09-09 02:05:59,9305.585,ethusdt
214,2019-09-09 02:05:59,38515.5758,btcusdt
213,2019-09-09 02:06:00,2660.5216,ltcusdt
211,2019-09-09 02:06:01,138.9026,etcusdt
213,2019-09-09 02:06:02,3706.3693,ltcbtc
212,2019-09-09 02:06:05,10040.7177,ethbtc
214,2019-09-09 02:06:13,3232.5513,omgusdt
214,2019-09-09 02:06:14,20.8435,gntusdt
218,2019-09-09 02:06:18,1.1241,mcoeth
219,2019-09-09 02:06:19,9.0723,aeeth
214,2019-09-09 02:06:20,19.0625,wtceth
214,2019-09-09 02:06:27,97.4538,zrxusdt
214,2019-09-09 02:06:30,5167.2684,ltcbtc
213,2019-09-09 02:06:31,8270.581,ethbtc
216,2019-09-09 02:06:36,7212.8724,ethusdt
215,2019-09-09 02:06:36,33684.0037,btcusdt
212,2019-09-09 02:06:37,3197.5167,etcusdt
214,2019-09-09 02:06:38,3189.4491,ltcusdt
215,2019-09-09 02:06:40,819.061,omgusdt
215,2019-09-09 02:06:43,30.1675,gntusdt
219,2019-09-09 02:06:50,0.0715,mcoeth
215,2019-09-09 02:06:53,138.8374,zrxusdt
215,2019-09-09 02:06:57,18.1947,wtceth
214,2019-09-09 02:06:58,10647.7389,ethbtc
215,2019-09-09 02:06:58,5846.8609,ltcbtc
220,2019-09-09 02:07:04,1.4952,aeeth
216,2019-09-09 02:07:06,2780.4715,omgusdt
213,2019-09-09 02:07:11,3611.4494,etcusdt
215,2019-09-09 02:07:18,4142.0489,ltcusdt
216,2019-09-09 02:07:20,21748.3915,btcusdt
217,2019-09-09 02:07:21,10488.8178,ethusdt
216,2019-09-09 02:07:21,15.2939,gntusdt
216,2019-09-09 02:07:28,13.4492,wtceth
216,2019-09-09 02:07:32,136.2129,zrxusdt
220,2019-09-09 02:07:35,0.5758,mcoeth
216,2019-09-09 02:07:37,1733.6492,ltcbtc
215,2019-09-09 02:07:39,13026.8659,ethbtc
217,2019-09-09 02:07:45,1972.8759,omgusdt
214,2019-09-09 02:07:47,1355.2885,etcusdt
216,2019-09-09 02:07:47,3883.8236,ltcusdt
221,2019-09-09 02:07:49,0.0139,aeeth
217,2019-09-09 02:07:53,27.2332,gntusdt
217,2019-09-09 02:07:57,75.9759,zrxusdt
217,2019-09-09 02:07:57,12.9048,wtceth
218,2019-09-09 02:07:57,1582.624,ethusdt
217,2019-09-09 02:07:59,44462.403,btcusdt
221,2019-09-09 02:08:09,0.5764,mcoeth
218,2019-09-09 02:08:10,430.7223,omgusdt
217,2019-09-09 02:08:18,1483.4251,ltcbtc
222,2019-09-09 02:08:19,3.1617,aeeth
216,2019-09-09 02:08:22,8596.7452,ethbtc
218,2019-09-09 02:08:24,21818.7632,btcusdt
217,2019-09-09 02:08:25,5391.9496,ltcusdt
215,2019-09-09 02:08:25,2369.2529,etcusdt
218,2019-09-09 02:08:29,19.8538,gntusdt
219,2019-09-09 02:08:37,5739.2385,ethusdt
218,2019-09-09 02:08:40,124.87,zrxusdt
218,2019-09-09 02:08:41,53.0331,wtceth
223,2019-09-09 02:08:45,2.8244,aeeth
219,2019-09-09 02:08:46,3675.8147,omgusdt
218,2019-09-09 02:08:46,6887.802,ltcbtc
222,2019-09-09 02:08:49,0.5778,mcoeth
217,2019-09-09 02:08:57,3525.133,ethbtc
216,2019-09-09 02:09:00,918.6878,etcusdt
219,2019-09-09 02:09:02,8.4604,gntusdt
219,2019-09-09 02:09:04,54503.7218,btcusdt
218,2019-09-09 02:09:05,3688.9572,ltcusdt
219,2019-09-09 02:09:14,58.2388,wtceth
220,2019-09-09 02:09:15,14934.1992,ethusdt
219,2019-09-09 02:09:15,4887.5095,ltcbtc
224,2019-09-09 02:09:16,6.8112,aeeth
223,2019-09-09 02:09:20,0.7913,mcoeth
219,2019-09-09 02:09:23,35.1257,zrxusdt
218,2019-09-09 02:09:30,11580.5693,ethbtc
220,2019-09-09 02:09:30,1128.363,omgusdt
219,2019-09-09 02:09:32,1438.4123,ltcusdt
217,2019-09-09 02:09:42,2862.2493,etcusdt
220,2019-09-09 02:09:44,52015.4789,btcusdt
221,2019-09-09 02:09:44,2009.1751,ethusdt
220,2019-09-09 02:09:45,11.2223,gntusdt
225,2019-09-09 02:09:46,4.6341,aeeth
224,2019-09-09 02:09:47,0.7211,mcoeth
220,2019-09-09 02:09:47,20.8045,wtceth
220,2019-09-09 02:09:51,277.3514,ltcbtc
219,2019-09-09 02:09:59,1234.1912,ethbtc
220,2019-09-09 02:10:04,101.6118,zrxusdt
221,2019-09-09 02:10:06,43.0187,omgusdt
226,2019-09-09 02:10:11,9.5052,aeeth
221,2019-09-09 02:10:12,15.9019,gntusdt
220,2019-09-09 02:10:13,4713.517,ltcusdt
221,2019-09-09 02:10:18,54075.3742,btcusdt
225,2019-09-09 02:10:20,0.968,mcoeth
218,2019-09-09 02:10:24,1532.3295,etcusdt
222,2019-09-09 02:10:24,19263.3984,ethusdt
221,2019-09-09 02:10:31,513.7157,ltcbtc
221,2019-09-09 02:10:32,33.692,wtceth
220,2019-09-09 02:10:34,10118.8674,ethbtc
221,2019-09-09 02:10:36,7.6777,zrxusdt
221,2019-09-09 02:10:41,2665.4275,ltcusdt
227,2019-09-09 02:10:43,9.644,aeeth
222,2019-09-09 02:10:44,1172.6558,omgusdt
222,2019-09-09 02:10:45,45605.4363,btcusdt
222,2019-09-09 02:10:49,29.7208,gntusdt
226,2019-09-09 02:10:55,0.0796,mcoeth
223,2019-09-09 02:10:56,342.8612,ethusdt
222,2019-09-09 02:11:01,28.4479,wtceth
222,2019-09-09 02:11:02,104.6114,zrxusdt
219,2019-09-09 02:11:06,3030.1104,etcusdt
222,2019-09-09 02:11:09,1610.3498,ltcbtc
221,2019-09-09 02:11:15,6040.9028,ethbtc
223,2019-09-09 02:11:18,12.7008,gntusdt
223,2019-09-09 02:11:20,2030.8881,omgusdt
228,2019-09-09 02:11:21,7.7555,aeeth
227,2019-09-09 02:11:21,0.9583,mcoeth
223,2019-09-09 02:11:23,20640.7202,btcusdt
222,2019-09-09 02:11:23,3469.1815,ltcusdt
223,2019-09-09 02:11:28,16.2265,wtceth
224,2019-09-09 02:11:35,13868.8678,ethusdt
220,2019-09-09 02:11:36,2933.8119,etcusdt
223,2019-09-09 02:11:41,136.4565,zrxusdt
223,2019-09-09 02:11:43,541.4127,ltcbtc
224,2019-09-09 02:11:45,9.8991,gntusdt
224,2019-09-09 02:11:48,397.8142,omgusdt
223,2019-09-09 02:11:51,145.1227,ltcusdt
228,2019-09-09 02:11:53,0.9307,mcoeth
224,2019-09-09 02:11:55,34838.9551,btcusdt
229,2019-09-09 02:11:56,1.9761,aeeth
222,2019-09-09 02:11:58,3239.67,ethbtc
224,2019-09-09 02:12:02,35.3096,wtceth
221,2019-09-09 02:12:02,110.6895,etcusdt
225,2019-09-09 02:12:12,19217.971,ethusdt
225,2019-09-09 02:12:13,4295.5065,omgusdt
224,2019-09-09 02:12:18,19.1503,zrxusdt
225,2019-09-09 02:12:20,21.6982,gntusdt
224,2019-09-09 02:12:25,4461.0613,ltcbtc
223,2019-09-09 02:12:26,10124.152,ethbtc
229,2019-09-09 02:12:30,0.3204,mcoeth
222,2019-09-09 02:12:34,673.3313,etcusdt
224,2019-09-09 02:12:34,269.6253,ltcusdt
225,2019-09-09 02:12:39,58.1357,wtceth
225,2019-09-09 02:12:40,29671.8591,btcusdt
230,2019-09-09 02:12:41,6.5998,aeeth
226,2019-09-09 02:12:42,16312.4401,ethusdt
225,2019-09-09 02:12:43,95.5809,zrxusdt
226,2019-09-09 02:12:43,898.7642,omgusdt
226,2019-09-09 02:12:50,11.2263,gntusdt
224,2019-09-09 02:12:53,3407.424,ethbtc
230,2019-09-09 02:13:00,1.1285,mcoeth
225,2019-09-09 02:13:07,4006.6589,ltcbtc
223,2019-09-09 02:13:07,100.2442,etcusdt
225,2019-09-09 02:13:08,1061.8346,ltcusdt
226,2019-09-09 02:13:13,30898.19,btcusdt
231,2019-09-09 02:13:15,10.6445,aeeth
226,2019-09-09 02:13:22,34.7059,wtceth
226,2019-09-09 02:13:23,67.8853,zrxusdt
227,2019-09-09 02:13:25,2462.4755,ethusdt
225,2019-09-09 02:13:25,12833.0675,ethbtc
227,2019-09-09 02:13:28,459.0476,omgusdt
231,2019-09-09 02:13:31,0.6397,mcoeth
227,2019-09-09 02:13:35,0.466,gntusdt
226,2019-09-09 02:13:40,5676.3848,ltcusdt
226,2019-09-09 02:13:48,6743.1218,ltcbtc
224,2019-09-09 02:13:49,554.0946,etcusdt
232,2019-09-09 02:13:52,3.2697,aeeth
227,2019-09-09 02:13:56,91.388,zrxusdt
227,2019-09-09 02:13:57,56.9765,wtceth
227,2019-09-09 02:13:58,15717.3012,btcusdt
226,2019-09-09 02:14:01,11120.3272,ethbtc
228,2019-09-09 02:14:06,1128.6779,ethusdt
228,2019-09-09 02:14:07,16.2155,gntusdt
228,2019-09-09 02:14:08,2878.2802,omgusdt
232,2019-09-09 02:14:13,0.3735,mcoeth
227,2019-09-09 02:14:21,1108.8528,ltcbtc
227,2019-09-09 02:14:24,1399.9697,ltcusdt
228,2019-09-09 02:14:27,19.5978,wtceth
225,2019-09-09 02:14:33,1161.701,etcusdt
227,2019-09-09 02:14:35,9600.3489,ethbtc
233,2019-09-09 02:14:35,5.1341,aeeth
228,2019-09-09 02:14:38,70.4947,zrxusdt
229,2019-09-09 02:14:38,7543.0623,ethusdt
229,2019-09-09 02:14:40,5.3286,gntusdt
228,2019-09-09 02:14:43,9568.4748,btcusdt
233,2019-09-09 02:14:44,0.7917,mcoeth
229,2019-09-09 02:14:50,231.5175,omgusdt
228,2019-09-09 02:14:52,1782.1631,ltcusdt
228,2019-09-09 02:15:01,3149.7477,ltcbtc
226,2019-09-09 02:15:01,2742.8126,etcusdt
229,2019-09-09 02:15:08,36.6858,zrxusdt
234,2019-09-09 02:15:09,0.1622,mcoeth
228,2019-09-09 02:15:09,3267.4314,ethbtc
229,2019-09-09 02:15:11,2.9268,wtceth
230,2019-09-09 02:15:12,8876.6995,ethusdt
234,2019-09-09 02:15:17,2.823,aeeth
229,2019-09-09 02:15:18,2595.7048,ltcusdt
230,2019-09-09 02:15:19,23.4978,gntusdt
229,2019-09-09 02:15:19,10876.8761,btcusdt
229,2019-09-09 02:15:29,938.5581,ltcbtc
230,2019-09-09 02:15:34,1206.2407,omgusdt
230,2019-09-09 02:15:35,19.7434,zrxusdt
227,2019-09-09 02:15:41,2387.476,etcusdt
229,2019-09-09 02:15:42,3609.6964,ethbtc
231,2019-09-09 02:15:42,11816.6113,ethusdt
230,2019-09-09 02:15:45,58557.6632,btcusdt
231,2019-09-09 02:15:48,6.5577,gntusdt
235,2019-09-09 02:15:48,11.0177,aeeth
235,2019-09-09 02:15:52,0.2754,mcoeth
230,2019-09-09 02:15:55,64.1045,wtceth
230,2019-09-09 02:16:02,376.2409,ltcusdt
231,2019-09-09 02:16:08,874.8797,omgusdt
232,2019-09-09 02:16:08,20069.3673,ethusdt
230,2019-09-09 02:16:10,11416.3712,ethbtc
230,2019-09-09 02:16:11,4361.2031,ltcbtc
231,2019-09-09 02:16:15,28775.4338,btcusdt
232,2019-09-09 02:16:17,21.5223,gntusdt
236,2019-09-09 02:16:18,0.0426,mcoeth
228,2019-09-09 02:16:18,3533.1112,etcusdt
231,2019-09-09 02:16:19,98.4396,zrxusdt
231,2019-09-09 02:16:28,5330.2542,ltcusdt
231,2019-09-09 02:16:30,18.7821,wtceth
236,2019-09-09 02:16:31,15.5984,aeeth
237,2019-09-09 02:16:43,0.0984,mcoeth
232,2019-09-09 02:16:43,19377.9719,btcusdt
231,2019-09-09 02:16:44,9548.4732,ethbtc
233,2019-09-09 02:16:48,19899.2451,ethusdt
232,2019-09-09 02:16:51,2873.0113,omgusdt
232,2019-09-09 02:16:54,40.6779,zrxusdt
231,2019-09-09 02:16:55,6271.6448,ltcbtc
229,2019-09-09 02:16:56,3585.4152,etcusdt
233,2019-09-09 02:16:56,20.6698,gntusdt
237,2019-09-09 02:16:58,13.156,aeeth
232,2019-09-09 02:17:01,31.1902,wtceth
232,2019-09-09 02:17:03,1239.8655,ltcusdt
238,2019-09-09 02:17:12,0.7294,mcoeth
232,2019-09-09 02:17:13,3932.6086,ethbtc
233,2019-09-09 02:17:19,3894.7782,omgusdt
234,2019-09-09 02:17:21,9.6125,gntusdt
233,2019-09-09 02:17:21,78.6542,zrxusdt
234,2019-09-09 02:17:21,16214.3778,ethusdt
230,2019-09-09 02:17:24,806.2754,etcusdt
233,2019-09-09 02:17:27,28850.3525,btcusdt
232,2019-09-09 02:17:28,3140.9216,ltcbtc
238,2019-09-09 02:17:37,7.1946,aeeth
233,2019-09-09 02:17:40,1658.0455,ltcusdt
233,2019-09-09 02:17:42,2.3447,wtceth
239,2019-09-09 02:17:43,0.0755,mcoeth
233,2019-09-09 02:17:46,10855.7259,ethbtc
234,2019-09-09 02:17:46,37.6084,zrxusdt
231,2019-09-09 02:17:49,2213.1679,etcusdt
234,2019-09-09 02:18:02,4261.5422,omgusdt
234,2019-09-09 02:18:03,17770.2108,btcusdt
235,2019-09-09 02:18:03,5840.6147,ethusdt
235,2019-09-09 02:18:04,16.4156,gntusdt
239,2019-09-09 02:18:10,13.0759,aeeth
233,2019-09-09 02:18:11,6274.7792,ltcbtc
234,2019-09-09 02:18:13,5200.9088,ethbtc
240,2019-09-09 02:18:15,1.0757,mcoeth
234,2019-09-09 02:18:18,53.7887,wtceth
234,2019-09-09 02:18:20,149.3407,ltcusdt
232,2019-09-09 02:18:27,3452.4124,etcusdt
235,2019-09-09 02:18:28,2448.4016,omgusdt
235,2019-09-09 02:18:28,49677.4677,btcusdt
236,2019-09-09 02:18:29,9049.0048,ethusdt
235,2019-09-09 02:18:31,109.071,zrxusdt
235,2019-09-09 02:18:38,8032.1154,ethbtc
240,2019-09-09 02:18:38,0.1378,aeeth
235,2019-09-09 02:18:43,27.0445,wtceth
236,2019-09-09 02:18:43,5.8731,gntusdt
234,2019-09-09 02:18:51,3214.3374,ltcbtc
241,2019-09-09 02:18:51,0.478,mcoeth
236,2019-09-09 02:18:55,974.6147,omgusdt
236,2019-09-09 02:18:56,28132.4563,btcusdt
235,2019-09-09 02:18:58,3670.4541,ltcusdt
237,2019-09-09 02:19:04,1578.7496,ethusdt
233,2019-09-09 02:19:11,3516.5192,etcusdt
236,2019-09-09 02:19:12,57.5258,wtceth
236,2019-09-09 02:19:13,42.1947,zrxusdt
241,2019-09-09 02:19:14,10.204,aeeth
236,2019-09-09 02:19:16,8972.3632,ethbtc
235,2019-09-09 02:19:19,4354.0735,ltcbtc
237,2019-09-09 02:19:20,4.0992,gntusdt
237,2019-09-09 02:19:25,17844.0569,btcusdt
242,2019-09-09 02:19:26,0.1596,mcoeth
237,2019-09-09 02:19:27,1208.5525,omgusdt
236,2019-09-09 02:19:32,4210.5336,ltcusdt
238,2019-09-09 02:19:37,5036.5298,ethusdt
237,2019-09-09 02:19:37,22.8436,wtceth
234,2019-09-09 02:19:42,199.5058,etcusdt
237,2019-09-09 02:19:44,61.2371,zrxusdt
242,2019-09-09 02:19:44,11.1965,aeeth
237,2019-09-09 02:19:51,2385.493,ethbtc
238,2019-09-09 02:19:58,30.1012,gntusdt
243,2019-09-09 02:19:59,0.5726,mcoeth
236,2019-09-09 02:20:01,3907.8375,ltcbtc
238,2019-09-09 02:20:03,3101.9319,omgusdt
238,2019-09-09 02:20:03,28098.2705,btcusdt
239,2019-09-09 02:20:06,15242.3725,ethusdt
235,2019-09-09 02:20:08,546.782,etcusdt
238,2019-09-09 02:20:11,80.8461,zrxusdt
237,2019-09-09 02:20:11,1148.7576,ltcusdt
238,2019-09-09 02:20:15,17.5117,wtceth
238,2019-09-09 02:20:16,7049.9976,ethbtc
243,2019-09-09 02:20:16,3.1235,aeeth
244,2019-09-09 02:20:24,0.4497,mcoeth
239,2019-09-09 02:20:26,0.1483,gntusdt
237,2019-09-09 02:20:27,6592.1818,ltcbtc
239,2019-09-09 02:20:29,52245.7696,btcusdt
239,2019-09-09 02:20:42,96.0436,zrxusdt
239,2019-09-09 02:20:45,4217.7652,omgusdt
244,2019-09-09 02:20:47,14.3546,aeeth
239,2019-09-09 02:20:50,32.253,wtceth
245,2019-09-09 02:20:51,1.0069,mcoeth
240,2019-09-09 02:20:51,7038.5662,ethusdt
239,2019-09-09 02:20:52,11529.0316,ethbtc
236,2019-09-09 02:20:53,3381.2802,etcusdt
240,2019-09-09 02:20:54,8.5736,gntusdt
238,2019-09-09 02:20:55,3132.0311,ltcusdt
240,2019-09-09 02:21:00,60464.1995,btcusdt
240,2019-09-09 02:21:07,132.6292,zrxusdt
238,2019-09-09 02:21:11,2201.5414,ltcbtc
245,2019-09-09 02:21:13,2.4342,aeeth
240,2019-09-09 02:21:17,42.3464,wtceth
246,2019-09-09 02:21:17,0.036,mcoeth
240,2019-09-09 02:21:25,4000.0881,omgusdt
241,2019-09-09 02:21:26,50477.5389,btcusdt
241,2019-09-09 02:21:27,11.9278,gntusdt
237,2019-09-09 02:21:29,2815.5643,etcusdt
240,2019-09-09 02:21:31,9634.3976,ethbtc
241,2019-09-09 02:21:31,19524.9046,ethusdt
239,2019-09-09 02:21:40,3068.6524,ltcusdt
241,2019-09-09 02:21:47,70.9519,zrxusdt
246,2019-09-09 02:21:48,13.5246,aeeth
239,2019-09-09 02:21:50,3117.1284,ltcbtc
241,2019-09-09 02:21:51,5.3297,wtceth
242,2019-09-09 02:21:54,19.4365,gntusdt
247,2019-09-09 02:21:57,0.8265,mcoeth
241,2019-09-09 02:21:58,9406.2637,ethbtc
241,2019-09-09 02:21:59,3166.6215,omgusdt
242,2019-09-09 02:21:59,8598.4754,ethusdt
238,2019-09-09 02:22:00,1224.7948,etcusdt
240,2019-09-09 02:22:08,169.1597,ltcusdt
242,2019-09-09 02:22:08,64310.0848,btcusdt
242,2019-09-09 02:22:20,38.1359,zrxusdt
247,2019-09-09 02:22:23,9.1683,aeeth
240,2019-09-09 02:22:28,6831.186,ltcbtc
239,2019-09-09 02:22:28,3577.8758,etcusdt
248,2019-09-09 02:22:30,0.0361,mcoeth
242,2019-09-09 02:22:30,7396.5152,ethbtc
242,2019-09-09 02:22:31,248.2164,omgusdt
242,2019-09-09 02:22:33,24.336,wtceth
243,2019-09-09 02:22:39,14.0487,gntusdt
243,2019-09-09 02:22:40,14855.1368,ethusdt
243,2019-09-09 02:22:41,50308.055,btcusdt
241,2019-09-09 02:22:49,447.3021,ltcusdt
240,2019-09-09 02:22:55,2297.3584,etcusdt
249,2019-09-09 02:22:55,0.809,mcoeth
243,2019-09-09 02:22:56,41.3529,zrxusdt
243,2019-09-09 02:22:59,32.3245,wtceth
248,2019-09-09 02:22:59,2.0971,aeeth
241,2019-09-09 02:23:00,372.3259,ltcbtc
243,2019-09-09 02:23:06,6971.5267,ethbtc
243,2019-09-09 02:23:06,2355.2738,omgusdt
244,2019-09-09 02:23:11,6192.1544,btcusdt
244,2019-09-09 02:23:17,5392.8976,ethusdt
242,2019-09-09 02:23:17,5732.2537,ltcusdt
244,2019-09-09 02:23:20,11.9736,gntusdt
250,2019-09-09 02:23:21,0.6956,mcoeth
241,2019-09-09 02:23:25,3559.1915,etcusdt
242,2019-09-09 02:23:31,1483.5166,ltcbtc
244,2019-09-09 02:23:32,7513.9261,ethbtc
245,2019-09-09 02:23:36,64506.4767,btcusdt
244,2019-09-09 02:23:37,67.4737,wtceth
244,2019-09-09 02:23:41,144.4514,zrxusdt
249,2019-09-09 02:23:41,5.1974,aeeth
244,2019-09-09 02:23:46,2982.893,omgusdt
245,2019-09-09 02:23:50,1438.4623,ethusdt
251,2019-09-09 02:23:52,0.4409,mcoeth
243,2019-09-09 02:24:00,1029.4562,ltcusdt
245,2019-09-09 02:24:03,26.9128,gntusdt
246,2019-09-09 02:24:05,61284.7171,btcusdt
245,2019-09-09 02:24:06,1.8982,wtceth
243,2019-09-09 02:24:07,4251.11,ltcbtc
242,2019-09-09 02:24:07,649.5514,etcusdt
245,2019-09-09 02:24:08,36.5358,zrxusdt
245,2019-09-09 02:24:16,12071.1079,ethbtc
245,2019-09-09 02:24:16,1939.5033,omgusdt
246,2019-09-09 02:24:17,18951.0581,ethusdt
250,2019-09-09 02:24:19,3.0776,aeeth
247,2019-09-09 02:24:33,60384.6144,btcusdt
252,2019-09-09 02:24:34,0.0163,mcoeth
246,2019-09-09 02:24:35,6.0481,gntusdt
246,2019-09-09 02:24:39,19.5838,wtceth
243,2019-09-09 02:24:40,2616.0129,etcusdt
246,2019-09-09 02:24:40,130.9601,zrxusdt
244,2019-09-09 02:24:41,5706.8109,ltcbtc
244,2019-09-09 02:24:45,5186.2749,ltcusdt
247,2019-09-09 02:24:46,16153.1095,ethusdt
251,2019-09-09 02:24:47,1.7941,aeeth
246,2019-09-09 02:24:49,12577.242,ethbtc
246,2019-09-09 02:24:58,2977.7507,omgusdt
253,2019-09-09 02:25:00,0.4227,mcoeth
244,2019-09-09 02:25:07,2975.574,etcusdt
248,2019-09-09 02:25:13,11802.2978,ethusdt
252,2019-09-09 02:25:13,8.1846,aeeth
248,2019-09-09 02:25:18,33464.1627,btcusdt
247,2019-09-09 02:25:19,11084.3393,ethbtc
247,2019-09-09 02:25:20,12.4892,gntusdt
245,2019-09-09 02:25:20,1855.6863,ltcbtc
247,2019-09-09 02:25:21,52.9738,zrxusdt
247,2019-09-09 02:25:22,45.4792,wtceth
245,2019-09-09 02:25:27,4591.2401,ltcusdt
247,2019-09-09 02:25:36,2702.4996,omgusdt
254,2019-09-09 02:25:41,0.4203,mcoeth
245,2019-09-09 02:25:48,875.4744,etcusdt
248,2019-09-09 02:25:49,7.3281,wtceth
253,2019-09-09 02:25:51,12.4045,aeeth
249,2019-09-09 02:25:52,27192.4428,btcusdt
248,2019-09-09 02:25:54,5304.8854,ethbtc
249,2019-09-09 02:25:58,14117.4409,ethusdt
248,2019-09-09 02:25:59,140.6685,zrxusdt
246,2019-09-09 02:26:00,3002.5804,ltcusdt
246,2019-09-09 02:26:01,176.5215,ltcbtc
248,2019-09-09 02:26:02,1256.6703,omgusdt
248,2019-09-09 02:26:03,8.7015,gntusdt
246,2019-09-09 02:26:16,2074.5754,etcusdt
255,2019-09-09 02:26:21,0.7347,mcoeth
254,2019-09-09 02:26:24,11.6893,aeeth
249,2019-09-09 02:26:26,9.5601,wtceth
249,2019-09-09 02:26:28,2.1604,gntusdt
250,2019-09-09 02:26:29,27074.9708,btcusdt
249,2019-09-09 02:26:30,7463.0642,ethbtc
250,2019-09-09 02:26:31,15423.1815,ethusdt
249,2019-09-09 02:26:33,872.6137,omgusdt
249,2019-09-09 02:26:34,26.3361,zrxusdt
247,2019-09-09 02:26:43,4301.2246,ltcusdt
247,2019-09-09 02:26:44,2748.2107,ltcbtc
250,2019-09-09 02:26:53,67.0621,wtceth
255,2019-09-09 02:26:53,8.0684,aeeth
247,2019-09-09 02:26:53,3229.6717,etcusdt
251,2019-09-09 02:26:55,45348.4105,btcusdt
256,2019-09-09 02:26:57,0.9477,mcoeth
250,2019-09-09 02:27:04,58.6896,zrxusdt
251,2019-09-09 02:27:06,18004.9188,ethusdt
250,2019-09-09 02:27:10,9018.5179,ethbtc
250,2019-09-09 02:27:11,18.341,gntusdt
248,2019-09-09 02:27:15,6574.2791,ltcbtc
250,2019-09-09 02:27:17,2621.8989,omgusdt
248,2019-09-09 02:27:18,2846.929,etcusdt
251,2019-09-09 02:27:19,39.15,wtceth
248,2019-09-09 02:27:21,3846.7652,ltcusdt
257,2019-09-09 02:27:28,0.1034,mcoeth
256,2019-09-09 02:27:31,4.2742,aeeth
251,2019-09-09 02:27:34,91.7364,zrxusdt
252,2019-09-09 02:27:36,39633.3599,btcusdt
252,2019-09-09 02:27:37,1755.4842,ethusdt
251,2019-09-09 02:27:39,6671.3331,ethbtc
252,2019-09-09 02:27:44,24.4131,wtceth
251,2019-09-09 02:27:45,3773.6221,omgusdt
249,2019-09-09 02:27:46,2653.2798,ltcusdt
251,2019-09-09 02:27:54,13.7504,gntusdt
249,2019-09-09 02:27:54,3207.1682,etcusdt
249,2019-09-09 02:27:54,3283.9235,ltcbtc
258,2019-09-09 02:27:55,1.0456,mcoeth
253,2019-09-09 02:28:06,9696.5314,btcusdt
253,2019-09-09 02:28:09,10609.111,ethusdt
252,2019-09-09 02:28:09,58.6953,zrxusdt
257,2019-09-09 02:28:10,8.4192,aeeth
253,2019-09-09 02:28:15,15.3561,wtceth
252,2019-09-09 02:28:15,4205.0688,omgusdt
250,2019-09-09 02:28:18,651.3056,ltcusdt
250,2019-09-09 02:28:20,2478.0083,etcusdt
252,2019-09-09 02:28:24,3463.6917,ethbtc
259,2019-09-09 02:28:28,0.6478,mcoeth
254,2019-09-09 02:28:34,8676.3384,ethusdt
250,2019-09-09 02:28:38,813.6957,ltcbtc
252,2019-09-09 02:28:39,19.8353,gntusdt
254,2019-09-09 02:28:42,6.7792,wtceth
254,2019-09-09 02:28:47,15501.2523,btcusdt
253,2019-09-09 02:28:48,55.9953,zrxusdt
251,2019-09-09 02:28:48,1829.5478,etcusdt
258,2019-09-09 02:28:52,7.6082,aeeth
253,2019-09-09 02:28:59,179.7939,omgusdt
260,2019-09-09 02:29:00,1.1828,mcoeth
251,2019-09-09 02:29:00,704.4422,ltcusdt
253,2019-09-09 02:29:04,3748.835,ethbtc
255,2019-09-09 02:29:13,12087.5101,ethusdt
255,2019-09-09 02:29:16,26744.9441,btcusdt
254,2019-09-09 02:29:17,76.4561,zrxusdt
253,2019-09-09 02:29:20,25.585,gntusdt
251,2019-09-09 02:29:20,5641.4268,ltcbtc
252,2019-09-09 02:29:22,2920.6155,etcusdt
255,2019-09-09 02:29:24,43.8054,wtceth
259,2019-09-09 02:29:27,0.6719,aeeth
252,2019-09-09 02:29:29,5719.5883,ltcusdt
254,2019-09-09 02:29:29,1244.8511,omgusdt
261,2019-09-09 02:29:29,0.3845,mcoeth
254,2019-09-09 02:29:41,3144.6028,ethbtc
256,2019-09-09 02:29:48,36722.1939,btcusdt
254,2019-09-09 02:29:52,19.6373,gntusdt
256,2019-09-09 02:29:56,6844.3853,ethusdt
252,2019-09-09 02:29:58,1712.5586,ltcbtc
255,2019-09-09 02:30:00,4729.9406,omgusdt
255,2019-09-09 02:30:02,141.3144,zrxusdt
256,2019-09-09 02:30:02,6.9746,wtceth
253,2019-09-09 02:30:04,1732.2462,etcusdt
260,2019-09-09 02:30:09,7.8562,aeeth
255,2019-09-09 02:30:09,2365.165,ethbtc
262,2019-09-09 02:30:09,0.0772,mcoeth
253,2019-09-09 02:30:12,272.9042,ltcusdt
255,2019-09-09 02:30:25,0.3037,gntusdt
257,2019-09-09 02:30:28,12861.3068,ethusdt
257,2019-09-09 02:30:28,3445.3,btcusdt
253,2019-09-09 02:30:31,5742.0753,ltcbtc
256,2019-09-09 02:30:31,3093.7175,omgusdt
257,2019-09-09 02:30:33,42.3077,wtceth
263,2019-09-09 02:30:35,0.5053,mcoeth
254,2019-09-09 02:30:38,1926.9303,etcusdt
256,2019-09-09 02:30:38,150.494,zrxusdt
256,2019-09-09 02:30:39,2762.7511,ethbtc
261,2019-09-09 02:30:46,10.7059,aeeth
254,2019-09-09 02:30:46,210.3606,ltcusdt
254,2019-09-09 02:30:57,4602.3153,ltcbtc
258,2019-09-09 02:30:59,51.6105,wtceth
257,2019-09-09 02:31:06,4143.017,omgusdt
256,2019-09-09 02:31:07,28.1147,gntusdt
258,2019-09-09 02:31:07,40243.5208,btcusdt
258,2019-09-09 02:31:11,4304.1862,ethusdt
264,2019-09-09 02:31:15,0.3913,mcoeth
257,2019-09-09 02:31:18,119.7914,zrxusdt
262,2019-09-09 02:31:18,2.364,aeeth
255,2019-09-09 02:31:20,309.1615,etcusdt
257,2019-09-09 02:31:22,1063.0214,ethbtc
255,2019-09-09 02:31:30,5176.3859,ltcusdt
259,2019-09-09 02:31:33,32.396,wtceth
259,2019-09-09 02:31:34,43976.1538,btcusdt
255,2019-09-09 02:31:36,813.6539,ltcbtc
257,2019-09-09 02:31:40,14.3506,gntusdt
258,2019-09-09 02:31:45,3276.4643,omgusdt
258,2019-09-09 02:31:50,6.6014,zrxusdt
263,2019-09-09 02:31:52,13.0242,aeeth
259,2019-09-09 02:31:53,17249.0513,ethusdt
265,2019-09-09 02:31:55,1.2127,mcoeth
256,2019-09-09 02:31:58,3661.8306,etcusdt
258,2019-09-09 02:32:02,9438.9218,ethbtc
260,2019-09-09 02:32:04,63.4878,wtceth
260,2019-09-09 02:32:07,9315.1466,btcusdt
256,2019-09-09 02:32:11,5396.0004,ltcbtc
256,2019-09-09 02:32:15,3411.7603,ltcusdt
259,2019-09-09 02:32:17,2388.4736,omgusdt
259,2019-09-09 02:32:20,10.7287,zrxusdt
264,2019-09-09 02:32:23,13.1844,aeeth
258,2019-09-09 02:32:24,3.0008,gntusdt
266,2019-09-09 02:32:27,0.743,mcoeth
257,2019-09-09 02:32:28,436.0007,etcusdt
260,2019-09-09 02:32:34,7555.2333,ethusdt
259,2019-09-09 02:32:34,4873.266,ethbtc
261,2019-09-09 02:32:39,19298.1051,btcusdt
261,2019-09-09 02:32:49,39.7059,wtceth
260,2019-09-09 02:32:51,4350.4942,omgusdt
257,2019-09-09 02:32:52,5368.5625,ltcusdt
257,2019-09-09 02:32:53,6170.1092,ltcbtc
258,2019-09-09 02:32:59,1072.3462,etcusdt
260,2019-09-09 02:33:00,92.5016,zrxusdt
259,2019-09-09 02:33:01,13.5554,gntusdt
265,2019-09-09 02:33:04,4.7371,aeeth
260,2019-09-09 02:33:05,9159.0857,ethbtc
267,2019-09-09 02:33:09,0.0861,mcoeth
261,2019-09-09 02:33:15,6687.6763,ethusdt
262,2019-09-09 02:33:22,15852.5869,btcusdt
258,2019-09-09 02:33:23,2150.3681,ltcbtc
258,2019-09-09 02:33:26,540.3158,ltcusdt
259,2019-09-09 02:33:26,299.0148,etcusdt
262,2019-09-09 02:33:32,21.7826,wtceth
261,2019-09-09 02:33:33,4470.1772,omgusdt
268,2019-09-09 02:33:36,0.2491,mcoeth
261,2019-09-09 02:33:43,118.571,zrxusdt
260,2019-09-09 02:33:43,2.8494,gntusdt
266,2019-09-09 02:33:44,14.935,aeeth
261,2019-09-09 02:33:45,437.7931,ethbtc
262,2019-09-09 02:33:45,13336.6171,ethusdt
263,2019-09-09 02:33:54,53766.071,btcusdt
259,2019-09-09 02:33:56,5728.4107,ltcusdt
260,2019-09-09 02:33:57,2173.4824,etcusdt
259,2019-09-09 02:34:02,453.8247,ltcbtc
262,2019-09-09 02:34:14,1429.5982,omgusdt
263,2019-09-09 02:34:14,65.4197,wtceth
262,2019-09-09 02:34:18,12587.6888,ethbtc
261,2019-09-09 02:34:19,4.4028,gntusdt
264,2019-09-09 02:34:19,49850.5821,btcusdt
269,2019-09-09 02:34:20,0.5115,mcoeth
267,2019-09-09 02:34:25,7.2689,aeeth
263,2019-09-09 02:34:26,14707.1674,ethusdt
262,2019-09-09 02:34:26,19.4355,zrxusdt
261,2019-09-09 02:34:28,1041.5257,etcusdt
260,2019-09-09 02:34:33,5236.3975,ltcusdt
260,2019-09-09 02:34:41,2514.0951,ltcbtc
263,2019-09-09 02:34:44,1356.8521,ethbtc
265,2019-09-09 02:34:46,48998.1828,btcusdt
264,2019-09-09 02:34:54,16166.4179,ethusdt
270,2019-09-09 02:34:54,0.3811,mcoeth
262,2019-09-09 02:34:55,23.4651,gntusdt
264,2019-09-09 02:34:57,62.9203,wtceth
263,2019-09-09 02:34:58,4811.693,omgusdt
263,2019-09-09 02:35:02,78.8235,zrxusdt
262,2019-09-09 02:35:04,2623.7949,etcusdt
268,2019-09-09 02:35:04,6.5925,aeeth
261,2019-09-09 02:35:07,4092.6871,ltcbtc
261,2019-09-09 02:35:11,3031.5403,ltcusdt
263,2019-09-09 02:35:21,29.0162,gntusdt
264,2019-09-09 02:35:23,9626.8494,ethbtc
266,2019-09-09 02:35:26,30623.6332,btcusdt
265,2019-09-09 02:35:27,14809.6479,ethusdt
264,2019-09-09 02:35:27,916.8228,omgusdt
265,2019-09-09 02:35:36,21.2984,wtceth
269,2019-09-09 02:35:38,6.9838,aeeth
271,2019-09-09 02:35:39,0.9791,mcoeth
263,2019-09-09 02:35:41,621.8357,etcusdt
264,2019-09-09 02:35:47,99.6121,zrxusdt
264,2019-09-09 02:35:47,5.0883,gntusdt
262,2019-09-09 02:35:49,1969.4396,ltcusdt
262,2019-09-09 02:35:50,6833.4391,ltcbtc
267,2019-09-09 02:35:55,6051.1944,btcusdt
265,2019-09-09 02:35:55,3854.8407,omgusdt
266,2019-09-09 02:35:56,1770.7754,ethusdt
265,2019-09-09 02:36:04,10823.0511,ethbtc
270,2019-09-09 02:36:10,9.2551,aeeth
266,2019-09-09 02:36:12,37.2097,wtceth
265,2019-09-09 02:36:14,30.8797,gntusdt
272,2019-09-09 02:36:19,0.7727,mcoeth
263,2019-09-09 02:36:20,824.7252,ltcbtc
264,2019-09-09 02:36:21,3224.6658,etcusdt
263,2019-09-09 02:36:25,3786.8906,ltcusdt
265,2019-09-09 02:36:26,68.6102,zrxusdt
266,2019-09-09 02:36:29,3568.3085,ethbtc
266,2019-09-09 02:36:32,3522.7896,omgusdt
268,2019-09-09 02:36:36,38139.9745,btcusdt
267,2019-09-09 02:36:41,9328.2862,ethusdt
266,2019-09-09 02:36:45,5.3083,gntusdt
271,2019-09-09 02:36:47,6.3109,aeeth
265,2019-09-09 02:36:48,3526.0429,etcusdt
264,2019-09-09 02:36:49,4019.9528,ltcbtc
273,2019-09-09 02:36:49,0.8301,mcoeth
267,2019-09-09 02:36:56,33.2938,wtceth
264,2019-09-09 02:36:58,527.65,ltcusdt
266,2019-09-09 02:37:00,129.6227,zrxusdt
267,2019-09-09 02:37:06,642.2189,omgusdt
267,2019-09-09 02:37:06,9098.6417,ethbtc
269,2019-09-09 02:37:09,23487.7783,btcusdt
267,2019-09-09 02:37:14,24.6221,gntusdt
268,2019-09-09 02:37:16,2937.5147,ethusdt
272,2019-09-09 02:37:17,11.0519,aeeth
265,2019-09-09 02:37:20,1791.1051,ltcbtc
266,2019-09-09 02:37:27,2227.7853,etcusdt
274,2019-09-09 02:37:28,0.5002,mcoeth
267,2019-09-09 02:37:31,24.8179,zrxusdt
268,2019-09-09 02:37:34,3270.7633,ethbtc
268,2019-09-09 02:37:36,7.0647,wtceth
270,2019-09-09 02:37:37,7777.1297,btcusdt
265,2019-09-09 02:37:43,382.7626,ltcusdt
268,2019-09-09 02:37:46,4468.5217,omgusdt
273,2019-09-09 02:37:51,16.1307,aeeth
268,2019-09-09 02:37:51,10.1713,gntusdt
267,2019-09-09 02:37:58,1536.1394,etcusdt
275,2019-09-09 02:37:59,0.5535,mcoeth
269,2019-09-09 02:37:59,18213.8425,ethusdt
266,2019-09-09 02:38:04,4266.5213,ltcbtc
269,2019-09-09 02:38:10,24.2752,wtceth
268,2019-09-09 02:38:10,124.8928,zrxusdt
266,2019-09-09 02:38:12,3576.5128,ltcusdt
269,2019-09-09 02:38:17,13082.864,ethbtc
269,2019-09-09 02:38:21,1.6496,gntusdt
274,2019-09-09 02:38:21,6.8987,aeeth
271,2019-09-09 02:38:21,48811.4484,btcusdt
268,2019-09-09 02:38:26,694.7737,etcusdt
269,2019-09-09 02:38:31,2243.2063,omgusdt
267,2019-09-09 02:38:35,1635.1651,ltcbtc
276,2019-09-09 02:38:41,1.1773,mcoeth
270,2019-09-09 02:38:43,18464.7717,ethusdt
272,2019-09-09 02:38:46,12785.1147,btcusdt
275,2019-09-09 02:38:48,2.1493,aeeth
270,2019-09-09 02:38:50,13734.3825,ethbtc
267,2019-09-09 02:38:50,3882.0045,ltcusdt
270,2019-09-09 02:38:50,20.8132,wtceth
269,2019-09-09 02:38:52,79.4051,zrxusdt
270,2019-09-09 02:39:02,28.9753,gntusdt
268,2019-09-09 02:39:05,225.7989,ltcbtc
270,2019-09-09 02:39:07,4011.5817,omgusdt
269,2019-09-09 02:39:11,1886.1923,etcusdt
271,2019-09-09 02:39:17,51.1704,wtceth
276,2019-09-09 02:39:23,2.6972,aeeth
277,2019-09-09 02:39:24,1.0749,mcoeth
271,2019-09-09 02:39:26,202.5252,ethusdt
273,2019-09-09 02:39:26,53847.4742,btcusdt
271,2019-09-09 02:39:27,7.9318,gntusdt
270,2019-09-09 02:39:30,149.3846,zrxusdt
271,2019-09-09 02:39:33,1109.8891,ethbtc
268,2019-09-09 02:39:34,5344.1782,ltcusdt
271,2019-09-09 02:39:35,627.4857,omgusdt
270,2019-09-09 02:39:45,3207.1225,etcusdt
272,2019-09-09 02:39:47,37.6721,wtceth
269,2019-09-09 02:39:48,3632.096,ltcbtc
277,2019-09-09 02:39:51,10.7434,aeeth
274,2019-09-09 02:39:52,29599.3107,btcusdt
272,2019-09-09 02:39:54,12449.2513,ethusdt
272,2019-09-09 02:39:55,24.9461,gntusdt
278,2019-09-09 02:40:00,0.9645,mcoeth
272,2019-09-09 02:40:01,2700.0839,omgusdt
271,2019-09-09 02:40:03,128.9335,zrxusdt
272,2019-09-09 02:40:09,842.943,ethbtc
269,2019-09-09 02:40:10,2557.8951,ltcusdt
271,2019-09-09 02:40:14,2654.3259,etcusdt
270,2019-09-09 02:40:17,2320.4184,ltcbtc
273,2019-09-09 02:40:27,2300.3807,omgusdt
275,2019-09-09 02:40:29,55943.5624,btcusdt
273,2019-09-09 02:40:31,22.2358,wtceth
273,2019-09-09 02:40:31,14611.8165,ethusdt
278,2019-09-09 02:40:32,14.8363,aeeth
273,2019-09-09 02:40:34,29.9722,ethbtc
273,2019-09-09 02:40:34,22.8641,gntusdt
279,2019-09-09 02:40:39,0.8797,mcoeth
272,2019-09-09 02:40:40,1116.4083,etcusdt
272,2019-09-09 02:40:48,46.5237,zrxusdt
271,2019-09-09 02:40:48,3753.2773,ltcbtc
270,2019-09-09 02:40:55,2650.021,ltcusdt
274,2019-09-09 02:41:02,14364.9469,ethusdt
276,2019-09-09 02:41:03,20275.3371,btcusdt
274,2019-09-09 02:41:03,2655.8007,omgusdt
280,2019-09-09 02:41:09,0.8431,mcoeth
274,2019-09-09 02:41:10,11.9872,gntusdt
279,2019-09-09 02:41:11,5.3313,aeeth
274,2019-09-09 02:41:11,28.5589,wtceth
273,2019-09-09 02:41:17,3610.8215,etcusdt
274,2019-09-09 02:41:17,2818.3109,ethbtc
273,2019-09-09 02:41:23,99.8385,zrxusdt
272,2019-09-09 02:41:25,2831.1841,ltcbtc
277,2019-09-09 02:41:36,11289.2526,btcusdt
271,2019-09-09 02:41:37,4172.7876,ltcusdt
275,2019-09-09 02:41:40,3726.1179,ethusdt
275,2019-09-09 02:41:40,12.1849,gntusdt
280,2019-09-09 02:41:41,7.9174,aeeth
274,2019-09-09 02:41:44,2966.8689,etcusdt
275,2019-09-09 02:41:44,2109.7828,omgusdt
281,2019-09-09 02:41:47,0.5631,mcoeth
275,2019-09-09 02:41:50,8330.9889,ethbtc
275,2019-09-09 02:41:54,32.9439,wtceth
273,2019-09-09 02:41:58,6889.9284,ltcbtc
272,2019-09-09 02:42:07,4205.3619,ltcusdt
274,2019-09-09 02:42:08,137.9306,zrxusdt
281,2019-09-09 02:42:08,12.3348,aeeth
282,2019-09-09 02:42:13,0.5997,mcoeth
276,2019-09-09 02:42:14,21.7275,gntusdt
275,2019-09-09 02:42:19,2307.6959,etcusdt
278,2019-09-09 02:42:20,2928.4455,btcusdt
276,2019-09-09 02:42:22,5012.9041,ethusdt
276,2019-09-09 02:42:26,2330.3467,omgusdt
276,2019-09-09 02:42:33,35.8956,wtceth
275,2019-09-09 02:42:34,33.116,zrxusdt
276,2019-09-09 02:42:35,66.0101,ethbtc
282,2019-09-09 02:42:37,8.7408,aeeth
273,2019-09-09 02:42:39,5278.0838,ltcusdt
274,2019-09-09 02:42:43,3932.8566,ltcbtc
277,2019-09-09 02:42:43,24.7128,gntusdt
276,2019-09-09 02:42:45,170.1551,etcusdt
279,2019-09-09 02:42:52,5170.7606,btcusdt
277,2019-09-09 02:42:52,14501.061,ethusdt
283,2019-09-09 02:42:57,0.8857,mcoeth
277,2019-09-09 02:43:04,11.1303,wtceth
283,2019-09-09 02:43:05,15.43,aeeth
277,2019-09-09 02:43:05,1847.8924,omgusdt
274,2019-09-09 02:43:08,254.945,ltcusdt
276,2019-09-09 02:43:15,94.0478,zrxusdt
277,2019-09-09 02:43:18,8328.5377,ethbtc
277,2019-09-09 02:43:20,3750.6114,etcusdt
275,2019-09-09 02:43:21,4112.3841,ltcbtc
278,2019-09-09 02:43:22,23.6443,gntusdt
278,2019-09-09 02:43:24,16184.5108,ethusdt
280,2019-09-09 02:43:28,68152.6768,btcusdt
278,2019-09-09 02:43:32,271.2086,omgusdt
278,2019-09-09 02:43:37,41.1332,wtceth
284,2019-09-09 02:43:37,0.2858,mcoeth
278,2019-09-09 02:43:48,3269.3407,etcusdt
277,2019-09-09 02:43:49,10.506,zrxusdt
284,2019-09-09 02:43:49,13.8635,aeeth
275,2019-09-09 02:43:49,5331.6141,ltcusdt
276,2019-09-09 02:43:53,3611.2126,ltcbtc
281,2019-09-09 02:43:57,25770.4119,btcusdt
279,2019-09-09 02:43:58,3169.7026,omgusdt
278,2019-09-09 02:43:59,12713.9076,ethbtc
279,2019-09-09 02:44:01,30.4893,gntusdt
279,2019-09-09 02:44:06,870.6003,ethusdt
285,2019-09-09 02:44:14,1.1442,mcoeth
279,2019-09-09 02:44:14,679.4862,etcusdt
276,2019-09-09 02:44:15,3300.5014,ltcusdt
285,2019-09-09 02:44:16,9.8234,aeeth
279,2019-09-09 02:44:17,12.4189,wtceth
278,2019-09-09 02:44:18,94.028,zrxusdt
280,2019-09-09 02:44:29,27.1416,gntusdt
280,2019-09-09 02:44:34,9244.1019,ethusdt
280,2019-09-09 02:44:35,4101.301,omgusdt
277,2019-09-09 02:44:36,1515.7198,ltcbtc
286,2019-09-09 02:44:39,0.6857,mcoeth
282,2019-09-09 02:44:41,5505.4175,btcusdt
279,2019-09-09 02:44:44,13217.7584,ethbtc
286,2019-09-09 02:44:48,12.4411,aeeth
279,2019-09-09 02:44:48,13.9739,zrxusdt
280,2019-09-09 02:44:54,1824.518,etcusdt
280,2019-09-09 02:44:55,40.2727,wtceth
277,2019-09-09 02:44:59,267.2647,ltcusdt
281,2019-09-09 02:45:01,4186.6204,omgusdt
281,2019-09-09 02:45:03,12.9056,gntusdt
281,2019-09-09 02:45:09,8615.533,ethusdt
280,2019-09-09 02:45:11,11106.7525,ethbtc
287,2019-09-09 02:45:12,0.1918,mcoeth
283,2019-09-09 02:45:16,51634.1124,btcusdt
278,2019-09-09 02:45:18,5576.6003,ltcbtc
287,2019-09-09 02:45:25,7.6618,aeeth
280,2019-09-09 02:45:28,133.5399,zrxusdt
281,2019-09-09 02:45:30,2074.3958,etcusdt
281,2019-09-09 02:45:35,42.6904,wtceth
278,2019-09-09 02:45:38,2391.2718,ltcusdt
281,2019-09-09 02:45:40,4787.9452,ethbtc
282,2019-09-09 02:45:41,1610.9701,omgusdt
282,2019-09-09 02:45:43,3.7651,gntusdt
279,2019-09-09 02:45:47,4555.5299,ltcbtc
288,2019-09-09 02:45:48,0.4111,mcoeth
282,2019-09-09 02:45:52,9445.6904,ethusdt
281,2019-09-09 02:45:53,1.8071,zrxusdt
284,2019-09-09 02:45:57,59507.8703,btcusdt
288,2019-09-09 02:46:02,0.5982,aeeth
283,2019-09-09 02:46:06,3274.3227,omgusdt
282,2019-09-09 02:46:08,2.1527,wtceth
280,2019-09-09 02:46:12,6527.2384,ltcbtc
282,2019-09-09 02:46:13,2016.1718,etcusdt
279,2019-09-09 02:46:16,4799.3432,ltcusdt
282,2019-09-09 02:46:19,134.9836,zrxusdt
283,2019-09-09 02:46:20,8495.2489,ethusdt
282,2019-09-09 02:46:20,13690.0177,ethbtc
283,2019-09-09 02:46:27,26.145,gntusdt
289,2019-09-09 02:46:30,12.5837,aeeth
289,2019-09-09 02:46:32,0.9469,mcoeth
285,2019-09-09 02:46:40,10712.6752,btcusdt
284,2019-09-09 02:46:44,2203.8498,omgusdt
283,2019-09-09 02:46:44,3427.8764,etcusdt
283,2019-09-09 02:46:46,59.815,wtceth
284,2019-09-09 02:46:47,10766.5286,ethusdt
283,2019-09-09 02:46:53,153.2931,zrxusdt
281,2019-09-09 02:46:54,3409.5897,ltcbtc
280,2019-09-09 02:46:57,796.2916,ltcusdt
290,2019-09-09 02:46:59,15.7503,aeeth
283,2019-09-09 02:47:02,5407.3361,ethbtc
290,2019-09-09 02:47:08,0.3783,mcoeth
284,2019-09-09 02:47:12,47.3005,etcusdt
284,2019-09-09 02:47:12,4.5562,gntusdt
286,2019-09-09 02:47:13,55501.8093,btcusdt
284,2019-09-09 02:47:19,26.4644,wtceth
282,2019-09-09 02:47:20,3132.1763,ltcbtc
281,2019-09-09 02:47:26,5691.8432,ltcusdt
284,2019-09-09 02:47:26,10.3587,zrxusdt
285,2019-09-09 02:47:26,4405.4976,omgusdt
285,2019-09-09 02:47:32,10810.1223,ethusdt
291,2019-09-09 02:47:35,0.3976,mcoeth
291,2019-09-09 02:47:37,6.8082,aeeth
285,2019-09-09 02:47:41,3.0393,gntusdt
285,2019-09-09 02:47:42,721.9168,etcusdt
287,2019-09-09 02:47:43,50771.0747,btcusdt
284,2019-09-09 02:47:45,10345.1816,ethbtc
285,2019-09-09 02:47:55,67.9574,wtceth
283,2019-09-09 02:48:01,706.3526,ltcbtc
285,2019-09-09 02:48:02,5.279,zrxusdt
286,2019-09-09 02:48:03,1012.3993,omgusdt
292,2019-09-09 02:48:04,0.07,mcoeth
292,2019-09-09 02:48:05,13.669,aeeth
282,2019-09-09 02:48:08,5325.8354,ltcusdt
286,2019-09-09 02:48:09,9.6256,gntusdt
286,2019-09-09 02:48:10,8329.4424,ethusdt
285,2019-09-09 02:48:15,7882.3529,ethbtc
288,2019-09-09 02:48:18,16357.5505,btcusdt
286,2019-09-09 02:48:19,3695.7344,etcusdt
286,2019-09-09 02:48:21,7.0825,wtceth
287,2019-09-09 02:48:31,757.1056,omgusdt
284,2019-09-09 02:48:35,4662.4885,ltcbtc
287,2019-09-09 02:48:36,18.6786,gntusdt
286,2019-09-09 02:48:44,121.2564,zrxusdt
293,2019-09-09 02:48:45,0.7116,mcoeth
293,2019-09-09 02:48:46,5.0118,aeeth
287,2019-09-09 02:48:46,59.3265,wtceth
287,2019-09-09 02:48:48,12585.9343,ethusdt
283,2019-09-09 02:48:51,5348.4932,ltcusdt
289,2019-09-09 02:48:52,13297.9512,btcusdt
286,2019-09-09 02:48:53,7937.6479,ethbtc
288,2019-09-09 02:48:58,584.4967,omgusdt
285,2019-09-09 02:49:02,5124.1827,ltcbtc
287,2019-09-09 02:49:03,1544.2743,etcusdt
288,2019-09-09 02:49:11,2.1149,gntusdt
288,2019-09-09 02:49:14,65.1429,wtceth
284,2019-09-09 02:49:21,1491.7502,ltcusdt
287,2019-09-09 02:49:22,45.8661,zrxusdt
288,2019-09-09 02:49:30,5191.2139,ethusdt
294,2019-09-09 02:49:30,1.0833,mcoeth
294,2019-09-09 02:49:31,1.6316,aeeth
290,2019-09-09 02:49:31,52389.0572,btcusdt
288,2019-09-09 02:49:32,2677.5629,etcusdt
286,2019-09-09 02:49:33,5206.6066,ltcbtc
287,2019-09-09 02:49:33,1616.5627,ethbtc
289,2019-09-09 02:49:39,1464.5377,omgusdt
289,2019-09-09 02:49:41,18.4294,wtceth
288,2019-09-09 02:49:51,33.3722,zrxusdt
289,2019-09-09 02:49:55,15.9158,gntusdt
289,2019-09-09 02:49:56,5277.2179,ethusdt
285,2019-09-09 02:49:58,3748.8246,ltcusdt
295,2019-09-09 02:50:00,0.8312,mcoeth
295,2019-09-09 02:50:05,3.5493,aeeth
291,2019-09-09 02:50:06,6135.6371,btcusdt
290,2019-09-09 02:50:07,4.6445,wtceth
290,2019-09-09 02:50:11,975.8379,omgusdt
288,2019-09-09 02:50:12,13293.8292,ethbtc
287,2019-09-09 02:50:14,2305.8841,ltcbtc
289,2019-09-09 02:50:14,1415.942,etcusdt
289,2019-09-09 02:50:16,142.4212,zrxusdt
290,2019-09-09 02:50:28,18.44,gntusdt
290,2019-09-09 02:50:31,13129.3088,ethusdt
291,2019-09-09 02:50:32,39.0882,wtceth
296,2019-09-09 02:50:36,8.8888,aeeth
296,2019-09-09 02:50:37,0.245,mcoeth
291,2019-09-09 02:50:42,1899.357,omgusdt
286,2019-09-09 02:50:42,4412.3831,ltcusdt
289,2019-09-09 02:50:43,5239.3557,ethbtc
292,2019-09-09 02:50:43,23593.4208,btcusdt
288,2019-09-09 02:50:48,2310.1181,ltcbtc
290,2019-09-09 02:50:49,111.3278,zrxusdt
290,2019-09-09 02:50:51,2966.8222,etcusdt
291,2019-09-09 02:50:57,6.3316,gntusdt
297,2019-09-09 02:51:05,0.4987,mcoeth
291,2019-09-09 02:51:10,591.9123,ethusdt
293,2019-09-09 02:51:13,50827.4073,btcusdt
297,2019-09-09 02:51:15,14.5796,aeeth
290,2019-09-09 02:51:16,12725.1838,ethbtc
292,2019-09-09 02:51:17,19.2728,wtceth
292,2019-09-09 02:51:20,3667.4612,omgusdt
291,2019-09-09 02:51:21,58.6969,zrxusdt
289,2019-09-09 02:51:21,1570.1565,ltcbtc
287,2019-09-09 02:51:22,1369.2237,ltcusdt
291,2019-09-09 02:51:28,3559.5995,etcusdt
292,2019-09-09 02:51:38,15.6722,gntusdt
292,2019-09-09 02:51:41,10717.8075,ethusdt
291,2019-09-09 02:51:42,10621.4984,ethbtc
298,2019-09-09 02:51:43,0.1448,mcoeth
298,2019-09-09 02:51:43,10.2947,aeeth
288,2019-09-09 02:51:48,4293.2357,ltcusdt
290,2019-09-09 02:51:48,3595.5602,ltcbtc
293,2019-09-09 02:51:49,4698.8874,omgusdt
294,2019-09-09 02:51:50,64271.388,btcusdt
292,2019-09-09 02:51:53,1937.1934,etcusdt
293,2019-09-09 02:51:55,39.1912,wtceth
292,2019-09-09 02:52:01,103.4139,zrxusdt
293,2019-09-09 02:52:10,19.7826,gntusdt
293,2019-09-09 02:52:10,13475.8263,ethusdt
299,2019-09-09 02:52:13,0.2142,mcoeth
292,2019-09-09 02:52:13,1703.4284,ethbtc
291,2019-09-09 02:52:14,4325.1322,ltcbtc
299,2019-09-09 02:52:15,3.7815,aeeth
294,2019-09-09 02:52:23,35.3542,wtceth
293,2019-09-09 02:52:23,2695.5465,etcusdt
289,2019-09-09 02:52:26,3814.537,ltcusdt
294,2019-09-09 02:52:28,258.4972,omgusdt
295,2019-09-09 02:52:28,42860.7139,btcusdt
293,2019-09-09 02:52:29,51.8621,zrxusdt
300,2019-09-09 02:52:41,0.3108,mcoeth
294,2019-09-09 02:52:47,2188.4884,ethusdt
294,2019-09-09 02:52:47,24.2508,gntusdt
294,2019-09-09 02:52:48,3322.9567,etcusdt
300,2019-09-09 02:52:49,7.6178,aeeth
293,2019-09-09 02:52:52,11981.2937,ethbtc
295,2019-09-09 02:52:53,7.4797,wtceth
295,2019-09-09 02:52:55,610.4392,omgusdt
290,2019-09-09 02:52:57,2816.4294,ltcusdt
292,2019-09-09 02:52:58,5051.8377,ltcbtc
296,2019-09-09 02:53:01,6610.6033,btcusdt
301,2019-09-09 02:53:06,0.3567,mcoeth
294,2019-09-09 02:53:08,29.1704,zrxusdt
295,2019-09-09 02:53:16,1701.4682,ethusdt
295,2019-09-09 02:53:23,2430.5667,etcusdt
296,2019-09-09 02:53:25,17.1729,wtceth
293,2019-09-09 02:53:26,2879.2645,ltcbtc
297,2019-09-09 02:53:28,45858.8278,btcusdt
295,2019-09-09 02:53:30,2.5179,gntusdt
301,2019-09-09 02:53:30,7.3972,aeeth
294,2019-09-09 02:53:32,11302.509,ethbtc
296,2019-09-09 02:53:34,3475.6965,omgusdt
291,2019-09-09 02:53:39,1343.4797,ltcusdt
302,2019-09-09 02:53:42,0.7354,mcoeth
295,2019-09-09 02:53:46,57.7837,zrxusdt
296,2019-09-09 02:53:48,1040.9249,ethusdt
298,2019-09-09 02:53:55,40572.3641,btcusdt
296,2019-09-09 02:53:58,2864.5821,etcusdt
297,2019-09-09 02:54:01,40.4967,wtceth
295,2019-09-09 02:54:03,7752.792,ethbtc
292,2019-09-09 02:54:06,2552.5727,ltcusdt
294,2019-09-09 02:54:09,164.258,ltcbtc
297,2019-09-09 02:54:09,4204.4562,omgusdt
302,2019-09-09 02:54:10,5.1299,aeeth
303,2019-09-09 02:54:12,1.0542,mcoeth
296,2019-09-09 02:54:15,14.1122,zrxusdt
296,2019-09-09 02:54:15,28.3283,gntusdt
297,2019-09-09 02:54:23,8090.7978,ethusdt
296,2019-09-09 02:54:30,12586.2145,ethbtc
297,2019-09-09 02:54:32,322.0786,etcusdt
298,2019-09-09 02:54:38,31.2065,wtceth
293,2019-09-09 02:54:39,1188.1166,ltcusdt
299,2019-09-09 02:54:40,12955.2541,btcusdt
295,2019-09-09 02:54:45,538.5257,ltcbtc
303,2019-09-09 02:54:47,11.6089,aeeth
304,2019-09-09 02:54:48,0.4389,mcoeth
298,2019-09-09 02:54:48,2927.6832,omgusdt
297,2019-09-09 02:54:52,11.0235,gntusdt
298,2019-09-09 02:54:52,10428.0174,ethusdt
297,2019-09-09 02:54:54,43.5417,zrxusdt
297,2019-09-09 02:54:55,8034.9474,ethbtc
298,2019-09-09 02:55:05,368.0962,etcusdt
296,2019-09-09 02:55:13,2387.324,ltcbtc
299,2019-09-09 02:55:14,3282.8051,omgusdt
299,2019-09-09 02:55:15,24.7955,wtceth
304,2019-09-09 02:55:17,0.2434,aeeth
300,2019-09-09 02:55:22,15345.3478,btcusdt
298,2019-09-09 02:55:23,6777.0046,ethbtc
294,2019-09-09 02:55:24,2762.2582,ltcusdt
299,2019-09-09 02:55:26,14391.5634,ethusdt
305,2019-09-09 02:55:31,1.1339,mcoeth
298,2019-09-09 02:55:31,7.4666,gntusdt
298,2019-09-09 02:55:33,50.6509,zrxusdt
300,2019-09-09 02:55:39,4262.5178,omgusdt
299,2019-09-09 02:55:46,616.123,etcusdt
305,2019-09-09 02:55:48,9.4021,aeeth
295,2019-09-09 02:55:49,2797.0138,ltcusdt
300,2019-09-09 02:55:50,63.003,wtceth
301,2019-09-09 02:55:50,60983.8367,btcusdt
297,2019-09-09 02:55:52,3690.4865,ltcbtc
299,2019-09-09 02:55:59,556.0573,ethbtc
306,2019-09-09 02:56:03,1.2217,mcoeth
299,2019-09-09 02:56:06,25.7039,gntusdt
301,2019-09-09 02:56:07,4651.3919,omgusdt
300,2019-09-09 02:56:08,995.3363,ethusdt
299,2019-09-09 02:56:10,120.1046,zrxusdt
302,2019-09-09 02:56:21,10717.7721,btcusdt
306,2019-09-09 02:56:22,14.607,aeeth
296,2019-09-09 02:56:23,557.0022,ltcusdt
300,2019-09-09 02:56:24,11286.9375,ethbtc
300,2019-09-09 02:56:24,1410.3495,etcusdt
307,2019-09-09 02:56:30,1.0134,mcoeth
301,2019-09-09 02:56:34,18.6585,wtceth
300,2019-09-09 02:56:37,23.2314,gntusdt
298,2019-09-09 02:56:37,3676.4832,ltcbtc
300,2019-09-09 02:56:41,109.5188,zrxusdt
302,2019-09-09 02:56:42,4249.3002,omgusdt
297,2019-09-09 02:56:50,856.1689,ltcusdt
301,2019-09-09 02:56:52,13794.9986,ethusdt
308,2019-09-09 02:56:57,0.1837,mcoeth
303,2019-09-09 02:57:01,36365.4622,btcusdt
302,2019-09-09 02:57:05,55.5573,wtceth
307,2019-09-09 02:57:05,3.5839,aeeth
301,2019-09-09 02:57:06,174.6906,etcusdt
301,2019-09-09 02:57:07,3.0327,gntusdt
301,2019-09-09 02:57:07,6249.3682,ethbtc
299,2019-09-09 02:57:16,3064.3532,ltcbtc
301,2019-09-09 02:57:16,143.7082,zrxusdt
298,2019-09-09 02:57:18,153.2535,ltcusdt
303,2019-09-09 02:57:23,3717.9368,omgusdt
302,2019-09-09 02:57:30,5234.5798,ethusdt
304,2019-09-09 02:57:31,58347.6557,btcusdt
302,2019-09-09 02:57:31,2842.8077,etcusdt
302,2019-09-09 02:57:34,6733.8189,ethbtc
302,2019-09-09 02:57:36,16.4317,gntusdt
309,2019-09-09 02:57:40,1.0276,mcoeth
302,2019-09-09 02:57:42,107.2361,zrxusdt
300,2019-09-09 02:57:42,1835.9495,ltcbtc
303,2019-09-09 02:57:46,47.5596,wtceth
308,2019-09-09 02:57:46,5.7052,aeeth
304,2019-09-09 02:57:54,71.5761,omgusdt
299,2019-09-09 02:57:56,2149.205,ltcusdt
303,2019-09-09 02:57:59,9374.6756,ethusdt
303,2019-09-09 02:58:03,1.0591,gntusdt
305,2019-09-09 02:58:05,58577.6102,btcusdt
310,2019-09-09 02:58:08,0.4432,mcoeth
303,2019-09-09 02:58:10,2759.3084,etcusdt
303,2019-09-09 02:58:13,13737.5997,ethbtc
301,2019-09-09 02:58:16,4131.0455,ltcbtc
304,2019-09-09 02:58:20,44.4993,wtceth
309,2019-09-09 02:58:22,11.3623,aeeth
305,2019-09-09 02:58:26,2536.8512,omgusdt
304,2019-09-09 02:58:27,2902.124,ethusdt
303,2019-09-09 02:58:27,0.3524,zrxusdt
304,2019-09-09 02:58:38,7318.1036,ethbtc
300,2019-09-09 02:58:38,4716.3101,ltcusdt
304,2019-09-09 02:58:39,2391.9119,etcusdt
306,2019-09-09 02:58:45,58884.991,btcusdt
310,2019-09-09 02:58:47,7.8954,aeeth
311,2019-09-09 02:58:47,0.189,mcoeth
305,2019-09-09 02:58:48,4.9345,wtceth
304,2019-09-09 02:58:48,4.0526,gntusdt
306,2019-09-09 02:58:53,2602.4894,omgusdt
302,2019-09-09 02:58:57,3837.8035,ltcbtc
305,2019-09-09 02:59:01,18910.6538,ethusdt
301,2019-09-09 02:59:08,4975.6751,ltcusdt
304,2019-09-09 02:59:11,143.2344,zrxusdt
305,2019-09-09 02:59:17,13038.085,ethbtc
305,2019-09-09 02:59:18,2170.2913,etcusdt
307,2019-09-09 02:59:23,42805.201,btcusdt
312,2019-09-09 02:59:23,0.34,mcoeth
311,2019-09-09 02:59:24,2.1489,aeeth
303,2019-09-09 02:59:24,4944.0497,ltcbtc
306,2019-09-09 02:59:25,18.2524,wtceth
305,2019-09-09 02:59:29,11.8411,gntusdt
307,2019-09-09 02:59:32,4817.9117,omgusdt
305,2019-09-09 02:59:36,6.9858,zrxusdt
306,2019-09-09 02:59:42,17532.5622,ethusdt
302,2019-09-09 02:59:44,4703.6114,ltcusdt
304,2019-09-09 02:59:53,5960.0921,ltcbtc
306,2019-09-09 02:59:58,5853.1095,ethbtc
306,2019-09-09 02:59:58,1156.941,etcusdt
312,2019-09-09 03:00:00,9.1332,aeeth
306,2019-09-09 03:00:00,13.7088,gntusdt
303,2019-09-09 03:00:26,1387.508,ltcusdt
313,2019-09-09 03:00:27,1.0381,mcoeth
307,2019-09-09 03:00:27,6195.8799,ethbtc
308,2019-09-09 03:00:32,1014.9133,omgusdt
305,2019-09-09 03:00:34,2170.5502,ltcbtc
313,2019-09-09 03:00:37,11.4948,aeeth
307,2019-09-09 03:00:37,11.5816,gntusdt
308,2019-09-09 03:00:40,33123.3163,btcusdt
307,2019-09-09 03:00:41,35.3244,wtceth
307,2019-09-09 03:00:42,11632.2881,ethusdt
307,2019-09-09 03:00:43,1215.4754,etcusdt
306,2019-09-09 03:00:45,144.6373,zrxusdt
304,2019-09-09 03:00:58,240.2198,ltcusdt
314,2019-09-09 03:00:58,1.245,mcoeth
308,2019-09-09 03:01:03,19603.5176,ethbtc
309,2019-09-09 03:01:04,3599.4442,omgusdt
308,2019-09-09 03:01:08,1918.813,etcusdt
308,2019-09-09 03:01:14,6365.2571,ethusdt
314,2019-09-09 03:01:15,12.4517,aeeth
307,2019-09-09 03:01:17,137.3076,zrxusdt
309,2019-09-09 03:01:18,8250.9387,btcusdt
306,2019-09-09 03:01:18,2990.5212,ltcbtc
308,2019-09-09 03:01:20,13.2683,wtceth
308,2019-09-09 03:01:21,26.5413,gntusdt
315,2019-09-09 03:01:33,0.0193,mcoeth
310,2019-09-09 03:01:34,4216.4701,omgusdt
305,2019-09-09 03:01:36,3288.5134,ltcusdt
309,2019-09-09 03:01:41,14595.7911,ethbtc
309,2019-09-09 03:01:43,1322.4573,etcusdt
309,2019-09-09 03:01:46,1370.4846,ethusdt
308,2019-09-09 03:01:49,61.7667,zrxusdt
309,2019-09-09 03:01:50,45.6819,wtceth
307,2019-09-09 03:01:54,707.2229,ltcbtc
310,2019-09-09 03:02:00,31498.8327,btcusdt
315,2019-09-09 03:02:00,14.3555,aeeth
306,2019-09-09 03:02:01,4623.9275,ltcusdt
309,2019-09-09 03:02:06,29.0896,gntusdt
311,2019-09-09 03:02:12,1889.3477,omgusdt
310,2019-09-09 03:02:12,4316.202,ethbtc
310,2019-09-09 03:02:16,3086.5566,etcusdt
316,2019-09-09 03:02:16,0.1193,mcoeth
310,2019-09-09 03:02:18,28.5621,wtceth
308,2019-09-09 03:02:23,874.9647,ltcbtc
311,2019-09-09 03:02:30,3567.5637,btcusdt
310,2019-09-09 03:02:30,8704.115,ethusdt
310,2019-09-09 03:02:32,9.3066,gntusdt
309,2019-09-09 03:02:33,50.9489,zrxusdt
316,2019-09-09 03:02:34,0.4715,aeeth
307,2019-09-09 03:02:34,6066.7234,ltcusdt
311,2019-09-09 03:02:43,17236.8703,ethbtc
317,2019-09-09 03:02:46,0.4379,mcoeth
312,2019-09-09 03:02:48,2535.1525,omgusdt
309,2019-09-09 03:02:49,5261.6433,ltcbtc
311,2019-09-09 03:02:57,915.3321,etcusdt
311,2019-09-09 03:03:00,11.3218,wtceth
312,2019-09-09 03:03:00,37628.6058,btcusdt
311,2019-09-09 03:03:07,0.0271,gntusdt
312,2019-09-09 03:03:08,11188.2358,ethbtc
311,2019-09-09 03:03:09,4853.2914,ethusdt
317,2019-09-09 03:03:12,11.4025,aeeth
308,2019-09-09 03:03:14,2912.2454,ltcusdt
310,2019-09-09 03:03:15,128.8062,zrxusdt
313,2019-09-09 03:03:21,869.0704,omgusdt
310,2019-09-09 03:03:25,5078.6587,ltcbtc
318,2019-09-09 03:03:27,0.0259,mcoeth
312,2019-09-09 03:03:31,55.5013,wtceth
312,2019-09-09 03:03:32,26.1219,gntusdt
313,2019-09-09 03:03:36,3619.8695,ethbtc
313,2019-09-09 03:03:36,68408.7664,btcusdt
312,2019-09-09 03:03:39,3150.2435,etcusdt
309,2019-09-09 03:03:42,1709.7583,ltcusdt
311,2019-09-09 03:03:45,156.6902,zrxusdt
318,2019-09-09 03:03:52,13.5362,aeeth
312,2019-09-09 03:03:54,150.0869,ethusdt
311,2019-09-09 03:03:55,5094.3039,ltcbtc
314,2019-09-09 03:03:58,3012.8056,omgusdt
313,2019-09-09 03:04:03,25.4225,gntusdt
319,2019-09-09 03:04:04,0.1026,mcoeth
313,2019-09-09 03:04:07,3466.96,etcusdt
314,2019-09-09 03:04:09,26863.8805,btcusdt
313,2019-09-09 03:04:14,35.402,wtceth
310,2019-09-09 03:04:14,4170.8588,ltcusdt
314,2019-09-09 03:04:15,15102.2623,ethbtc
313,2019-09-09 03:04:22,15493.0144,ethusdt
315,2019-09-09 03:04:28,119.8777,omgusdt
319,2019-09-09 03:04:30,4.1789,aeeth
312,2019-09-09 03:04:30,39.872,zrxusdt
312,2019-09-09 03:04:31,2375.994,ltcbtc
314,2019-09-09 03:04:35,1635.5995,etcusdt
320,2019-09-09 03:04:37,0.2593,mcoeth
314,2019-09-09 03:04:44,12.1899,gntusdt
315,2019-09-09 03:04:44,51836.8179,btcusdt
315,2019-09-09 03:04:45,2121.9019,ethbtc
314,2019-09-09 03:04:49,61.7495,wtceth
314,2019-09-09 03:04:50,11721.0445,ethusdt
311,2019-09-09 03:04:52,2709.5383,ltcusdt
320,2019-09-09 03:04:57,11.1977,aeeth
313,2019-09-09 03:05:03,135.9283,zrxusdt
315,2019-09-09 03:05:04,1586.7211,etcusdt
316,2019-09-09 03:05:07,2742.8589,omgusdt
313,2019-09-09 03:05:14,5031.9408,ltcbtc
316,2019-09-09 03:05:17,14226.8215,ethbtc
315,2019-09-09 03:05:19,5.848,gntusdt
321,2019-09-09 03:05:20,0.1127,mcoeth
321,2019-09-09 03:05:27,0.8103,aeeth
316,2019-09-09 03:05:29,52433.1426,btcusdt
315,2019-09-09 03:05:30,16461.2968,ethusdt
312,2019-09-09 03:05:31,5520.7713,ltcusdt
317,2019-09-09 03:05:33,2900.4857,omgusdt
315,2019-09-09 03:05:34,42.0104,wtceth
314,2019-09-09 03:05:43,83.6485,zrxusdt
316,2019-09-09 03:05:44,3588.7032,etcusdt
314,2019-09-09 03:05:45,2114.7409,ltcbtc
317,2019-09-09 03:05:47,5623.6214,ethbtc
317,2019-09-09 03:05:56,13039.9334,btcusdt
322,2019-09-09 03:05:56,0.2391,mcoeth
316,2019-09-09 03:05:56,1.8843,gntusdt
313,2019-09-09 03:05:57,5516.7956,ltcusdt
322,2019-09-09 03:05:58,0.1841,aeeth
318,2019-09-09 03:06:05,1777.5881,omgusdt
318,2019-09-09 03:06:12,1017.8704,ethbtc
315,2019-09-09 03:06:13,18.5064,zrxusdt
315,2019-09-09 03:06:13,1178.3753,ltcbtc
316,2019-09-09 03:06:14,0.3926,wtceth
316,2019-09-09 03:06:15,9183.6847,ethusdt
317,2019-09-09 03:06:18,1470.3542,etcusdt
323,2019-09-09 03:06:24,9.2338,aeeth
317,2019-09-09 03:06:25,30.5854,gntusdt
318,2019-09-09 03:06:31,58913.5238,btcusdt
323,2019-09-09 03:06:32,0.3728,mcoeth
314,2019-09-09 03:06:37,5331.7386,ltcusdt
319,2019-09-09 03:06:39,1773.518,omgusdt
317,2019-09-09 03:06:40,32.8116,wtceth
316,2019-09-09 03:06:42,90.007,zrxusdt
316,2019-09-09 03:06:50,4631.4837,ltcbtc
318,2019-09-09 03:06:50,2021.3047,etcusdt
317,2019-09-09 03:06:51,5863.6217,ethusdt
319,2019-09-09 03:06:53,19087.0601,ethbtc
318,2019-09-09 03:06:53,26.262,gntusdt
319,2019-09-09 03:07:00,62468.7948,btcusdt
324,2019-09-09 03:07:03,3.5003,aeeth
324,2019-09-09 03:07:03,0.0074,mcoeth
320,2019-09-09 03:07:14,2074.9517,omgusdt
317,2019-09-09 03:07:19,124.0584,zrxusdt
319,2019-09-09 03:07:21,17.9496,gntusdt
315,2019-09-09 03:07:21,3514.6668,ltcusdt
318,2019-09-09 03:07:24,53.406,wtceth
320,2019-09-09 03:07:26,51382.4067,btcusdt
325,2019-09-09 03:07:28,0.0749,mcoeth
318,2019-09-09 03:07:32,7971.1061,ethusdt
319,2019-09-09 03:07:35,4695.8514,etcusdt
317,2019-09-09 03:07:35,2852.4905,ltcbtc
320,2019-09-09 03:07:36,19385.4479,ethbtc
321,2019-09-09 03:07:44,2207.8855,omgusdt
325,2019-09-09 03:07:45,16.5403,aeeth
316,2019-09-09 03:07:46,2780.8391,ltcusdt
318,2019-09-09 03:07:47,21.9515,zrxusdt
319,2019-09-09 03:07:52,47.6683,wtceth
326,2019-09-09 03:08:01,0.3818,mcoeth
320,2019-09-09 03:08:03,20.8345,gntusdt
321,2019-09-09 03:08:07,56205.0226,btcusdt
318,2019-09-09 03:08:09,791.9689,ltcbtc
319,2019-09-09 03:08:10,13059.2882,ethusdt
321,2019-09-09 03:08:13,7661.819,ethbtc
320,2019-09-09 03:08:14,4262.5227,etcusdt
322,2019-09-09 03:08:15,2837.5684,omgusdt
319,2019-09-09 03:08:16,159.7856,zrxusdt
326,2019-09-09 03:08:27,15.7322,aeeth
327,2019-09-09 03:08:28,0.5671,mcoeth
317,2019-09-09 03:08:29,3140.6353,ltcusdt
320,2019-09-09 03:08:35,31.3689,wtceth
321,2019-09-09 03:08:39,22.1519,gntusdt
320,2019-09-09 03:08:43,12062.9181,ethusdt
320,2019-09-09 03:08:45,21.4733,zrxusdt
321,2019-09-09 03:08:46,1150.0433,etcusdt
319,2019-09-09 03:08:48,2769.2566,ltcbtc
322,2019-09-09 03:08:49,65099.6648,btcusdt
322,2019-09-09 03:08:52,6800.8471,ethbtc
323,2019-09-09 03:08:52,3134.1763,omgusdt
327,2019-09-09 03:08:55,9.0405,aeeth
318,2019-09-09 03:08:57,2530.449,ltcusdt
328,2019-09-09 03:09:07,0.1727,mcoeth
321,2019-09-09 03:09:09,10878.7479,ethusdt
322,2019-09-09 03:09:11,11.0347,gntusdt
321,2019-09-09 03:09:16,27.2993,wtceth
323,2019-09-09 03:09:16,23672.4922,btcusdt
320,2019-09-09 03:09:25,4863.1912,ltcbtc
324,2019-09-09 03:09:25,1901.5821,omgusdt
322,2019-09-09 03:09:27,4537.0874,etcusdt
321,2019-09-09 03:09:28,12.2653,zrxusdt
323,2019-09-09 03:09:29,3521.956,ethbtc
319,2019-09-09 03:09:31,4206.1666,ltcusdt
328,2019-09-09 03:09:31,11.2521,aeeth
322,2019-09-09 03:09:44,4474.7871,ethusdt
324,2019-09-09 03:09:44,57135.9417,btcusdt
329,2019-09-09 03:09:45,0.9578,mcoeth
321,2019-09-09 03:09:50,4693.2636,ltcbtc
325,2019-09-09 03:09:52,3584.2397,omgusdt
323,2019-09-09 03:09:52,17.5109,gntusdt
322,2019-09-09 03:09:58,29.9383,wtceth
324,2019-09-09 03:09:59,3284.0948,ethbtc
320,2019-09-09 03:10:01,2745.4187,ltcusdt
322,2019-09-09 03:10:06,4.1608,zrxusdt
323,2019-09-09 03:10:06,4513.6709,etcusdt
329,2019-09-09 03:10:10,8.8146,aeeth
325,2019-09-09 03:10:10,38795.5113,btcusdt
330,2019-09-09 03:10:20,0.8987,mcoeth
326,2019-09-09 03:10:23,3006.5515,omgusdt
324,2019-09-09 03:10:25,15.8746,gntusdt
323,2019-09-09 03:10:27,17175.0121,ethusdt
321,2019-09-09 03:10:28,5750.0941,ltcusdt
325,2019-09-09 03:10:30,11349.4986,ethbtc
322,2019-09-09 03:10:31,3371.9632,ltcbtc
323,2019-09-09 03:10:34,112.8314,zrxusdt
326,2019-09-09 03:10:35,68584.6081,btcusdt
330,2019-09-09 03:10:37,17.3669,aeeth
323,2019-09-09 03:10:39,2.1333,wtceth
324,2019-09-09 03:10:40,1841.5973,etcusdt
331,2019-09-09 03:10:54,0.2392,mcoeth
326,2019-09-09 03:10:56,9879.3108,ethbtc
322,2019-09-09 03:10:56,6334.5318,ltcusdt
325,2019-09-09 03:11:01,3.5799,gntusdt
327,2019-09-09 03:11:02,1613.8405,omgusdt
324,2019-09-09 03:11:02,138.1628,zrxusdt
324,2019-09-09 03:11:07,7998.6231,ethusdt
324,2019-09-09 03:11:08,39.9457,wtceth
331,2019-09-09 03:11:09,12.5572,aeeth
325,2019-09-09 03:11:09,659.8779,etcusdt
327,2019-09-09 03:11:15,29055.1082,btcusdt
323,2019-09-09 03:11:15,2494.8181,ltcbtc
332,2019-09-09 03:11:27,0.3945,mcoeth
325,2019-09-09 03:11:28,117.617,zrxusdt
323,2019-09-09 03:11:29,1227.6124,ltcusdt
326,2019-09-09 03:11:29,3.1158,gntusdt
327,2019-09-09 03:11:30,21433.5973,ethbtc
328,2019-09-09 03:11:32,2000.3602,omgusdt
332,2019-09-09 03:11:39,1.904,aeeth
328,2019-09-09 03:11:42,9342.5142,btcusdt
325,2019-09-09 03:11:43,8964.6804,ethusdt
324,2019-09-09 03:11:50,2925.3224,ltcbtc
325,2019-09-09 03:11:51,40.8449,wtceth
326,2019-09-09 03:11:52,1883.9675,etcusdt
333,2019-09-09 03:11:54,1.0365,mcoeth
328,2019-09-09 03:11:58,15920.6763,ethbtc
327,2019-09-09 03:11:59,0.2364,gntusdt
324,2019-09-09 03:12:02,7548.8899,ltcusdt
326,2019-09-09 03:12:07,130.7747,zrxusdt
329,2019-09-09 03:12:10,3183.2022,omgusdt
326,2019-09-09 03:12:15,1664.1203,ethusdt
329,2019-09-09 03:12:17,54928.1285,btcusdt
326,2019-09-09 03:12:20,47.0188,wtceth
333,2019-09-09 03:12:21,15.1192,aeeth
327,2019-09-09 03:12:22,116.658,etcusdt
325,2019-09-09 03:12:25,1423.6942,ltcbtc
334,2019-09-09 03:12:31,1.2482,mcoeth
328,2019-09-09 03:12:33,19.6973,gntusdt
329,2019-09-09 03:12:39,9402.137,ethbtc
327,2019-09-09 03:12:44,149.3573,zrxusdt
325,2019-09-09 03:12:46,627.5848,ltcusdt
327,2019-09-09 03:12:49,9965.9193,ethusdt
327,2019-09-09 03:12:50,55.8929,wtceth
328,2019-09-09 03:12:53,2844.461,etcusdt
330,2019-09-09 03:12:53,21814.5385,btcusdt
326,2019-09-09 03:12:54,3733.5809,ltcbtc
330,2019-09-09 03:12:55,2641.1331,omgusdt
334,2019-09-09 03:13:03,11.6459,aeeth
330,2019-09-09 03:13:06,74.6008,ethbtc
328,2019-09-09 03:13:13,123.8681,zrxusdt
335,2019-09-09 03:13:13,1.2173,mcoeth
329,2019-09-09 03:13:18,19.2929,gntusdt
331,2019-09-09 03:13:24,2175.259,btcusdt
329,2019-09-09 03:13:25,1714.2181,etcusdt
328,2019-09-09 03:13:26,60.5593,wtceth
326,2019-09-09 03:13:31,3887.4719,ltcusdt
328,2019-09-09 03:13:31,5732.6576,ethusdt
331,2019-09-09 03:13:32,2463.6911,omgusdt
331,2019-09-09 03:13:34,6473.3502,ethbtc
327,2019-09-09 03:13:36,694.4158,ltcbtc
335,2019-09-09 03:13:37,2.7492,aeeth
330,2019-09-09 03:13:48,20.3176,gntusdt
329,2019-09-09 03:13:50,129.1067,zrxusdt
329,2019-09-09 03:13:52,38.5446,wtceth
336,2019-09-09 03:13:54,0.186,mcoeth
332,2019-09-09 03:14:00,3713.7408,omgusdt
329,2019-09-09 03:14:01,1379.2877,ethusdt
332,2019-09-09 03:14:02,60533.2333,btcusdt
328,2019-09-09 03:14:05,2099.2178,ltcbtc
330,2019-09-09 03:14:06,2122.6095,etcusdt
331,2019-09-09 03:14:14,4.0805,gntusdt
327,2019-09-09 03:14:15,4169.0474,ltcusdt
332,2019-09-09 03:14:16,14636.7832,ethbtc
336,2019-09-09 03:14:19,12.2019,aeeth
330,2019-09-09 03:14:20,55.5491,zrxusdt
337,2019-09-09 03:14:27,1.1666,mcoeth
333,2019-09-09 03:14:34,2941.8528,omgusdt
330,2019-09-09 03:14:37,39.6589,wtceth
331,2019-09-09 03:14:37,4496.0564,etcusdt
328,2019-09-09 03:14:40,193.3674,ltcusdt
330,2019-09-09 03:14:43,8569.063,ethusdt
332,2019-09-09 03:14:44,17.385,gntusdt
333,2019-09-09 03:14:45,976.7024,btcusdt
329,2019-09-09 03:14:47,3536.7053,ltcbtc
331,2019-09-09 03:14:50,31.0895,zrxusdt
333,2019-09-09 03:14:56,8166.5243,ethbtc
337,2019-09-09 03:15:02,16.717,aeeth
332,2019-09-09 03:15:03,1555.1079,etcusdt
338,2019-09-09 03:15:07,0.5992,mcoeth
331,2019-09-09 03:15:09,35.5888,wtceth
329,2019-09-09 03:15:11,784.17,ltcusdt
333,2019-09-09 03:15:12,31.038,gntusdt
334,2019-09-09 03:15:15,23.9589,omgusdt
332,2019-09-09 03:15:18,4.1166,zrxusdt
334,2019-09-09 03:15:18,61923.1378,btcusdt
331,2019-09-09 03:15:23,904.8288,ethusdt
334,2019-09-09 03:15:28,7430.0227,ethbtc
330,2019-09-09 03:15:31,3204.8049,ltcbtc
333,2019-09-09 03:15:32,1493.8195,etcusdt
338,2019-09-09 03:15:33,16.2806,aeeth
332,2019-09-09 03:15:35,62.2226,wtceth
339,2019-09-09 03:15:45,0.4786,mcoeth
335,2019-09-09 03:15:47,941.5913,omgusdt
332,2019-09-09 03:15:48,14256.9414,ethusdt
334,2019-09-09 03:15:49,9.8139,gntusdt
335,2019-09-09 03:15:49,57461.7465,btcusdt
333,2019-09-09 03:15:52,6.0442,zrxusdt
330,2019-09-09 03:15:56,7435.7135,ltcusdt
331,2019-09-09 03:16:02,4484.9776,ltcbtc
335,2019-09-09 03:16:08,13116.4088,ethbtc
340,2019-09-09 03:16:10,1.3671,mcoeth
335,2019-09-09 03:16:14,0.4758,gntusdt
334,2019-09-09 03:16:15,1317.5191,etcusdt
339,2019-09-09 03:16:17,4.0591,aeeth
336,2019-09-09 03:16:19,50283.8157,btcusdt
333,2019-09-09 03:16:19,0.6811,wtceth
332,2019-09-09 03:16:29,88.9447,ltcbtc
336,2019-09-09 03:16:32,1332.5389,omgusdt
334,2019-09-09 03:16:32,142.7298,zrxusdt
333,2019-09-09 03:16:33,18113.6604,ethusdt
331,2019-09-09 03:16:35,1683.7244,ltcusdt
335,2019-09-09 03:16:43,2564.3303,etcusdt
341,2019-09-09 03:16:45,0.8367,mcoeth
336,2019-09-09 03:16:49,30.0188,gntusdt
336,2019-09-09 03:16:53,2267.0478,ethbtc
340,2019-09-09 03:16:56,15.0724,aeeth
337,2019-09-09 03:16:56,44218.3766,btcusdt
333,2019-09-09 03:16:57,2404.0498,ltcbtc
335,2019-09-09 03:16:58,23.4437,zrxusdt
334,2019-09-09 03:17:02,18.3505,wtceth
337,2019-09-09 03:17:04,3110.4596,omgusdt
334,2019-09-09 03:17:08,7378.5396,ethusdt
332,2019-09-09 03:17:08,6213.4921,ltcusdt
336,2019-09-09 03:17:14,1134.8853,etcusdt
342,2019-09-09 03:17:19,1.0655,mcoeth
337,2019-09-09 03:17:20,22.5269,gntusdt
341,2019-09-09 03:17:25,2.8853,aeeth
334,2019-09-09 03:17:30,28.4204,ltcbtc
338,2019-09-09 03:17:30,21759.8297,btcusdt
337,2019-09-09 03:17:33,1705.4913,ethbtc
335,2019-09-09 03:17:35,49.4402,wtceth
336,2019-09-09 03:17:36,102.4248,zrxusdt
333,2019-09-09 03:17:39,7540.156,ltcusdt
337,2019-09-09 03:17:41,626.8157,etcusdt
335,2019-09-09 03:17:41,6030.2915,ethusdt
338,2019-09-09 03:17:43,2319.0292,omgusdt
338,2019-09-09 03:17:52,13.6329,gntusdt
342,2019-09-09 03:17:52,8.486,aeeth
343,2019-09-09 03:18:04,0.1168,mcoeth
334,2019-09-09 03:18:04,6664.5264,ltcusdt
337,2019-09-09 03:18:05,54.2087,zrxusdt
338,2019-09-09 03:18:06,3708.0436,ethbtc
339,2019-09-09 03:18:14,32684.6088,btcusdt
335,2019-09-09 03:18:15,4831.8178,ltcbtc
336,2019-09-09 03:18:17,1500.6594,ethusdt
336,2019-09-09 03:18:18,4.5067,wtceth
338,2019-09-09 03:18:22,406.5072,etcusdt
339,2019-09-09 03:18:28,2679.6811,omgusdt
339,2019-09-09 03:18:32,14.2343,gntusdt
339,2019-09-09 03:18:36,8947.7206,ethbtc
343,2019-09-09 03:18:37,12.4991,aeeth
335,2019-09-09 03:18:38,5305.5678,ltcusdt
340,2019-09-09 03:18:39,55407.1145,btcusdt
344,2019-09-09 03:18:40,1.0897,mcoeth
338,2019-09-09 03:18:41,69.9574,zrxusdt
336,2019-09-09 03:18:48,1831.1433,ltcbtc
339,2019-09-09 03:18:52,1964.3248,etcusdt
337,2019-09-09 03:18:55,52.6136,wtceth
337,2019-09-09 03:18:55,7710.8215,ethusdt
340,2019-09-09 03:18:58,3080.1773,omgusdt
340,2019-09-09 03:19:00,23.6594,gntusdt
345,2019-09-09 03:19:05,1.2739,mcoeth
339,2019-09-09 03:19:07,151.1977,zrxusdt
341,2019-09-09 03:19:08,36888.9111,btcusdt
344,2019-09-09 03:19:13,12.647,aeeth
340,2019-09-09 03:19:16,19409.8465,ethbtc
340,2019-09-09 03:19:17,355.0539,etcusdt
336,2019-09-09 03:19:17,5511.4772,ltcusdt
338,2019-09-09 03:19:21,18095.492,ethusdt
341,2019-09-09 03:19:26,2155.8401,omgusdt
337,2019-09-09 03:19:30,1506.5993,ltcbtc
341,2019-09-09 03:19:38,4.0801,gntusdt
338,2019-09-09 03:19:39,40.7856,wtceth
342,2019-09-09 03:19:41,58110.6382,btcusdt
341,2019-09-09 03:19:47,17085.9019,ethbtc
337,2019-09-09 03:19:48,4376.3482,ltcusdt
346,2019-09-09 03:19:49,0.6383,mcoeth
340,2019-09-09 03:19:52,56.4701,zrxusdt
341,2019-09-09 03:19:52,3578.8519,etcusdt
345,2019-09-09 03:19:54,15.2204,aeeth
342,2019-09-09 03:19:59,81.5081,omgusdt
339,2019-09-09 03:19:59,3741.9522,ethusdt
338,2019-09-09 03:20:02,1185.3774,ltcbtc
343,2019-09-09 03:20:10,60978.251,btcusdt
339,2019-09-09 03:20:21,47.5041,wtceth
342,2019-09-09 03:20:22,9479.2497,ethbtc
342,2019-09-09 03:20:23,22.2561,gntusdt
347,2019-09-09 03:20:25,0.0063,mcoeth
338,2019-09-09 03:20:29,1306.5188,ltcusdt
346,2019-09-09 03:20:31,6.9562,aeeth
341,2019-09-09 03:20:31,127.3475,zrxusdt
343,2019-09-09 03:20:34,84.0624,omgusdt
342,2019-09-09 03:20:37,3323.4772,etcusdt
340,2019-09-09 03:20:40,1031.1097,ethusdt
339,2019-09-09 03:20:45,4760.666,ltcbtc
344,2019-09-09 03:20:49,6262.5746,btcusdt
348,2019-09-09 03:20:54,0.6458,mcoeth
339,2019-09-09 03:21:02,6263.2468,ltcusdt
340,2019-09-09 03:21:02,31.7726,wtceth
343,2019-09-09 03:21:04,14778.1402,ethbtc
343,2019-09-09 03:21:06,30.6764,gntusdt
347,2019-09-09 03:21:07,13.6968,aeeth
343,2019-09-09 03:21:08,2874.6974,etcusdt
340,2019-09-09 03:21:10,2317.1804,ltcbtc
342,2019-09-09 03:21:11,128.3219,zrxusdt
344,2019-09-09 03:21:19,4138.8841,omgusdt
341,2019-09-09 03:21:21,13863.8757,ethusdt
345,2019-09-09 03:21:22,24212.0567,btcusdt
340,2019-09-09 03:21:32,5104.5953,ltcusdt
348,2019-09-09 03:21:32,11.6427,aeeth
343,2019-09-09 03:21:37,18.4697,zrxusdt
349,2019-09-09 03:21:39,0.0583,mcoeth
344,2019-09-09 03:21:39,6.7816,gntusdt
341,2019-09-09 03:21:40,47.9778,wtceth
341,2019-09-09 03:21:41,2669.2374,ltcbtc
344,2019-09-09 03:21:47,3636.9416,ethbtc
345,2019-09-09 03:21:51,840.53,omgusdt
344,2019-09-09 03:21:51,3927.6724,etcusdt
341,2019-09-09 03:21:57,4291.2458,ltcusdt
342,2019-09-09 03:22:06,44.3061,wtceth
342,2019-09-09 03:22:06,6236.1582,ethusdt
346,2019-09-09 03:22:07,21440.5415,btcusdt
342,2019-09-09 03:22:09,1130.0005,ltcbtc
345,2019-09-09 03:22:11,28.7295,gntusdt
349,2019-09-09 03:22:16,10.1211,aeeth
344,2019-09-09 03:22:16,83.6019,zrxusdt
350,2019-09-09 03:22:17,0.5637,mcoeth
346,2019-09-09 03:22:19,1800.4275,omgusdt
345,2019-09-09 03:22:22,139.1006,etcusdt
345,2019-09-09 03:22:26,10443.3024,ethbtc
342,2019-09-09 03:22:38,2492.4561,ltcusdt
343,2019-09-09 03:22:40,9647.0013,ethusdt
350,2019-09-09 03:22:41,16.0739,aeeth
343,2019-09-09 03:22:42,59.4128,wtceth
345,2019-09-09 03:22:46,152.1652,zrxusdt
347,2019-09-09 03:22:50,2335.6297,omgusdt
346,2019-09-09 03:22:51,30.9614,gntusdt
347,2019-09-09 03:22:52,60301.6599,btcusdt
343,2019-09-09 03:22:53,3027.6801,ltcbtc
351,2019-09-09 03:22:54,1.1448,mcoeth
346,2019-09-09 03:23:00,11384.9576,ethbtc
346,2019-09-09 03:23:03,1551.5565,etcusdt
343,2019-09-09 03:23:08,4588.898,ltcusdt
344,2019-09-09 03:23:11,12390.0118,ethusdt
351,2019-09-09 03:23:15,15.4201,aeeth
344,2019-09-09 03:23:22,97.75,ltcbtc
344,2019-09-09 03:23:24,47.2796,wtceth
348,2019-09-09 03:23:25,21680.4801,btcusdt
346,2019-09-09 03:23:29,57.1932,zrxusdt
352,2019-09-09 03:23:33,0.6491,mcoeth
348,2019-09-09 03:23:34,2626.4569,omgusdt
347,2019-09-09 03:23:34,17.9132,gntusdt
347,2019-09-09 03:23:36,3410.249,etcusdt
347,2019-09-09 03:23:42,1189.1935,ethbtc
352,2019-09-09 03:23:43,14.2817,aeeth
345,2019-09-09 03:23:45,7520.7771,ethusdt
344,2019-09-09 03:23:46,175.4603,ltcusdt
345,2019-09-09 03:23:52,3030.7508,ltcbtc
345,2019-09-09 03:23:53,39.2434,wtceth
347,2019-09-09 03:24:00,146.4706,zrxusdt
349,2019-09-09 03:24:01,52470.1319,btcusdt
353,2019-09-09 03:24:04,0.7334,mcoeth
348,2019-09-09 03:24:05,3464.4952,etcusdt
353,2019-09-09 03:24:09,5.782,aeeth
349,2019-09-09 03:24:10,1988.0017,omgusdt
348,2019-09-09 03:24:13,27.2256,gntusdt
348,2019-09-09 03:24:22,7217.9811,ethbtc
345,2019-09-09 03:24:26,3353.3265,ltcusdt
346,2019-09-09 03:24:27,3879.3871,ltcbtc
346,2019-09-09 03:24:27,13760.9077,ethusdt
349,2019-09-09 03:24:31,1298.2448,etcusdt
348,2019-09-09 03:24:36,74.6372,zrxusdt
346,2019-09-09 03:24:36,29.9586,wtceth
354,2019-09-09 03:24:39,1.3642,mcoeth
350,2019-09-09 03:24:41,16349.1943,btcusdt
350,2019-09-09 03:24:48,1367.4284,omgusdt
349,2019-09-09 03:24:53,7.4358,gntusdt
354,2019-09-09 03:24:54,15.664,aeeth
347,2019-09-09 03:24:58,15658.504,ethusdt
346,2019-09-09 03:24:59,2969.9518,ltcusdt
347,2019-09-09 03:25:01,4450.8242,ltcbtc
350,2019-09-09 03:25:02,2962.4005,etcusdt
347,2019-09-09 03:25:03,41.266,wtceth
349,2019-09-09 03:25:07,13992.8819,ethbtc
349,2019-09-09 03:25:08,158.7532,zrxusdt
351,2019-09-09 03:25:08,42405.1582,btcusdt
355,2019-09-09 03:25:23,0.9938,mcoeth
351,2019-09-09 03:25:25,2431.6897,omgusdt
348,2019-09-09 03:25:25,17058.8866,ethusdt
351,2019-09-09 03:25:28,4444.7109,etcusdt
348,2019-09-09 03:25:30,1498.3751,ltcbtc
355,2019-09-09 03:25:31,2.7114,aeeth
350,2019-09-09 03:25:34,24.988,gntusdt
347,2019-09-09 03:25:36,4698.0175,ltcusdt
350,2019-09-09 03:25:37,21.5906,zrxusdt
348,2019-09-09 03:25:38,38.5779,wtceth
350,2019-09-09 03:25:39,9634.739,ethbtc
352,2019-09-09 03:25:52,2308.9443,btcusdt
352,2019-09-09 03:26:00,2512.5894,etcusdt
349,2019-09-09 03:26:00,5325.6414,ltcbtc
356,2019-09-09 03:26:01,1.139,mcoeth
352,2019-09-09 03:26:05,2051.9232,omgusdt
349,2019-09-09 03:26:07,1445.0991,ethusdt
356,2019-09-09 03:26:08,10.7618,aeeth
349,2019-09-09 03:26:10,46.816,wtceth
351,2019-09-09 03:26:12,154.6181,zrxusdt
351,2019-09-09 03:26:17,1.1012,gntusdt
348,2019-09-09 03:26:18,1100.2011,ltcusdt
351,2019-09-09 03:26:19,19088.6378,ethbtc
350,2019-09-09 03:26:34,2941.2106,ltcbtc
353,2019-09-09 03:26:37,39462.1923,btcusdt
353,2019-09-09 03:26:39,761.172,omgusdt
353,2019-09-09 03:26:41,3326.933,etcusdt
349,2019-09-09 03:26:45,863.617,ltcusdt
357,2019-09-09 03:26:45,0.8624,mcoeth
350,2019-09-09 03:26:46,8007.7528,ethusdt
357,2019-09-09 03:26:48,11.276,aeeth
350,2019-09-09 03:26:49,25.6733,wtceth
352,2019-09-09 03:26:51,7092.0217,ethbtc
352,2019-09-09 03:26:51,132.4422,zrxusdt
352,2019-09-09 03:26:51,22.543,gntusdt
351,2019-09-09 03:27:05,4987.6873,ltcbtc
354,2019-09-09 03:27:07,1660.4607,etcusdt
354,2019-09-09 03:27:09,4145.4449,omgusdt
350,2019-09-09 03:27:10,4237.382,ltcusdt
354,2019-09-09 03:27:10,29977.4346,btcusdt
358,2019-09-09 03:27:14,0.3047,mcoeth
351,2019-09-09 03:27:17,14875.8281,ethusdt
358,2019-09-09 03:27:22,0.9162,aeeth
353,2019-09-09 03:27:23,13015.4854,ethbtc
353,2019-09-09 03:27:27,1.0482,gntusdt
351,2019-09-09 03:27:28,58.4156,wtceth
353,2019-09-09 03:27:31,138.842,zrxusdt
355,2019-09-09 03:27:41,2198.129,omgusdt
359,2019-09-09 03:27:44,1.2889,mcoeth
359,2019-09-09 03:27:48,12.2064,aeeth
352,2019-09-09 03:27:48,2816.5719,ltcbtc
355,2019-09-09 03:27:50,13510.0373,btcusdt
351,2019-09-09 03:27:50,1840.6054,ltcusdt
355,2019-09-09 03:27:50,4428.2108,etcusdt
354,2019-09-09 03:27:52,17.8148,gntusdt
352,2019-09-09 03:27:55,55.3837,wtceth
352,2019-09-09 03:27:56,11184.5751,ethusdt
354,2019-09-09 03:28:05,3133.7625,ethbtc
360,2019-09-09 03:28:12,0.405,mcoeth
354,2019-09-09 03:28:13,123.7791,zrxusdt
355,2019-09-09 03:28:18,19.9459,gntusdt
356,2019-09-09 03:28:18,2682.9393,omgusdt
356,2019-09-09 03:28:23,2750.2328,etcusdt
356,2019-09-09 03:28:25,37750.4633,btcusdt
360,2019-09-09 03:28:31,9.3314,aeeth
353,2019-09-09 03:28:32,7880.3729,ethusdt
353,2019-09-09 03:28:33,4162.1268,ltcbtc
352,2019-09-09 03:28:35,6266.7511,ltcusdt
353,2019-09-09 03:28:35,20.4989,wtceth
355,2019-09-09 03:28:46,8771.6203,ethbtc
357,2019-09-09 03:28:47,3343.3625,omgusdt
355,2019-09-09 03:28:52,67.5838,zrxusdt
356,2019-09-09 03:28:56,5.5245,gntusdt
361,2019-09-09 03:28:57,0.2107,mcoeth
353,2019-09-09 03:29:00,6021.1532,ltcusdt
354,2019-09-09 03:29:00,1402.2015,ethusdt
354,2019-09-09 03:29:03,11.0245,wtceth
357,2019-09-09 03:29:04,3807.2711,etcusdt
354,2019-09-09 03:29:06,4836.0166,ltcbtc
361,2019-09-09 03:29:07,15.3002,aeeth
357,2019-09-09 03:29:08,48228.5819,btcusdt
356,2019-09-09 03:29:17,4309.1504,ethbtc
358,2019-09-09 03:29:27,484.6257,omgusdt
355,2019-09-09 03:29:34,22.0519,wtceth
362,2019-09-09 03:29:35,0.0336,mcoeth
358,2019-09-09 03:29:36,50469.829,btcusdt
356,2019-09-09 03:29:36,77.6998,zrxusdt
358,2019-09-09 03:29:37,1659.6298,etcusdt
362,2019-09-09 03:29:37,4.4446,aeeth
357,2019-09-09 03:29:40,15.969,gntusdt
355,2019-09-09 03:29:41,1696.1618,ltcbtc
354,2019-09-09 03:29:41,5448.9616,ltcusdt
355,2019-09-09 03:29:45,2262.0942,ethusdt
357,2019-09-09 03:29:57,5466.984,ethbtc
359,2019-09-09 03:30:03,3014.1219,etcusdt
359,2019-09-09 03:30:03,17425.6337,btcusdt
356,2019-09-09 03:30:04,23.1003,wtceth
363,2019-09-09 03:30:05,1.3022,mcoeth
359,2019-09-09 03:30:09,3125.8552,omgusdt
357,2019-09-09 03:30:16,122.5527,zrxusdt
355,2019-09-09 03:30:18,4908.9646,ltcusdt
363,2019-09-09 03:30:19,6.8506,aeeth
356,2019-09-09 03:30:21,4210.8794,ltcbtc
356,2019-09-09 03:30:23,11232.6924,ethusdt
358,2019-09-09 03:30:23,3.4541,gntusdt
360,2019-09-09 03:30:36,3380.3051,etcusdt
364,2019-09-09 03:30:36,0.4613,mcoeth
357,2019-09-09 03:30:37,45.2113,wtceth
358,2019-09-09 03:30:37,12132.8521,ethbtc
360,2019-09-09 03:30:45,35547.1771,btcusdt
360,2019-09-09 03:30:46,754.9414,omgusdt
357,2019-09-09 03:30:51,4491.9215,ltcbtc
358,2019-09-09 03:30:52,129.2394,zrxusdt
357,2019-09-09 03:30:56,12664.6104,ethusdt
364,2019-09-09 03:30:57,17.192,aeeth
356,2019-09-09 03:31:02,6483.2337,ltcusdt
359,2019-09-09 03:31:04,2.0511,gntusdt
361,2019-09-09 03:31:07,2463.1713,etcusdt
359,2019-09-09 03:31:11,5076.1462,ethbtc
358,2019-09-09 03:31:11,6.6807,wtceth
365,2019-09-09 03:31:19,0.8659,mcoeth
361,2019-09-09 03:31:22,56884.7882,btcusdt
365,2019-09-09 03:31:23,14.9525,aeeth
361,2019-09-09 03:31:25,3006.4847,omgusdt
358,2019-09-09 03:31:27,15897.3552,ethusdt
359,2019-09-09 03:31:34,67.5912,zrxusdt
358,2019-09-09 03:31:35,4411.7484,ltcbtc
357,2019-09-09 03:31:36,7650.552,ltcusdt
362,2019-09-09 03:31:40,3823.4867,etcusdt
366,2019-09-09 03:31:46,0.0278,mcoeth
360,2019-09-09 03:31:46,1445.0329,ethbtc
360,2019-09-09 03:31:46,31.2592,gntusdt
359,2019-09-09 03:31:49,26.3617,wtceth
366,2019-09-09 03:31:54,7.7147,aeeth
362,2019-09-09 03:31:59,263.1893,omgusdt
362,2019-09-09 03:32:02,18299.5578,btcusdt
359,2019-09-09 03:32:05,10009.6059,ethusdt
360,2019-09-09 03:32:07,116.6638,zrxusdt
359,2019-09-09 03:32:09,2295.9858,ltcbtc
358,2019-09-09 03:32:10,7322.9649,ltcusdt
363,2019-09-09 03:32:20,1967.4355,etcusdt
367,2019-09-09 03:32:20,5.74,aeeth
361,2019-09-09 03:32:23,24.1358,gntusdt
367,2019-09-09 03:32:26,1.2586,mcoeth
360,2019-09-09 03:32:27,0.5821,wtceth
361,2019-09-09 03:32:30,6059.7073,ethbtc
360,2019-09-09 03:32:34,4606.0404,ltcbtc
360,2019-09-09 03:32:36,6165.1444,ethusdt
363,2019-09-09 03:32:38,1126.1576,omgusdt
359,2019-09-09 03:32:39,33.0925,ltcusdt
363,2019-09-09 03:32:42,52747.0965,btcusdt
361,2019-09-09 03:32:44,118.3344,zrxusdt
364,2019-09-09 03:32:50,1365.572,etcusdt
362,2019-09-09 03:32:50,29.9336,gntusdt
368,2019-09-09 03:32:57,0.808,mcoeth
368,2019-09-09 03:32:57,11.956,aeeth
362,2019-09-09 03:32:58,16207.7235,ethbtc
361,2019-09-09 03:33:00,1958.726,ltcbtc
364,2019-09-09 03:33:03,2768.5541,omgusdt
360,2019-09-09 03:33:10,2553.6015,ltcusdt
361,2019-09-09 03:33:12,7.3976,wtceth
363,2019-09-09 03:33:15,2.8141,gntusdt
361,2019-09-09 03:33:16,6054.0681,ethusdt
365,2019-09-09 03:33:18,1212.761,etcusdt
362,2019-09-09 03:33:19,5.3726,zrxusdt
369,2019-09-09 03:33:23,1.2083,mcoeth
364,2019-09-09 03:33:24,59532.5909,btcusdt
363,2019-09-09 03:33:24,9118.2229,ethbtc
369,2019-09-09 03:33:25,2.3745,aeeth
362,2019-09-09 03:33:32,2874.3888,ltcbtc
365,2019-09-09 03:33:32,3718.3077,omgusdt
361,2019-09-09 03:33:39,7368.2593,ltcusdt
362,2019-09-09 03:33:44,61.4064,wtceth
363,2019-09-09 03:33:46,34.5169,zrxusdt
370,2019-09-09 03:33:49,0.7045,mcoeth
364,2019-09-09 03:33:54,1468.1416,ethbtc
364,2019-09-09 03:33:55,18.0471,gntusdt
366,2019-09-09 03:33:55,800.8607,etcusdt
362,2019-09-09 03:34:00,15494.3789,ethusdt
370,2019-09-09 03:34:04,1.096,aeeth
362,2019-09-09 03:34:05,2592.9846,ltcusdt
365,2019-09-09 03:34:08,27152.3443,btcusdt
363,2019-09-09 03:34:10,315.6456,ltcbtc
366,2019-09-09 03:34:12,639.1213,omgusdt
371,2019-09-09 03:34:19,1.0255,mcoeth
364,2019-09-09 03:34:23,44.6462,zrxusdt
365,2019-09-09 03:34:25,9.5194,gntusdt
363,2019-09-09 03:34:26,30.2378,wtceth
365,2019-09-09 03:34:32,4914.5231,ethbtc
363,2019-09-09 03:34:34,762.5718,ethusdt
367,2019-09-09 03:34:39,4341.6823,etcusdt
367,2019-09-09 03:34:42,71.2578,omgusdt
366,2019-09-09 03:34:45,45048.466,btcusdt
364,2019-09-09 03:34:46,4681.6543,ltcbtc
371,2019-09-09 03:34:46,7.4558,aeeth
365,2019-09-09 03:34:48,97.3752,zrxusdt
363,2019-09-09 03:34:50,6464.7578,ltcusdt
366,2019-09-09 03:34:54,23.4993,gntusdt
372,2019-09-09 03:34:54,1.2307,mcoeth
366,2019-09-09 03:35:04,18152.4898,ethbtc
364,2019-09-09 03:35:08,5405.7774,ethusdt
368,2019-09-09 03:35:09,563.383,omgusdt
364,2019-09-09 03:35:10,29.8095,wtceth
365,2019-09-09 03:35:14,492.817,ltcbtc
372,2019-09-09 03:35:15,16.0964,aeeth
373,2019-09-09 03:35:19,1.037,mcoeth
368,2019-09-09 03:35:22,4482.5932,etcusdt
364,2019-09-09 03:35:22,2362.0314,ltcusdt
366,2019-09-09 03:35:25,62.5093,zrxusdt
367,2019-09-09 03:35:28,59114.9215,btcusdt
367,2019-09-09 03:35:29,14884.0389,ethbtc
367,2019-09-09 03:35:31,21.4499,gntusdt
369,2019-09-09 03:35:37,650.3049,omgusdt
365,2019-09-09 03:35:42,11967.2883,ethusdt
365,2019-09-09 03:35:46,52.4692,wtceth
373,2019-09-09 03:35:46,1.0422,aeeth
374,2019-09-09 03:35:47,0.5744,mcoeth
366,2019-09-09 03:35:51,2847.3219,ltcbtc
369,2019-09-09 03:35:57,546.0616,etcusdt
365,2019-09-09 03:35:57,5400.8973,ltcusdt
368,2019-09-09 03:35:58,20703.5578,ethbtc
367,2019-09-09 03:36:01,26.927,zrxusdt
368,2019-09-09 03:36:04,8221.8203,btcusdt
368,2019-09-09 03:36:10,22.0934,gntusdt
366,2019-09-09 03:36:12,11183.3569,ethusdt
370,2019-09-09 03:36:19,2369.332,omgusdt
374,2019-09-09 03:36:20,8.4533,aeeth
367,2019-09-09 03:36:23,1293.238,ltcbtc
368,2019-09-09 03:36:26,152.6525,zrxusdt
375,2019-09-09 03:36:29,0.4133,mcoeth
366,2019-09-09 03:36:30,58.4215,wtceth
370,2019-09-09 03:36:35,3114.4319,etcusdt
369,2019-09-09 03:36:36,4271.5303,ethbtc
369,2019-09-09 03:36:41,51852.5809,btcusdt
366,2019-09-09 03:36:41,2553.725,ltcusdt
369,2019-09-09 03:36:45,1.7094,gntusdt
371,2019-09-09 03:36:46,4028.1511,omgusdt
369,2019-09-09 03:36:52,75.5325,zrxusdt
367,2019-09-09 03:36:54,13628.3366,ethusdt
368,2019-09-09 03:36:55,1128.6871,ltcbtc
376,2019-09-09 03:36:57,1.2769,mcoeth
375,2019-09-09 03:37:03,9.069,aeeth
371,2019-09-09 03:37:09,3728.3179,etcusdt
370,2019-09-09 03:37:12,23077.6429,btcusdt
367,2019-09-09 03:37:13,50.0535,wtceth
370,2019-09-09 03:37:15,17803.0322,ethbtc
367,2019-09-09 03:37:20,1982.08,ltcusdt
370,2019-09-09 03:37:24,31.167,zrxusdt
369,2019-09-09 03:37:26,2972.6863,ltcbtc
372,2019-09-09 03:37:26,1406.0429,omgusdt
370,2019-09-09 03:37:27,4.6462,gntusdt
368,2019-09-09 03:37:27,13804.6989,ethusdt
377,2019-09-09 03:37:30,0.2782,mcoeth
371,2019-09-09 03:37:38,55869.3013,btcusdt
376,2019-09-09 03:37:41,3.7024,aeeth
368,2019-09-09 03:37:43,56.1739,wtceth
368,2019-09-09 03:37:47,2588.0704,ltcusdt
372,2019-09-09 03:37:51,2862.0723,etcusdt
371,2019-09-09 03:37:55,86.0471,zrxusdt
371,2019-09-09 03:37:56,17.5178,gntusdt
371,2019-09-09 03:37:57,15639.1985,ethbtc
370,2019-09-09 03:37:57,261.4029,ltcbtc
378,2019-09-09 03:38:00,0.9743,mcoeth
369,2019-09-09 03:38:02,14189.7892,ethusdt
373,2019-09-09 03:38:07,1095.6765,omgusdt
372,2019-09-09 03:38:09,10685.0043,btcusdt
377,2019-09-09 03:38:15,5.9726,aeeth
369,2019-09-09 03:38:17,40.3001,wtceth
373,2019-09-09 03:38:23,3247.3241,etcusdt
369,2019-09-09 03:38:24,1089.7037,ltcusdt
372,2019-09-09 03:38:25,19.3144,gntusdt
372,2019-09-09 03:38:27,2108.0336,ethbtc
371,2019-09-09 03:38:27,1095.4625,ltcbtc
372,2019-09-09 03:38:28,131.0032,zrxusdt
379,2019-09-09 03:38:34,1.0946,mcoeth
370,2019-09-09 03:38:35,4748.5275,ethusdt
374,2019-09-09 03:38:42,301.2738,omgusdt
378,2019-09-09 03:38:45,0.8867,aeeth
370,2019-09-09 03:38:50,4239.0573,ltcusdt
373,2019-09-09 03:38:52,8423.8264,btcusdt
374,2019-09-09 03:38:54,2202.4657,etcusdt
373,2019-09-09 03:38:55,107.6264,zrxusdt
372,2019-09-09 03:38:57,684.3468,ltcbtc
370,2019-09-09 03:38:59,14.9896,wtceth
373,2019-09-09 03:39:04,5.8976,gntusdt
373,2019-09-09 03:39:08,20085.0774,ethbtc
371,2019-09-09 03:39:10,760.6657,ethusdt
380,2019-09-09 03:39:11,0.3805,mcoeth
375,2019-09-09 03:39:16,3055.4808,omgusdt
371,2019-09-09 03:39:17,3371.164,ltcusdt
374,2019-09-09 03:39:20,50511.8519,btcusdt
379,2019-09-09 03:39:23,12.8058,aeeth
371,2019-09-09 03:39:25,4.6154,wtceth
375,2019-09-09 03:39:33,402.4307,etcusdt
374,2019-09-09 03:39:34,536.0409,ethbtc
372,2019-09-09 03:39:37,10145.0356,ethusdt
373,2019-09-09 03:39:37,2458.6488,ltcbtc
374,2019-09-09 03:39:39,120.1489,zrxusdt
374,2019-09-09 03:39:43,15.0479,gntusdt
372,2019-09-09 03:39:46,5835.6531,ltcusdt
381,2019-09-09 03:39:54,0.2641,mcoeth
376,2019-09-09 03:39:55,287.0338,omgusdt
375,2019-09-09 03:40:00,12019.3957,btcusdt
374,2019-09-09 03:40:03,3692.0209,ltcbtc
372,2019-09-09 03:40:07,8.781,wtceth
380,2019-09-09 03:40:08,16.2654,aeeth
375,2019-09-09 03:40:09,2468.828,ethbtc
375,2019-09-09 03:40:15,31.0756,zrxusdt
376,2019-09-09 03:40:15,693.346,etcusdt
375,2019-09-09 03:40:20,30.1232,gntusdt
373,2019-09-09 03:40:21,15341.3828,ethusdt
382,2019-09-09 03:40:22,0.548,mcoeth
373,2019-09-09 03:40:28,7191.208,ltcusdt
373,2019-09-09 03:40:32,4.2806,wtceth
377,2019-09-09 03:40:36,1620.8426,omgusdt
375,2019-09-09 03:40:42,5270.4039,ltcbtc
376,2019-09-09 03:40:42,28953.7397,btcusdt
381,2019-09-09 03:40:44,3.8234,aeeth
374,2019-09-09 03:40:50,6058.1282,ethusdt
376,2019-09-09 03:40:50,4865.6159,ethbtc
376,2019-09-09 03:40:51,14.7969,gntusdt
377,2019-09-09 03:40:53,3926.5989,etcusdt
374,2019-09-09 03:40:54,6291.5116,ltcusdt
376,2019-09-09 03:40:57,98.8265,zrxusdt
383,2019-09-09 03:41:03,0.9524,mcoeth
378,2019-09-09 03:41:07,3534.8605,omgusdt
376,2019-09-09 03:41:08,5230.9272,ltcbtc
374,2019-09-09 03:41:12,47.464,wtceth
382,2019-09-09 03:41:16,0.5219,aeeth
377,2019-09-09 03:41:19,45470.8615,btcusdt
377,2019-09-09 03:41:23,6.7954,gntusdt
377,2019-09-09 03:41:24,8748.659,ethbtc
375,2019-09-09 03:41:26,17940.2068,ethusdt
375,2019-09-09 03:41:28,5359.911,ltcusdt
378,2019-09-09 03:41:31,606.3797,etcusdt
377,2019-09-09 03:41:41,61.4322,zrxusdt
377,2019-09-09 03:41:42,1252.2671,ltcbtc
384,2019-09-09 03:41:47,0.6116,mcoeth
383,2019-09-09 03:41:50,15.8242,aeeth
376,2019-09-09 03:41:51,3277.1049,ethusdt
379,2019-09-09 03:41:52,1324.4211,omgusdt
375,2019-09-09 03:41:55,0.8869,wtceth
378,2019-09-09 03:41:57,54246.5957,btcusdt
378,2019-09-09 03:41:58,31.4121,gntusdt
378,2019-09-09 03:42:01,4386.4679,ethbtc
376,2019-09-09 03:42:04,333.2358,ltcusdt
378,2019-09-09 03:42:10,3793.933,ltcbtc
379,2019-09-09 03:42:10,2073.7272,etcusdt
385,2019-09-09 03:42:12,1.0445,mcoeth
378,2019-09-09 03:42:13,18.2988,zrxusdt
380,2019-09-09 03:42:26,1818.1163,omgusdt
379,2019-09-09 03:42:28,9169.8454,btcusdt
384,2019-09-09 03:42:28,0.7494,aeeth
377,2019-09-09 03:42:31,6285.0432,ltcusdt
376,2019-09-09 03:42:31,1.7756,wtceth
379,2019-09-09 03:42:34,11568.9104,ethbtc
377,2019-09-09 03:42:34,3548.2161,ethusdt
379,2019-09-09 03:42:35,1.534,gntusdt
380,2019-09-09 03:42:37,281.6879,etcusdt
379,2019-09-09 03:42:54,2182.5352,ltcbtc
386,2019-09-09 03:42:56,0.4136,mcoeth
379,2019-09-09 03:42:58,83.2247,zrxusdt
381,2019-09-09 03:42:58,242.7431,omgusdt
378,2019-09-09 03:42:59,2876.0868,ltcusdt
380,2019-09-09 03:42:59,40248.6334,btcusdt
378,2019-09-09 03:43:01,12497.4585,ethusdt
380,2019-09-09 03:43:04,1469.9572,ethbtc
377,2019-09-09 03:43:07,21.9692,wtceth
385,2019-09-09 03:43:09,7.1703,aeeth
381,2019-09-09 03:43:13,2781.9378,etcusdt
380,2019-09-09 03:43:15,25.5117,gntusdt
381,2019-09-09 03:43:32,1253.2863,ethbtc
387,2019-09-09 03:43:32,0.3737,mcoeth
382,2019-09-09 03:43:34,2367.6332,omgusdt
379,2019-09-09 03:43:35,309.1442,ethusdt
380,2019-09-09 03:43:39,590.9957,ltcbtc
379,2019-09-09 03:43:41,4928.3117,ltcusdt
381,2019-09-09 03:43:42,66817.7241,btcusdt
380,2019-09-09 03:43:43,2.5503,zrxusdt
381,2019-09-09 03:43:48,16.8116,gntusdt
378,2019-09-09 03:43:49,0.8839,wtceth
386,2019-09-09 03:43:52,15.093,aeeth
382,2019-09-09 03:43:57,1176.7246,etcusdt
388,2019-09-09 03:44:01,0.2655,mcoeth
383,2019-09-09 03:44:04,2351.7935,omgusdt
382,2019-09-09 03:44:11,14645.1548,ethbtc
387,2019-09-09 03:44:18,10.5201,aeeth
382,2019-09-09 03:44:18,35617.5112,btcusdt
381,2019-09-09 03:44:19,3024.0618,ltcbtc
380,2019-09-09 03:44:19,17975.1016,ethusdt
380,2019-09-09 03:44:21,5511.1241,ltcusdt
381,2019-09-09 03:44:23,142.3529,zrxusdt
379,2019-09-09 03:44:25,57.8273,wtceth
383,2019-09-09 03:44:28,3161.7269,etcusdt
389,2019-09-09 03:44:28,0.6126,mcoeth
382,2019-09-09 03:44:31,20.8794,gntusdt
384,2019-09-09 03:44:46,1871.0541,omgusdt
381,2019-09-09 03:44:46,7522.783,ltcusdt
382,2019-09-09 03:44:47,2133.8778,ltcbtc
383,2019-09-09 03:44:49,11576.363,ethbtc
381,2019-09-09 03:44:49,16592.7661,ethusdt
388,2019-09-09 03:44:52,17.263,aeeth
382,2019-09-09 03:44:58,112.2008,zrxusdt
383,2019-09-09 03:44:59,45961.6849,btcusdt
390,2019-09-09 03:45:03,0.4496,mcoeth
380,2019-09-09 03:45:09,6.8343,wtceth
383,2019-09-09 03:45:09,14.267,gntusdt
384,2019-09-09 03:45:11,42.0565,etcusdt
382,2019-09-09 03:45:15,12476.5654,ethusdt
382,2019-09-09 03:45:16,5939.8853,ltcusdt
389,2019-09-09 03:45:18,16.6798,aeeth
383,2019-09-09 03:45:19,1760.1711,ltcbtc
385,2019-09-09 03:45:25,1185.2169,omgusdt
384,2019-09-09 03:45:25,5078.1093,ethbtc
383,2019-09-09 03:45:29,153.4821,zrxusdt
384,2019-09-09 03:45:29,26961.5231,btcusdt
391,2019-09-09 03:45:38,1.2735,mcoeth
383,2019-09-09 03:45:43,3102.8523,ltcusdt
385,2019-09-09 03:45:45,2066.0675,etcusdt
384,2019-09-09 03:45:46,22.9543,gntusdt
384,2019-09-09 03:45:47,2006.1518,ltcbtc
390,2019-09-09 03:45:50,3.5503,aeeth
383,2019-09-09 03:45:50,13436.0289,ethusdt
381,2019-09-09 03:45:54,42.3112,wtceth
384,2019-09-09 03:46:03,60.0051,zrxusdt
385,2019-09-09 03:46:06,10110.1199,ethbtc
386,2019-09-09 03:46:08,2108.9111,omgusdt
384,2019-09-09 03:46:10,7057.7075,ltcusdt
392,2019-09-09 03:46:11,0.3725,mcoeth
385,2019-09-09 03:46:12,69053.5492,btcusdt
385,2019-09-09 03:46:14,5.8149,gntusdt
382,2019-09-09 03:46:21,36.7411,wtceth
386,2019-09-09 03:46:24,1389.1542,etcusdt
385,2019-09-09 03:46:25,4994.9565,ltcbtc
391,2019-09-09 03:46:27,0.2396,aeeth
385,2019-09-09 03:46:28,107.1802,zrxusdt
384,2019-09-09 03:46:30,1768.9646,ethusdt
386,2019-09-09 03:46:34,8036.0499,ethbtc
387,2019-09-09 03:46:42,1679.3408,omgusdt
385,2019-09-09 03:46:46,7509.9482,ltcusdt
386,2019-09-09 03:46:49,45603.7537,btcusdt
386,2019-09-09 03:46:51,30.7547,gntusdt
393,2019-09-09 03:46:52,0.7892,mcoeth
392,2019-09-09 03:46:55,1.186,aeeth
386,2019-09-09 03:46:57,12.4977,zrxusdt
383,2019-09-09 03:46:58,3.3483,wtceth
386,2019-09-09 03:47:01,2517.7863,ltcbtc
385,2019-09-09 03:47:04,6327.9723,ethusdt
387,2019-09-09 03:47:08,2619.4579,etcusdt
388,2019-09-09 03:47:10,1969.7364,omgusdt
387,2019-09-09 03:47:15,13101.3296,ethbtc
387,2019-09-09 03:47:15,38503.9963,btcusdt
387,2019-09-09 03:47:20,18.8835,gntusdt
393,2019-09-09 03:47:20,9.4136,aeeth
386,2019-09-09 03:47:21,4556.9851,ltcusdt
387,2019-09-09 03:47:22,81.5805,zrxusdt
384,2019-09-09 03:47:28,49.442,wtceth
386,2019-09-09 03:47:35,4997.0281,ethusdt
394,2019-09-09 03:47:37,1.3713,mcoeth
388,2019-09-09 03:47:37,4209.5112,etcusdt
389,2019-09-09 03:47:38,204.6979,omgusdt
387,2019-09-09 03:47:42,4893.0108,ltcbtc
387,2019-09-09 03:47:52,424.809,ltcusdt
388,2019-09-09 03:47:53,10862.8107,btcusdt
388,2019-09-09 03:47:54,13935.5305,ethbtc
388,2019-09-09 03:47:54,0.0336,gntusdt
385,2019-09-09 03:47:55,39.1387,wtceth
394,2019-09-09 03:47:59,4.0115,aeeth
388,2019-09-09 03:48:04,89.5181,zrxusdt
388,2019-09-09 03:48:08,4516.1046,ltcbtc
389,2019-09-09 03:48:08,2472.3404,etcusdt
390,2019-09-09 03:48:13,3376.6666,omgusdt
395,2019-09-09 03:48:15,0.4742,mcoeth
388,2019-09-09 03:48:18,1858.1612,ltcusdt
387,2019-09-09 03:48:19,16063.8944,ethusdt
386,2019-09-09 03:48:22,23.6928,wtceth
389,2019-09-09 03:48:25,28.3803,gntusdt
389,2019-09-09 03:48:29,16609.773,ethbtc
389,2019-09-09 03:48:32,148.0042,zrxusdt
389,2019-09-09 03:48:32,671.08,btcusdt
390,2019-09-09 03:48:34,3414.1252,etcusdt
389,2019-09-09 03:48:35,5276.1319,ltcbtc
391,2019-09-09 03:48:44,2330.562,omgusdt
395,2019-09-09 03:48:44,6.6672,aeeth
396,2019-09-09 03:48:47,0.7602,mcoeth
389,2019-09-09 03:48:50,1130.7839,ltcusdt
387,2019-09-09 03:48:51,32.602,wtceth
388,2019-09-09 03:48:54,18162.6164,ethusdt
390,2019-09-09 03:48:56,2.8431,gntusdt
390,2019-09-09 03:48:57,857.8937,ethbtc
390,2019-09-09 03:48:57,10.3816,zrxusdt
391,2019-09-09 03:49:00,1273.1552,etcusdt
390,2019-09-09 03:49:04,21749.9993,btcusdt
390,2019-09-09 03:49:10,2266.6033,ltcbtc
390,2019-09-09 03:49:15,3924.6297,ltcusdt
396,2019-09-09 03:49:20,17.3879,aeeth
392,2019-09-09 03:49:21,582.1736,omgusdt
391,2019-09-09 03:49:24,13.6187,gntusdt
391,2019-09-09 03:49:26,153.6874,zrxusdt
397,2019-09-09 03:49:28,0.4053,mcoeth
391,2019-09-09 03:49:32,19845.8732,btcusdt
388,2019-09-09 03:49:32,42.748,wtceth
391,2019-09-09 03:49:33,11406.4286,ethbtc
389,2019-09-09 03:49:35,11061.6956,ethusdt
391,2019-09-09 03:49:35,3013.4475,ltcbtc
392,2019-09-09 03:49:38,1401.6777,etcusdt
391,2019-09-09 03:49:46,2053.577,ltcusdt
397,2019-09-09 03:49:47,15.712,aeeth
392,2019-09-09 03:49:55,19.933,gntusdt
393,2019-09-09 03:49:56,3298.5244,omgusdt
392,2019-09-09 03:49:59,154.7661,zrxusdt
390,2019-09-09 03:50:01,115.6788,ethusdt
392,2019-09-09 03:50:01,20690.7586,ethbtc
392,2019-09-09 03:50:03,4745.0646,ltcbtc
392,2019-09-09 03:50:06,68351.8058,btcusdt
398,2019-09-09 03:50:08,0.5079,mcoeth
393,2019-09-09 03:50:11,861.3345,etcusdt
389,2019-09-09 03:50:17,13.807,wtceth
398,2019-09-09 03:50:22,10.9375,aeeth
392,2019-09-09 03:50:25,5211.4449,ltcusdt
393,2019-09-09 03:50:26,3.3123,gntusdt
394,2019-09-09 03:50:29,2950.7079,omgusdt
391,2019-09-09 03:50:29,15260.1075,ethusdt
393,2019-09-09 03:50:34,19753.8034,ethbtc
393,2019-09-09 03:50:43,17194.0406,btcusdt
399,2019-09-09 03:50:44,1.2755,mcoeth
393,2019-09-09 03:50:44,83.4179,zrxusdt
390,2019-09-09 03:50:47,14.3737,wtceth
393,2019-09-09 03:50:48,1137.9888,ltcbtc
399,2019-09-09 03:50:51,6.3423,aeeth
394,2019-09-09 03:50:55,837.9443,etcusdt
395,2019-09-09 03:50:59,622.0313,omgusdt
393,2019-09-09 03:51:09,2651.5356,ltcusdt
394,2019-09-09 03:51:10,0.5649,gntusdt
394,2019-09-09 03:51:10,3280.4586,ethbtc
392,2019-09-09 03:51:12,10268.8888,ethusdt
394,2019-09-09 03:51:14,7302.2654,btcusdt
394,2019-09-09 03:51:19,734.7404,ltcbtc
400,2019-09-09 03:51:20,3.0012,aeeth
391,2019-09-09 03:51:25,26.4442,wtceth
394,2019-09-09 03:51:28,4.6067,zrxusdt
396,2019-09-09 03:51:29,1473.3126,omgusdt
400,2019-09-09 03:51:29,1.0117,mcoeth
395,2019-09-09 03:51:34,1346.5538,etcusdt
395,2019-09-09 03:51:45,40381.0832,btcusdt
394,2019-09-09 03:51:46,6304.4735,ltcusdt
393,2019-09-09 03:51:47,2773.9939,ethusdt
395,2019-09-09 03:51:52,22.9624,gntusdt
395,2019-09-09 03:51:52,15476.1418,ethbtc
401,2019-09-09 03:51:53,13.5978,aeeth
397,2019-09-09 03:51:57,3859.4239,omgusdt
395,2019-09-09 03:51:59,153.5778,zrxusdt
392,2019-09-09 03:52:00,44.1678,wtceth
395,2019-09-09 03:52:03,1483.0031,ltcbtc
401,2019-09-09 03:52:06,0.7639,mcoeth
394,2019-09-09 03:52:12,14702.0411,ethusdt
396,2019-09-09 03:52:13,1079.4884,etcusdt
395,2019-09-09 03:52:17,100.6323,ltcusdt
396,2019-09-09 03:52:20,50045.3301,btcusdt
398,2019-09-09 03:52:24,2719.4493,omgusdt
396,2019-09-09 03:52:27,62.9426,zrxusdt
396,2019-09-09 03:52:27,6.4442,gntusdt
396,2019-09-09 03:52:31,1520.0241,ltcbtc
396,2019-09-09 03:52:31,1491.3476,ethbtc
402,2019-09-09 03:52:33,5.6695,aeeth
402,2019-09-09 03:52:34,0.3801,mcoeth
395,2019-09-09 03:52:37,14501.1706,ethusdt
393,2019-09-09 03:52:41,40.8655,wtceth
397,2019-09-09 03:52:45,493.7589,etcusdt
396,2019-09-09 03:52:55,4606.3271,ltcusdt
403,2019-09-09 03:52:58,2.6076,aeeth
403,2019-09-09 03:53:01,0.6842,mcoeth
397,2019-09-09 03:53:01,31.9809,zrxusdt
397,2019-09-09 03:53:03,65359.8547,btcusdt
397,2019-09-09 03:53:03,6649.0259,ethbtc
399,2019-09-09 03:53:03,1734.9153,omgusdt
397,2019-09-09 03:53:06,2890.7615,ltcbtc
396,2019-09-09 03:53:08,788.2744,ethusdt
394,2019-09-09 03:53:11,9.2295,wtceth
397,2019-09-09 03:53:12,10.0152,gntusdt
404,2019-09-09 03:53:27,0.2196,aeeth
398,2019-09-09 03:53:30,3135.2021,etcusdt
397,2019-09-09 03:53:32,1782.4307,ltcusdt
398,2019-09-09 03:53:34,1934.5902,ltcbtc
400,2019-09-09 03:53:34,2191.1301,omgusdt
398,2019-09-09 03:53:36,117.859,zrxusdt
398,2019-09-09 03:53:39,20816.3616,btcusdt
398,2019-09-09 03:53:41,25.1408,gntusdt
404,2019-09-09 03:53:42,1.3227,mcoeth
398,2019-09-09 03:53:42,2724.4404,ethbtc
397,2019-09-09 03:53:48,15255.895,ethusdt
395,2019-09-09 03:53:51,11.4898,wtceth
405,2019-09-09 03:53:53,7.6494,aeeth
399,2019-09-09 03:53:58,1076.0138,etcusdt
399,2019-09-09 03:54:09,1712.5074,ethbtc
401,2019-09-09 03:54:12,1575.6364,omgusdt
398,2019-09-09 03:54:13,5482.7743,ethusdt
399,2019-09-09 03:54:14,114.737,zrxusdt
398,2019-09-09 03:54:16,1263.2662,ltcusdt
399,2019-09-09 03:54:17,17459.5791,btcusdt
399,2019-09-09 03:54:18,3305.2519,ltcbtc
406,2019-09-09 03:54:19,4.7149,aeeth
399,2019-09-09 03:54:23,11.4062,gntusdt
405,2019-09-09 03:54:25,0.2781,mcoeth
396,2019-09-09 03:54:33,55.7599,wtceth
400,2019-09-09 03:54:37,1346.7063,etcusdt
400,2019-09-09 03:54:39,54.9044,zrxusdt
399,2019-09-09 03:54:44,916.4382,ltcusdt
400,2019-09-09 03:54:46,12567.2905,ethbtc
402,2019-09-09 03:54:48,4026.4361,omgusdt
399,2019-09-09 03:54:51,1493.3391,ethusdt
406,2019-09-09 03:54:52,0.6699,mcoeth
400,2019-09-09 03:54:54,52282.394,btcusdt
400,2019-09-09 03:54:57,11.8474,gntusdt
400,2019-09-09 03:54:58,1142.8721,ltcbtc
397,2019-09-09 03:55:00,60.3158,wtceth
407,2019-09-09 03:55:01,11.8304,aeeth
401,2019-09-09 03:55:11,4039.2076,ethbtc
401,2019-09-09 03:55:19,27.1427,zrxusdt
401,2019-09-09 03:55:22,3973.2043,etcusdt
400,2019-09-09 03:55:24,6409.7204,ltcusdt
401,2019-09-09 03:55:27,2.856,gntusdt
400,2019-09-09 03:55:28,242.3011,ethusdt
403,2019-09-09 03:55:28,1256.3407,omgusdt
401,2019-09-09 03:55:29,28146.1073,btcusdt
401,2019-09-09 03:55:31,3961.3627,ltcbtc
408,2019-09-09 03:55:33,8.899,aeeth
407,2019-09-09 03:55:35,1.3571,mcoeth
398,2019-09-09 03:55:45,58.5964,wtceth
402,2019-09-09 03:55:48,2375.9148,etcusdt
402,2019-09-09 03:55:50,13935.8241,ethbtc
401,2019-09-09 03:55:58,8813.3035,ethusdt
402,2019-09-09 03:55:59,104.5166,ltcbtc
401,2019-09-09 03:55:59,3478.8506,ltcusdt
404,2019-09-09 03:56:00,895.252,omgusdt
402,2019-09-09 03:56:01,47086.3157,btcusdt
402,2019-09-09 03:56:03,21.7098,gntusdt
402,2019-09-09 03:56:04,40.5263,zrxusdt
408,2019-09-09 03:56:04,1.0286,mcoeth
403,2019-09-09 03:56:13,1736.6602,etcusdt
409,2019-09-09 03:56:15,11.8474,aeeth
402,2019-09-09 03:56:25,5417.6651,ltcusdt
403,2019-09-09 03:56:27,3992.1379,ltcbtc
399,2019-09-09 03:56:28,47.3482,wtceth
403,2019-09-09 03:56:28,21068.6812,ethbtc
403,2019-09-09 03:56:31,49173.8842,btcusdt
405,2019-09-09 03:56:37,3322.3473,omgusdt
409,2019-09-09 03:56:38,0.0145,mcoeth
402,2019-09-09 03:56:38,12173.0273,ethusdt
403,2019-09-09 03:56:45,16.4383,gntusdt
404,2019-09-09 03:56:46,1372.6193,etcusdt
403,2019-09-09 03:56:49,156.2546,zrxusdt
410,2019-09-09 03:56:53,10.9713,aeeth
404,2019-09-09 03:57:00,14050.9677,ethbtc
400,2019-09-09 03:57:00,49.1545,wtceth
404,2019-09-09 03:57:01,3362.3438,ltcbtc
403,2019-09-09 03:57:02,5258.2034,ltcusdt
410,2019-09-09 03:57:03,0.0713,mcoeth
404,2019-09-09 03:57:05,32873.76,btcusdt
403,2019-09-09 03:57:05,2094.369,ethusdt
404,2019-09-09 03:57:11,17.9507,gntusdt
406,2019-09-09 03:57:18,1924.497,omgusdt
404,2019-09-09 03:57:18,2.8843,zrxusdt
405,2019-09-09 03:57:26,9461.7411,ethbtc
411,2019-09-09 03:57:27,13.3453,aeeth
405,2019-09-09 03:57:28,192.4866,etcusdt
401,2019-09-09 03:57:30,57.4803,wtceth
411,2019-09-09 03:57:32,1.2554,mcoeth
405,2019-09-09 03:57:37,38372.1631,btcusdt
405,2019-09-09 03:57:38,4388.5919,ltcbtc
404,2019-09-09 03:57:44,4082.8156,ethusdt
405,2019-09-09 03:57:45,4.1908,gntusdt
404,2019-09-09 03:57:46,5152.4712,ltcusdt
405,2019-09-09 03:57:46,128.3528,zrxusdt
407,2019-09-09 03:57:51,3583.8421,omgusdt
412,2019-09-09 03:57:52,10.0345,aeeth
406,2019-09-09 03:57:56,1203.508,etcusdt
406,2019-09-09 03:58:03,8980.8033,ethbtc
412,2019-09-09 03:58:05,0.0164,mcoeth
406,2019-09-09 03:58:10,40999.3087,btcusdt
406,2019-09-09 03:58:10,148.0874,ltcbtc
406,2019-09-09 03:58:11,30.3648,gntusdt
406,2019-09-09 03:58:12,37.1425,zrxusdt
402,2019-09-09 03:58:15,42.3886,wtceth
413,2019-09-09 03:58:17,10.8156,aeeth
405,2019-09-09 03:58:20,12588.2328,ethusdt
407,2019-09-09 03:58:25,3778.7892,etcusdt
405,2019-09-09 03:58:27,4908.9919,ltcusdt
408,2019-09-09 03:58:34,337.4726,omgusdt
413,2019-09-09 03:58:36,1.0798,mcoeth
403,2019-09-09 03:58:40,47.739,wtceth
407,2019-09-09 03:58:42,1120.2101,ltcbtc
407,2019-09-09 03:58:44,19.1376,gntusdt
407,2019-09-09 03:58:46,4238.9056,ethbtc
407,2019-09-09 03:58:48,7452.3545,btcusdt
407,2019-09-09 03:58:53,105.1122,zrxusdt
406,2019-09-09 03:58:58,11612.0479,ethusdt
406,2019-09-09 03:58:58,2560.1013,ltcusdt
414,2019-09-09 03:59:02,4.8622,aeeth
408,2019-09-09 03:59:10,1260.0566,etcusdt
408,2019-09-09 03:59:12,19.6751,gntusdt
409,2019-09-09 03:59:14,3633.9071,omgusdt
404,2019-09-09 03:59:17,29.8044,wtceth
408,2019-09-09 03:59:18,17433.1633,btcusdt
414,2019-09-09 03:59:19,1.2236,mcoeth
408,2019-09-09 03:59:21,38.0154,zrxusdt
407,2019-09-09 03:59:24,11937.245,ethusdt
407,2019-09-09 03:59:24,3038.4296,ltcusdt
408,2019-09-09 03:59:24,2221.9268,ltcbtc
408,2019-09-09 03:59:29,3388.6108,ethbtc
415,2019-09-09 03:59:32,6.8797,aeeth
415,2019-09-09 03:59:44,0.9604,mcoeth
409,2019-09-09 03:59:46,383.1119,etcusdt
405,2019-09-09 03:59:47,31.8393,wtceth
409,2019-09-09 03:59:47,158.0018,zrxusdt
410,2019-09-09 03:59:50,3834.1096,omgusdt
408,2019-09-09 03:59:51,11107.0169,ethusdt
409,2019-09-09 03:59:53,56202.7459,btcusdt
409,2019-09-09 03:59:55,2.4616,gntusdt
409,2019-09-09 03:59:57,4211.2692,ltcbtc
411,2019-09-09 04:00:27,2756.4664,omgusdt
410,2019-09-09 04:00:28,60553.744,btcusdt
410,2019-09-09 04:00:29,4671.0493,etcusdt
410,2019-09-09 04:00:30,3357.8289,ltcbtc
409,2019-09-09 04:00:32,18670.4545,ethusdt
416,2019-09-09 04:00:33,0.8041,mcoeth
410,2019-09-09 04:00:38,18.8049,gntusdt
409,2019-09-09 04:00:39,6164.9594,ethbtc
416,2019-09-09 04:00:39,8.0095,aeeth
406,2019-09-09 04:00:40,1.7842,wtceth
408,2019-09-09 04:00:41,7132.1969,ltcusdt
410,2019-09-09 04:00:43,110.6641,zrxusdt
411,2019-09-09 04:00:57,1636.9704,etcusdt
417,2019-09-09 04:01:03,0.3326,mcoeth
411,2019-09-09 04:01:06,6064.3049,btcusdt
410,2019-09-09 04:01:08,3448.1567,ethusdt
412,2019-09-09 04:01:09,2591.987,omgusdt
411,2019-09-09 04:01:11,3.6537,gntusdt
409,2019-09-09 04:01:11,7748.749,ltcusdt
411,2019-09-09 04:01:11,1.7721,zrxusdt
411,2019-09-09 04:01:15,5493.555,ltcbtc
417,2019-09-09 04:01:20,12.4417,aeeth
410,2019-09-09 04:01:23,9042.7883,ethbtc
407,2019-09-09 04:01:25,65.8625,wtceth
412,2019-09-09 04:01:32,4383.9977,etcusdt
418,2019-09-09 04:01:33,0.3242,mcoeth
412,2019-09-09 04:01:35,37415.4391,btcusdt
412,2019-09-09 04:01:38,180.2124,zrxusdt
411,2019-09-09 04:01:46,13322.0868,ethusdt
410,2019-09-09 04:01:46,6112.9653,ltcusdt
412,2019-09-09 04:01:46,147.914,ltcbtc
413,2019-09-09 04:01:47,3944.6099,omgusdt
411,2019-09-09 04:01:51,3423.523,ethbtc
418,2019-09-09 04:01:51,15.6425,aeeth
412,2019-09-09 04:01:56,12.7429,gntusdt
413,2019-09-09 04:01:58,1712.3921,etcusdt
408,2019-09-09 04:02:06,12.1072,wtceth
413,2019-09-09 04:02:06,32.2099,zrxusdt
413,2019-09-09 04:02:12,41959.9928,btcusdt
413,2019-09-09 04:02:14,3474.4461,ltcbtc
419,2019-09-09 04:02:15,0.9539,mcoeth
411,2019-09-09 04:02:19,4651.1243,ltcusdt
414,2019-09-09 04:02:20,816.1457,omgusdt
412,2019-09-09 04:02:22,9283.8608,ethusdt
413,2019-09-09 04:02:27,26.4422,gntusdt
419,2019-09-09 04:02:31,11.6554,aeeth
412,2019-09-09 04:02:35,16330.913,ethbtc
414,2019-09-09 04:02:39,2335.1698,ltcbtc
414,2019-09-09 04:02:39,991.8846,etcusdt
414,2019-09-09 04:02:42,75.4826,zrxusdt
414,2019-09-09 04:02:43,44396.2619,btcusdt
420,2019-09-09 04:02:46,0.9383,mcoeth
409,2019-09-09 04:02:51,16.4633,wtceth
413,2019-09-09 04:02:51,1108.5142,ethusdt
415,2019-09-09 04:02:54,3422.5979,omgusdt
414,2019-09-09 04:02:57,16.7148,gntusdt
412,2019-09-09 04:03:02,1154.8195,ltcusdt
415,2019-09-09 04:03:06,2933.5063,etcusdt
413,2019-09-09 04:03:06,11955.619,ethbtc
420,2019-09-09 04:03:10,4.5549,aeeth
415,2019-09-09 04:03:10,16705.4694,btcusdt
415,2019-09-09 04:03:15,869.8676,ltcbtc
414,2019-09-09 04:03:16,19612.788,ethusdt
421,2019-09-09 04:03:22,0.8269,mcoeth
415,2019-09-09 04:03:24,195.7661,zrxusdt
413,2019-09-09 04:03:29,4769.7644,ltcusdt
416,2019-09-09 04:03:30,4520.8784,omgusdt
410,2019-09-09 04:03:34,65.4714,wtceth
416,2019-09-09 04:03:39,37.5684,etcusdt
415,2019-09-09 04:03:41,3.2875,gntusdt
421,2019-09-09 04:03:42,6.0409,aeeth
416,2019-09-09 04:03:46,53169.9667,btcusdt
414,2019-09-09 04:03:49,5189.1814,ethbtc
415,2019-09-09 04:03:50,3454.1419,ethusdt
414,2019-09-09 04:03:54,2825.495,ltcusdt
416,2019-09-09 04:03:59,4553.5724,ltcbtc
422,2019-09-09 04:04:01,0.8686,mcoeth
411,2019-09-09 04:04:03,57.3787,wtceth
417,2019-09-09 04:04:05,1527.12,omgusdt
422,2019-09-09 04:04:07,12.2756,aeeth
416,2019-09-09 04:04:09,194.6477,zrxusdt
417,2019-09-09 04:04:12,3512.9177,etcusdt
416,2019-09-09 04:04:18,16.2119,gntusdt
415,2019-09-09 04:04:19,18279.7615,ethbtc
417,2019-09-09 04:04:24,57653.8603,btcusdt
415,2019-09-09 04:04:27,3296.2112,ltcusdt
417,2019-09-09 04:04:27,3968.4008,ltcbtc
412,2019-09-09 04:04:29,29.9624,wtceth
416,2019-09-09 04:04:30,2061.2197,ethusdt
423,2019-09-09 04:04:38,3.2209,aeeth
417,2019-09-09 04:04:41,53.956,zrxusdt
418,2019-09-09 04:04:44,1079.6492,etcusdt
423,2019-09-09 04:04:45,0.8521,mcoeth
418,2019-09-09 04:04:47,839.2613,omgusdt
417,2019-09-09 04:04:52,30.2089,gntusdt
418,2019-09-09 04:04:54,68697.4171,btcusdt
416,2019-09-09 04:04:56,11880.477,ethbtc
418,2019-09-09 04:04:56,1588.2931,ltcbtc
416,2019-09-09 04:05:02,3037.4823,ltcusdt
419,2019-09-09 04:05:11,3874.1133,etcusdt
417,2019-09-09 04:05:11,5131.0951,ethusdt
413,2019-09-09 04:05:11,16.1032,wtceth
419,2019-09-09 04:05:16,67.118,omgusdt
418,2019-09-09 04:05:19,79.8743,zrxusdt
419,2019-09-09 04:05:22,20971.7766,btcusdt
424,2019-09-09 04:05:22,8.9475,aeeth
424,2019-09-09 04:05:24,0.528,mcoeth
417,2019-09-09 04:05:27,10879.9003,ethbtc
418,2019-09-09 04:05:30,3.6967,gntusdt
417,2019-09-09 04:05:36,489.3821,ltcusdt
419,2019-09-09 04:05:38,2659.4767,ltcbtc
418,2019-09-09 04:05:39,8025.7727,ethusdt
420,2019-09-09 04:05:46,4685.3066,etcusdt
419,2019-09-09 04:05:46,47.9434,zrxusdt
414,2019-09-09 04:05:47,61.545,wtceth
420,2019-09-09 04:05:53,1711.7879,omgusdt
425,2019-09-09 04:05:56,0.596,mcoeth
419,2019-09-09 04:05:56,3.3105,gntusdt
420,2019-09-09 04:06:01,34953.2042,btcusdt
425,2019-09-09 04:06:01,7.3359,aeeth
418,2019-09-09 04:06:08,6129.0056,ethbtc
419,2019-09-09 04:06:08,9827.1865,ethusdt
420,2019-09-09 04:06:11,3638.5974,ltcbtc
418,2019-09-09 04:06:13,5137.553,ltcusdt
415,2019-09-09 04:06:16,40.8762,wtceth
421,2019-09-09 04:06:19,1897.58,etcusdt
420,2019-09-09 04:06:26,36.8009,zrxusdt
426,2019-09-09 04:06:27,16.421,aeeth
420,2019-09-09 04:06:29,7.2249,gntusdt
421,2019-09-09 04:06:31,40004.2373,btcusdt
421,2019-09-09 04:06:32,2872.8162,omgusdt
419,2019-09-09 04:06:34,1730.2367,ethbtc
426,2019-09-09 04:06:36,0.3359,mcoeth
421,2019-09-09 04:06:38,1617.2839,ltcbtc
419,2019-09-09 04:06:41,6994.2411,ltcusdt
420,2019-09-09 04:06:47,5441.8401,ethusdt
422,2019-09-09 04:06:51,1780.7375,etcusdt
421,2019-09-09 04:06:53,138.5043,zrxusdt
416,2019-09-09 04:06:55,12.5271,wtceth
421,2019-09-09 04:06:56,9.0682,gntusdt
422,2019-09-09 04:07:00,2384.7014,omgusdt
427,2019-09-09 04:07:05,2.2953,aeeth
422,2019-09-09 04:07:06,3775.3031,ltcbtc
422,2019-09-09 04:07:07,39267.8778,btcusdt
420,2019-09-09 04:07:17,8909.9388,ethbtc
420,2019-09-09 04:07:17,1356.9835,ltcusdt
427,2019-09-09 04:07:17,0.6345,mcoeth
417,2019-09-09 04:07:23,70.1089,wtceth
422,2019-09-09 04:07:23,105.0434,zrxusdt
421,2019-09-09 04:07:25,1375.4039,ethusdt
423,2019-09-09 04:07:35,3211.1178,etcusdt
423,2019-09-09 04:07:37,56832.0523,btcusdt
423,2019-09-09 04:07:39,3169.5272,ltcbtc
423,2019-09-09 04:07:40,3359.4077,omgusdt
422,2019-09-09 04:07:41,23.2394,gntusdt
421,2019-09-09 04:07:47,7142.7271,ltcusdt
428,2019-09-09 04:07:49,2.3585,aeeth
422,2019-09-09 04:07:50,17884.8827,ethusdt
423,2019-09-09 04:07:52,107.1646,zrxusdt
428,2019-09-09 04:07:52,1.177,mcoeth
421,2019-09-09 04:07:56,19386.6115,ethbtc
424,2019-09-09 04:08:00,4157.313,etcusdt
418,2019-09-09 04:08:02,69.5124,wtceth
424,2019-09-09 04:08:10,3905.0516,ltcbtc
423,2019-09-09 04:08:15,8497.7474,ethusdt
424,2019-09-09 04:08:18,25816.7748,btcusdt
422,2019-09-09 04:08:18,7514.4833,ltcusdt
424,2019-09-09 04:08:20,1216.9782,omgusdt
423,2019-09-09 04:08:23,7.3673,gntusdt
429,2019-09-09 04:08:27,9.379,aeeth
422,2019-09-09 04:08:32,5020.1937,ethbtc
429,2019-09-09 04:08:32,0.732,mcoeth
424,2019-09-09 04:08:33,16.2525,zrxusdt
425,2019-09-09 04:08:38,4051.9177,etcusdt
425,2019-09-09 04:08:41,1746.8822,ltcbtc
419,2019-09-09 04:08:42,3.766,wtceth
423,2019-09-09 04:08:45,339.5402,ltcusdt
425,2019-09-09 04:08:59,56171.153,btcusdt
424,2019-09-09 04:08:59,20177.1437,ethusdt
425,2019-09-09 04:09:00,3621.949,omgusdt
423,2019-09-09 04:09:01,5424.7885,ethbtc
424,2019-09-09 04:09:03,27.9004,gntusdt
430,2019-09-09 04:09:07,0.4101,mcoeth
430,2019-09-09 04:09:08,2.582,aeeth
426,2019-09-09 04:09:10,2581.6033,ltcbtc
426,2019-09-09 04:09:14,4170.5929,etcusdt
420,2019-09-09 04:09:14,13.7743,wtceth
425,2019-09-09 04:09:16,38.1839,zrxusdt
425,2019-09-09 04:09:24,3368.1203,ethusdt
426,2019-09-09 04:09:24,32331.0673,btcusdt
424,2019-09-09 04:09:25,4566.5346,ltcusdt
424,2019-09-09 04:09:33,4539.4588,ethbtc
431,2019-09-09 04:09:34,0.8864,mcoeth
426,2019-09-09 04:09:40,199.4779,omgusdt
426,2019-09-09 04:09:41,117.9219,zrxusdt
427,2019-09-09 04:09:42,2759.547,etcusdt
425,2019-09-09 04:09:42,1.091,gntusdt
427,2019-09-09 04:09:52,5285.1163,ltcbtc
431,2019-09-09 04:09:53,15.8689,aeeth
421,2019-09-09 04:09:58,33.1111,wtceth
427,2019-09-09 04:09:59,71065.4924,btcusdt
426,2019-09-09 04:10:02,17164.9084,ethusdt
425,2019-09-09 04:10:04,5632.6736,ltcusdt
425,2019-09-09 04:10:05,1744.3223,ethbtc
427,2019-09-09 04:10:13,561.4091,omgusdt
432,2019-09-09 04:10:18,0.7223,mcoeth
426,2019-09-09 04:10:19,12.2577,gntusdt
427,2019-09-09 04:10:21,96.0758,zrxusdt
428,2019-09-09 04:10:23,259.771,etcusdt
422,2019-09-09 04:10:26,30.233,wtceth
427,2019-09-09 04:10:27,13906.8469,ethusdt
432,2019-09-09 04:10:32,3.8887,aeeth
428,2019-09-09 04:10:32,18211.0784,btcusdt
428,2019-09-09 04:10:35,5260.1834,ltcbtc
426,2019-09-09 04:10:40,15813.2581,ethbtc
426,2019-09-09 04:10:42,2655.1954,ltcusdt
427,2019-09-09 04:10:46,1.2116,gntusdt
429,2019-09-09 04:10:52,4623.1597,etcusdt
428,2019-09-09 04:10:57,2694.012,omgusdt
423,2019-09-09 04:11:00,8.7462,wtceth
428,2019-09-09 04:11:01,90.9903,zrxusdt
433,2019-09-09 04:11:02,1.2689,mcoeth
433,2019-09-09 04:11:04,5.2325,aeeth
429,2019-09-09 04:11:05,13.1502,ltcbtc
428,2019-09-09 04:11:11,20050.8273,ethusdt
429,2019-09-09 04:11:17,13559.6237,btcusdt
428,2019-09-09 04:11:19,6.19,gntusdt
427,2019-09-09 04:11:22,3944.9275,ltcusdt
430,2019-09-09 04:11:23,560.2905,etcusdt
427,2019-09-09 04:11:25,519.3788,ethbtc
434,2019-09-09 04:11:32,0.1133,mcoeth
424,2019-09-09 04:11:34,37.9972,wtceth
434,2019-09-09 04:11:34,15.5956,aeeth
429,2019-09-09 04:11:35,3302.8399,omgusdt
429,2019-09-09 04:11:40,127.6467,zrxusdt
429,2019-09-09 04:11:48,28.4128,gntusdt
429,2019-09-09 04:11:48,6005.5933,ethusdt
430,2019-09-09 04:11:49,4134.7247,ltcbtc
430,2019-09-09 04:11:51,7479.1229,btcusdt
428,2019-09-09 04:11:55,5651.6577,ltcusdt
431,2019-09-09 04:11:57,2790.0582,etcusdt
425,2019-09-09 04:12:02,6.5027,wtceth
428,2019-09-09 04:12:03,10336.9472,ethbtc
430,2019-09-09 04:12:07,12.0958,zrxusdt
430,2019-09-09 04:12:08,1039.5458,omgusdt
435,2019-09-09 04:12:14,0.2292,aeeth
431,2019-09-09 04:12:15,246.5028,ltcbtc
430,2019-09-09 04:12:16,5.2221,gntusdt
435,2019-09-09 04:12:17,1.1938,mcoeth
430,2019-09-09 04:12:26,8877.3382,ethusdt
432,2019-09-09 04:12:27,3511.3379,etcusdt
431,2019-09-09 04:12:29,1406.8822,btcusdt
429,2019-09-09 04:12:29,2587.4957,ethbtc
426,2019-09-09 04:12:37,51.6731,wtceth
429,2019-09-09 04:12:38,6765.7666,ltcusdt
431,2019-09-09 04:12:39,33.093,zrxusdt
431,2019-09-09 04:12:42,2277.9805,omgusdt
436,2019-09-09 04:12:43,0.8622,mcoeth
436,2019-09-09 04:12:43,13.7506,aeeth
432,2019-09-09 04:12:45,2067.3009,ltcbtc
431,2019-09-09 04:12:55,13.4644,gntusdt
431,2019-09-09 04:12:58,4657.5797,ethusdt
430,2019-09-09 04:12:59,3017.9845,ethbtc
433,2019-09-09 04:13:01,1200.4741,etcusdt
437,2019-09-09 04:13:12,14.1451,aeeth
432,2019-09-09 04:13:12,34245.6416,btcusdt
437,2019-09-09 04:13:14,0.2338,mcoeth
433,2019-09-09 04:13:15,2662.2281,ltcbtc
427,2019-09-09 04:13:15,64.3157,wtceth
430,2019-09-09 04:13:16,5544.249,ltcusdt
432,2019-09-09 04:13:17,3634.6395,omgusdt
432,2019-09-09 04:13:23,128.5613,zrxusdt
432,2019-09-09 04:13:32,4754.8174,ethusdt
434,2019-09-09 04:13:34,973.0055,etcusdt
432,2019-09-09 04:13:40,22.8694,gntusdt
431,2019-09-09 04:13:40,6476.6533,ethbtc
428,2019-09-09 04:13:41,4.8025,wtceth
434,2019-09-09 04:13:47,2922.4376,ltcbtc
438,2019-09-09 04:13:47,13.2547,aeeth
433,2019-09-09 04:13:50,42256.5031,btcusdt
438,2019-09-09 04:13:54,1.0994,mcoeth
433,2019-09-09 04:13:56,1184.2455,omgusdt
431,2019-09-09 04:13:57,214.5676,ltcusdt
433,2019-09-09 04:14:03,47.4877,zrxusdt
435,2019-09-09 04:14:06,2534.2117,etcusdt
433,2019-09-09 04:14:15,28.4868,gntusdt
433,2019-09-09 04:14:15,7699.4301,ethusdt
432,2019-09-09 04:14:17,21059.3898,ethbtc
429,2019-09-09 04:14:21,17.9214,wtceth
434,2019-09-09 04:14:22,1560.1723,omgusdt
439,2019-09-09 04:14:23,5.0043,aeeth
439,2019-09-09 04:14:26,0.4422,mcoeth
434,2019-09-09 04:14:28,61876.9312,btcusdt
435,2019-09-09 04:14:30,3418.3677,ltcbtc
434,2019-09-09 04:14:31,14.0896,zrxusdt
432,2019-09-09 04:14:34,3446.2458,ltcusdt
436,2019-09-09 04:14:36,3108.7512,etcusdt
433,2019-09-09 04:14:50,13698.7645,ethbtc
434,2019-09-09 04:14:55,13.8953,gntusdt
440,2019-09-09 04:14:55,0.7228,aeeth
440,2019-09-09 04:14:56,0.3624,mcoeth
434,2019-09-09 04:14:58,12929.9879,ethusdt
430,2019-09-09 04:15:03,32.6112,wtceth
435,2019-09-09 04:15:04,1368.5086,omgusdt
436,2019-09-09 04:15:05,3692.6527,ltcbtc
435,2019-09-09 04:15:08,54468.9775,btcusdt
433,2019-09-09 04:15:09,1653.3038,ltcusdt
435,2019-09-09 04:15:10,193.4621,zrxusdt
437,2019-09-09 04:15:18,3058.7636,etcusdt
435,2019-09-09 04:15:23,7.0376,gntusdt
434,2019-09-09 04:15:27,2390.4167,ethbtc
435,2019-09-09 04:15:28,4992.9097,ethusdt
436,2019-09-09 04:15:31,1109.6707,omgusdt
441,2019-09-09 04:15:36,12.9141,aeeth
441,2019-09-09 04:15:40,0.0161,mcoeth
431,2019-09-09 04:15:43,65.9926,wtceth
437,2019-09-09 04:15:44,4691.3637,ltcbtc
434,2019-09-09 04:15:45,7128.8428,ltcusdt
438,2019-09-09 04:15:46,1448.8532,etcusdt
436,2019-09-09 04:15:50,66.5636,zrxusdt
436,2019-09-09 04:15:50,44844.2129,btcusdt
435,2019-09-09 04:15:52,62.7362,ethbtc
436,2019-09-09 04:15:59,30.6251,gntusdt
437,2019-09-09 04:16:02,1868.028,omgusdt
436,2019-09-09 04:16:12,14862.6579,ethusdt
442,2019-09-09 04:16:16,0.0771,mcoeth
442,2019-09-09 04:16:17,7.9726,aeeth
436,2019-09-09 04:16:17,9716.8801,ethbtc
435,2019-09-09 04:16:19,5316.1897,ltcusdt
432,2019-09-09 04:16:20,6.9709,wtceth
439,2019-09-09 04:16:26,1445.0023,etcusdt
438,2019-09-09 04:16:28,2690.4226,ltcbtc
437,2019-09-09 04:16:32,173.9175,zrxusdt
438,2019-09-09 04:16:32,1169.8068,omgusdt
437,2019-09-09 04:16:33,10166.1472,btcusdt
437,2019-09-09 04:16:40,3.3663,gntusdt
437,2019-09-09 04:16:45,8452.4364,ethusdt
437,2019-09-09 04:16:53,20740.0774,ethbtc
439,2019-09-09 04:16:53,4647.0501,ltcbtc
436,2019-09-09 04:16:58,687.3661,ltcusdt
443,2019-09-09 04:16:59,10.5691,aeeth
439,2019-09-09 04:17:00,1766.0689,omgusdt
438,2019-09-09 04:17:01,54801.2903,btcusdt
443,2019-09-09 04:17:01,0.4036,mcoeth
433,2019-09-09 04:17:03,64.0335,wtceth
440,2019-09-09 04:17:07,1030.8167,etcusdt
438,2019-09-09 04:17:10,19856.1569,ethusdt
438,2019-09-09 04:17:11,135.3503,zrxusdt
438,2019-09-09 04:17:21,17.8947,gntusdt
440,2019-09-09 04:17:26,3444.1312,ltcbtc
438,2019-09-09 04:17:27,3208.2549,ethbtc
440,2019-09-09 04:17:28,822.4237,omgusdt
444,2019-09-09 04:17:30,7.6131,aeeth
444,2019-09-09 04:17:31,0.7734,mcoeth
437,2019-09-09 04:17:31,1985.73,ltcusdt
434,2019-09-09 04:17:36,15.385,wtceth
441,2019-09-09 04:17:43,1632.9583,etcusdt
439,2019-09-09 04:17:43,26728.2021,btcusdt
439,2019-09-09 04:17:47,7306.8838,ethusdt
439,2019-09-09 04:17:48,1.7605,zrxusdt
439,2019-09-09 04:17:52,27.6293,gntusdt
441,2019-09-09 04:17:54,4030.784,ltcbtc
445,2019-09-09 04:18:00,0.064,mcoeth
439,2019-09-09 04:18:03,1678.821,ethbtc
438,2019-09-09 04:18:10,4637.8636,ltcusdt
441,2019-09-09 04:18:11,1619.384,omgusdt
442,2019-09-09 04:18:13,4083.7316,etcusdt
445,2019-09-09 04:18:15,13.4431,aeeth
435,2019-09-09 04:18:18,14.1227,wtceth
442,2019-09-09 04:18:27,2409.2549,ltcbtc
440,2019-09-09 04:18:27,162.1028,zrxusdt
446,2019-09-09 04:18:28,0.9877,mcoeth
440,2019-09-09 04:18:28,8360.183,ethusdt
440,2019-09-09 04:18:28,13386.1735,btcusdt
440,2019-09-09 04:18:29,7.9059,gntusdt
440,2019-09-09 04:18:41,14943.9775,ethbtc
446,2019-09-09 04:18:47,2.8172,aeeth
439,2019-09-09 04:18:47,4204.063,ltcusdt
436,2019-09-09 04:18:50,59.7921,wtceth
443,2019-09-09 04:18:52,1364.9368,etcusdt
441,2019-09-09 04:18:52,143.5681,zrxusdt
442,2019-09-09 04:18:53,1844.5479,omgusdt
441,2019-09-09 04:19:02,14443.7972,btcusdt
441,2019-09-09 04:19:02,3516.2792,ethusdt
443,2019-09-09 04:19:03,4313.1065,ltcbtc
441,2019-09-09 04:19:06,15350.0285,ethbtc
447,2019-09-09 04:19:06,1.0168,mcoeth
441,2019-09-09 04:19:12,15.6147,gntusdt
440,2019-09-09 04:19:13,1034.7117,ltcusdt
444,2019-09-09 04:19:20,346.6465,etcusdt
447,2019-09-09 04:19:27,7.3349,aeeth
442,2019-09-09 04:19:29,3068.0981,ethusdt
442,2019-09-09 04:19:31,34450.5081,btcusdt
442,2019-09-09 04:19:33,116.133,zrxusdt
437,2019-09-09 04:19:34,41.1787,wtceth
443,2019-09-09 04:19:34,2424.2346,omgusdt
448,2019-09-09 04:19:40,0.2323,mcoeth
444,2019-09-09 04:19:42,2044.2,ltcbtc
442,2019-09-09 04:19:45,3666.5784,ethbtc
442,2019-09-09 04:19:49,24.5259,gntusdt
441,2019-09-09 04:19:51,6779.9577,ltcusdt
445,2019-09-09 04:19:54,782.9368,etcusdt
443,2019-09-09 04:19:56,49505.3907,btcusdt
448,2019-09-09 04:19:57,15.524,aeeth
438,2019-09-09 04:20:02,6.6764,wtceth
443,2019-09-09 04:20:12,10319.0953,ethusdt
443,2019-09-09 04:20:13,2.0129,zrxusdt
449,2019-09-09 04:20:15,0.7584,mcoeth
444,2019-09-09 04:20:17,4498.7795,omgusdt
443,2019-09-09 04:20:18,19.8974,gntusdt
443,2019-09-09 04:20:23,13031.6265,ethbtc
445,2019-09-09 04:20:23,67.4194,ltcbtc
442,2019-09-09 04:20:23,6518.4768,ltcusdt
446,2019-09-09 04:20:24,3185.544,etcusdt
444,2019-09-09 04:20:39,102.3358,zrxusdt
439,2019-09-09 04:20:41,38.2734,wtceth
444,2019-09-09 04:20:41,49364.2691,btcusdt
449,2019-09-09 04:20:42,1.1917,aeeth
447,2019-09-09 04:20:49,864.9689,etcusdt
444,2019-09-09 04:20:49,15.4287,gntusdt
444,2019-09-09 04:20:53,20422.5449,ethusdt
446,2019-09-09 04:20:55,4313.9377,ltcbtc
444,2019-09-09 04:20:55,9051.5332,ethbtc
445,2019-09-09 04:20:56,58.0363,omgusdt
450,2019-09-09 04:21:00,0.723,mcoeth
443,2019-09-09 04:21:03,7389.1562,ltcusdt
445,2019-09-09 04:21:14,13.6247,gntusdt
448,2019-09-09 04:21:15,4092.4697,etcusdt
445,2019-09-09 04:21:15,46269.6807,btcusdt
440,2019-09-09 04:21:16,54.8084,wtceth
445,2019-09-09 04:21:19,11.1747,zrxusdt
447,2019-09-09 04:21:22,4390.6795,ltcbtc
450,2019-09-09 04:21:25,7.3263,aeeth
446,2019-09-09 04:21:25,4167.7735,omgusdt
451,2019-09-09 04:21:27,0.6632,mcoeth
445,2019-09-09 04:21:30,20258.247,ethusdt
444,2019-09-09 04:21:37,2961.9251,ltcusdt
445,2019-09-09 04:21:37,15438.6723,ethbtc
446,2019-09-09 04:21:45,21069.3228,btcusdt
446,2019-09-09 04:21:50,10.4186,zrxusdt
446,2019-09-09 04:21:50,12.8107,gntusdt
447,2019-09-09 04:21:53,699.7725,omgusdt
449,2019-09-09 04:21:58,3721.7522,etcusdt
448,2019-09-09 04:21:58,4481.8072,ltcbtc
441,2019-09-09 04:21:59,55.1547,wtceth
451,2019-09-09 04:22:00,1.0524,aeeth
446,2019-09-09 04:22:02,2462.1952,ethusdt
445,2019-09-09 04:22:06,148.7891,ltcusdt
452,2019-09-09 04:22:08,0.5207,mcoeth
446,2019-09-09 04:22:10,7647.7713,ethbtc
447,2019-09-09 04:22:12,28120.0558,btcusdt
447,2019-09-09 04:22:19,22.6579,gntusdt
447,2019-09-09 04:22:26,126.1011,zrxusdt
449,2019-09-09 04:22:27,345.9878,ltcbtc
448,2019-09-09 04:22:27,3709.2633,omgusdt
442,2019-09-09 04:22:27,11.9087,wtceth
452,2019-09-09 04:22:36,16.7056,aeeth
450,2019-09-09 04:22:40,2100.2779,etcusdt
446,2019-09-09 04:22:41,52.738,ltcusdt
447,2019-09-09 04:22:43,21158.1773,ethbtc
447,2019-09-09 04:22:47,13561.1915,ethusdt
448,2019-09-09 04:22:49,68869.5874,btcusdt
453,2019-09-09 04:22:49,1.3174,mcoeth
448,2019-09-09 04:22:52,127.1348,zrxusdt
443,2019-09-09 04:22:57,73.334,wtceth
450,2019-09-09 04:22:58,3367.8909,ltcbtc
448,2019-09-09 04:23:04,18.1731,gntusdt
448,2019-09-09 04:23:08,1518.6648,ethbtc
453,2019-09-09 04:23:10,16.8711,aeeth
448,2019-09-09 04:23:12,10917.632,ethusdt
449,2019-09-09 04:23:12,223.9793,omgusdt
449,2019-09-09 04:23:17,34311.5751,btcusdt
447,2019-09-09 04:23:17,6896.1921,ltcusdt
451,2019-09-09 04:23:22,1156.0227,etcusdt
449,2019-09-09 04:23:30,69.1163,zrxusdt
444,2019-09-09 04:23:31,49.9333,wtceth
449,2019-09-09 04:23:33,1.747,gntusdt
454,2019-09-09 04:23:33,0.9922,mcoeth
449,2019-09-09 04:23:37,8689.9185,ethusdt
451,2019-09-09 04:23:40,166.7298,ltcbtc
450,2019-09-09 04:23:49,2129.7945,omgusdt
449,2019-09-09 04:23:50,14856.568,ethbtc
454,2019-09-09 04:23:54,13.7354,aeeth
450,2019-09-09 04:23:56,43712.7752,btcusdt
452,2019-09-09 04:23:58,4545.9893,etcusdt
455,2019-09-09 04:23:59,0.5483,mcoeth
448,2019-09-09 04:24:00,7869.9757,ltcusdt
445,2019-09-09 04:24:07,19.3851,wtceth
450,2019-09-09 04:24:07,19.3453,gntusdt
450,2019-09-09 04:24:11,178.0064,zrxusdt
452,2019-09-09 04:24:17,3324.7241,ltcbtc
450,2019-09-09 04:24:19,4651.5341,ethusdt
450,2019-09-09 04:24:23,4439.0699,ethbtc
453,2019-09-09 04:24:24,657.7047,etcusdt
451,2019-09-09 04:24:25,1286.2056,omgusdt
451,2019-09-09 04:24:25,8574.3619,btcusdt
455,2019-09-09 04:24:30,5.5875,aeeth
449,2019-09-09 04:24:30,1781.6767,ltcusdt
456,2019-09-09 04:24:33,0.6275,mcoeth
453,2019-09-09 04:24:42,3579.1774,ltcbtc
451,2019-09-09 04:24:47,6135.2757,ethusdt
446,2019-09-09 04:24:47,16.8912,wtceth
451,2019-09-09 04:24:49,16618.3291,ethbtc
451,2019-09-09 04:24:51,28.7041,gntusdt
456,2019-09-09 04:24:55,1.3508,aeeth
451,2019-09-09 04:24:56,186.3658,zrxusdt
452,2019-09-09 04:25:00,3034.9403,omgusdt
454,2019-09-09 04:25:01,4237.9213,etcusdt
452,2019-09-09 04:25:07,58003.6961,btcusdt
457,2019-09-09 04:25:08,0.4215,mcoeth
450,2019-09-09 04:25:08,5113.7232,ltcusdt
452,2019-09-09 04:25:14,13460.6226,ethbtc
452,2019-09-09 04:25:24,19.4776,gntusdt
454,2019-09-09 04:25:25,1532.0398,ltcbtc
447,2019-09-09 04:25:27,36.0679,wtceth
457,2019-09-09 04:25:27,4.3818,aeeth
452,2019-09-09 04:25:30,12862.1476,ethusdt
453,2019-09-09 04:25:33,61778.7966,btcusdt
452,2019-09-09 04:25:35,15.5474,zrxusdt
453,2019-09-09 04:25:39,17995.9118,ethbtc
455,2019-09-09 04:25:42,3682.8947,etcusdt
453,2019-09-09 04:25:44,2686.6,omgusdt
451,2019-09-09 04:25:51,6714.3232,ltcusdt
458,2019-09-09 04:25:51,0.6497,mcoeth
458,2019-09-09 04:25:55,17.5199,aeeth
453,2019-09-09 04:25:56,1694.0423,ethusdt
453,2019-09-09 04:25:57,16.7149,gntusdt
448,2019-09-09 04:26:01,37.2219,wtceth
454,2019-09-09 04:26:06,9913.0928,ethbtc
453,2019-09-09 04:26:07,75.9024,zrxusdt
455,2019-09-09 04:26:10,1765.1278,ltcbtc
454,2019-09-09 04:26:18,26447.1399,btcusdt
456,2019-09-09 04:26:21,4036.5452,etcusdt
459,2019-09-09 04:26:22,0.0083,mcoeth
454,2019-09-09 04:26:26,673.2055,ethusdt
459,2019-09-09 04:26:29,11.9367,aeeth
454,2019-09-09 04:26:29,1416.4552,omgusdt
452,2019-09-09 04:26:31,6215.0325,ltcusdt
456,2019-09-09 04:26:35,4815.722,ltcbtc
455,2019-09-09 04:26:36,12618.6237,ethbtc
454,2019-09-09 04:26:41,15.6746,gntusdt
454,2019-09-09 04:26:44,99.674,zrxusdt
449,2019-09-09 04:26:46,25.7654,wtceth
460,2019-09-09 04:26:48,0.702,mcoeth
455,2019-09-09 04:26:55,33123.1698,btcusdt
460,2019-09-09 04:26:57,15.9601,aeeth
457,2019-09-09 04:27:01,1030.8324,etcusdt
456,2019-09-09 04:27:01,13338.3347,ethbtc
457,2019-09-09 04:27:05,3313.8551,ltcbtc
455,2019-09-09 04:27:09,8551.8496,ethusdt
455,2019-09-09 04:27:09,17.3461,gntusdt
453,2019-09-09 04:27:12,755.5991,ltcusdt
455,2019-09-09 04:27:13,129.3699,zrxusdt
455,2019-09-09 04:27:13,1979.5464,omgusdt
461,2019-09-09 04:27:25,1.038,mcoeth
456,2019-09-09 04:27:29,38589.559,btcusdt
450,2019-09-09 04:27:30,13.1422,wtceth
461,2019-09-09 04:27:36,17.1808,aeeth
457,2019-09-09 04:27:36,7163.5886,ethbtc
458,2019-09-09 04:27:40,3350.9093,ltcbtc
456,2019-09-09 04:27:41,2281.71,omgusdt
458,2019-09-09 04:27:41,1219.3064,etcusdt
454,2019-09-09 04:27:47,291.2873,ltcusdt
456,2019-09-09 04:27:49,92.5535,zrxusdt
456,2019-09-09 04:27:49,8914.8459,ethusdt
462,2019-09-09 04:27:50,0.8359,mcoeth
456,2019-09-09 04:27:50,9.7243,gntusdt
457,2019-09-09 04:27:59,6108.0158,btcusdt
451,2019-09-09 04:28:05,44.2898,wtceth
459,2019-09-09 04:28:06,4452.4518,etcusdt
462,2019-09-09 04:28:07,13.1058,aeeth
457,2019-09-09 04:28:09,1141.9521,omgusdt
458,2019-09-09 04:28:11,13805.6007,ethbtc
455,2019-09-09 04:28:15,5840.0117,ltcusdt
457,2019-09-09 04:28:16,17244.601,ethusdt
459,2019-09-09 04:28:20,4908.6055,ltcbtc
457,2019-09-09 04:28:27,116.8843,zrxusdt
463,2019-09-09 04:28:28,1.1135,mcoeth
457,2019-09-09 04:28:31,17.6322,gntusdt
463,2019-09-09 04:28:37,15.59,aeeth
456,2019-09-09 04:28:42,6306.7877,ltcusdt
458,2019-09-09 04:28:43,3903.0269,omgusdt
458,2019-09-09 04:28:44,24365.8991,btcusdt
452,2019-09-09 04:28:46,64.2184,wtceth
460,2019-09-09 04:28:47,4341.1671,etcusdt
458,2019-09-09 04:28:50,12853.9488,ethusdt
459,2019-09-09 04:28:52,19767.614,ethbtc
460,2019-09-09 04:28:58,1436.8816,ltcbtc
464,2019-09-09 04:28:58,0.4733,mcoeth
458,2019-09-09 04:29:01,29.6496,gntusdt
458,2019-09-09 04:29:02,114.3342,zrxusdt
459,2019-09-09 04:29:12,2960.0256,omgusdt
457,2019-09-09 04:29:20,5440.255,ltcusdt
453,2019-09-09 04:29:21,5.0924,wtceth
464,2019-09-09 04:29:22,15.1541,aeeth
459,2019-09-09 04:29:22,63484.8482,btcusdt
465,2019-09-09 04:29:29,1.1262,mcoeth
459,2019-09-09 04:29:29,9628.4639,ethusdt
459,2019-09-09 04:29:31,7.5336,gntusdt
461,2019-09-09 04:29:31,1442.6697,etcusdt
460,2019-09-09 04:29:36,11182.2354,ethbtc
459,2019-09-09 04:29:38,4.6701,zrxusdt
460,2019-09-09 04:29:39,2050.045,omgusdt
461,2019-09-09 04:29:40,2736.7547,ltcbtc
458,2019-09-09 04:29:52,5267.8229,ltcusdt
466,2019-09-09 04:29:56,0.0236,mcoeth
460,2019-09-09 04:29:57,57751.3841,btcusdt
460,2019-09-09 04:30:00,29.1592,gntusdt
454,2019-09-09 04:30:01,34.7867,wtceth
460,2019-09-09 04:30:02,15099.1658,ethusdt
465,2019-09-09 04:30:07,7.3559,aeeth
460,2019-09-09 04:30:07,21.6459,zrxusdt
461,2019-09-09 04:30:10,3726.4764,ethbtc
462,2019-09-09 04:30:11,2289.1412,etcusdt
461,2019-09-09 04:30:13,3917.5594,omgusdt
462,2019-09-09 04:30:13,2789.6843,ltcbtc
461,2019-09-09 04:30:27,8.6129,gntusdt
455,2019-09-09 04:30:28,41.7278,wtceth
461,2019-09-09 04:30:29,39033.8954,btcusdt
459,2019-09-09 04:30:31,4230.1345,ltcusdt
467,2019-09-09 04:30:32,0.0845,mcoeth
463,2019-09-09 04:30:37,4599.5172,etcusdt
461,2019-09-09 04:30:38,163.1963,zrxusdt
462,2019-09-09 04:30:39,1590.1843,omgusdt
466,2019-09-09 04:30:41,16.6075,aeeth
462,2019-09-09 04:30:43,2428.2629,ethbtc
461,2019-09-09 04:30:45,9567.075,ethusdt
463,2019-09-09 04:30:54,5286.5598,ltcbtc
462,2019-09-09 04:31:00,13502.3881,btcusdt
462,2019-09-09 04:31:05,27.4765,gntusdt
456,2019-09-09 04:31:10,32.1477,wtceth
464,2019-09-09 04:31:12,2669.6284,etcusdt
460,2019-09-09 04:31:13,7755.7604,ltcusdt
463,2019-09-09 04:31:16,2387.7817,omgusdt
468,2019-09-09 04:31:16,0.4246,mcoeth
467,2019-09-09 04:31:17,9.0371,aeeth
463,2019-09-09 04:31:19,18582.0818,ethbtc
462,2019-09-09 04:31:20,7245.6346,ethusdt
462,2019-09-09 04:31:22,96.2285,zrxusdt
463,2019-09-09 04:31:29,58812.1302,btcusdt
457,2019-09-09 04:31:35,35.3413,wtceth
464,2019-09-09 04:31:36,5081.4357,ltcbtc
465,2019-09-09 04:31:42,3083.5982,etcusdt
464,2019-09-09 04:31:45,10318.2557,ethbtc
463,2019-09-09 04:31:48,25.7206,gntusdt
469,2019-09-09 04:31:48,1.3207,mcoeth
463,2019-09-09 04:31:50,14619.9914,ethusdt
461,2019-09-09 04:31:52,6498.0402,ltcusdt
468,2019-09-09 04:31:53,12.0193,aeeth
464,2019-09-09 04:31:55,1072.1207,omgusdt
463,2019-09-09 04:31:58,166.7685,zrxusdt
465,2019-09-09 04:32:02,3289.9566,ltcbtc
458,2019-09-09 04:32:03,26.7382,wtceth
466,2019-09-09 04:32:07,700.0979,etcusdt
464,2019-09-09 04:32:08,32132.8575,btcusdt
470,2019-09-09 04:32:13,0.4097,mcoeth
462,2019-09-09 04:32:17,5427.8048,ltcusdt
464,2019-09-09 04:32:22,8.6263,gntusdt
469,2019-09-09 04:32:23,16.4367,aeeth
465,2019-09-09 04:32:23,4361.9574,omgusdt
465,2019-09-09 04:32:26,12864.682,ethbtc
464,2019-09-09 04:32:27,17525.0886,ethusdt
466,2019-09-09 04:32:40,2768.3203,ltcbtc
464,2019-09-09 04:32:41,32.9539,zrxusdt
465,2019-09-09 04:32:44,3343.2131,btcusdt
467,2019-09-09 04:32:45,3058.3035,etcusdt
459,2019-09-09 04:32:46,10.1892,wtceth
466,2019-09-09 04:32:48,3925.4245,omgusdt
470,2019-09-09 04:32:49,15.7787,aeeth
471,2019-09-09 04:32:54,0.0196,mcoeth
463,2019-09-09 04:32:56,4676.3634,ltcusdt
465,2019-09-09 04:32:58,20.8641,gntusdt
465,2019-09-09 04:33:10,15889.3735,ethusdt
466,2019-09-09 04:33:11,13669.5212,ethbtc
467,2019-09-09 04:33:15,4493.6936,ltcbtc
467,2019-09-09 04:33:21,3585.9924,omgusdt
466,2019-09-09 04:33:24,90.4103,btcusdt
465,2019-09-09 04:33:24,13.6268,zrxusdt
471,2019-09-09 04:33:26,3.3755,aeeth
472,2019-09-09 04:33:29,1.1364,mcoeth
460,2019-09-09 04:33:30,51.0547,wtceth
468,2019-09-09 04:33:30,1231.0196,etcusdt
464,2019-09-09 04:33:36,6483.5395,ltcusdt
467,2019-09-09 04:33:36,10470.0263,ethbtc
466,2019-09-09 04:33:41,755.973,ethusdt
466,2019-09-09 04:33:41,27.8796,gntusdt
468,2019-09-09 04:33:49,1214.4517,ltcbtc
466,2019-09-09 04:33:50,67.4594,zrxusdt
467,2019-09-09 04:33:53,23559.0912,btcusdt
461,2019-09-09 04:33:57,60.3538,wtceth
468,2019-09-09 04:34:01,1313.061,omgusdt
472,2019-09-09 04:34:02,13.205,aeeth
469,2019-09-09 04:34:09,4751.97,etcusdt
473,2019-09-09 04:34:09,0.6862,mcoeth
468,2019-09-09 04:34:12,11428.2525,ethbtc
465,2019-09-09 04:34:14,934.827,ltcusdt
469,2019-09-09 04:34:15,4760.209,ltcbtc
468,2019-09-09 04:34:18,70968.6544,btcusdt
467,2019-09-09 04:34:25,27.6242,gntusdt
467,2019-09-09 04:34:26,19182.846,ethusdt
467,2019-09-09 04:34:30,102.4772,zrxusdt
462,2019-09-09 04:34:31,14.3922,wtceth
470,2019-09-09 04:34:37,3638.4324,etcusdt
469,2019-09-09 04:34:46,1632.6134,omgusdt
473,2019-09-09 04:34:46,2.0807,aeeth
469,2019-09-09 04:34:49,22210.1785,btcusdt
466,2019-09-09 04:34:50,4541.1215,ltcusdt
474,2019-09-09 04:34:51,0.7791,mcoeth
469,2019-09-09 04:34:54,4915.3692,ethbtc
470,2019-09-09 04:34:56,1081.2003,ltcbtc
468,2019-09-09 04:34:59,195.8535,zrxusdt
468,2019-09-09 04:35:05,11.0874,gntusdt
468,2019-09-09 04:35:08,17578.9638,ethusdt
463,2019-09-09 04:35:13,0.6616,wtceth
471,2019-09-09 04:35:16,1528.2591,etcusdt
470,2019-09-09 04:35:19,61394.3166,btcusdt
475,2019-09-09 04:35:20,1.1448,mcoeth
470,2019-09-09 04:35:22,2303.107,omgusdt
471,2019-09-09 04:35:24,5548.6563,ltcbtc
474,2019-09-09 04:35:25,9.2337,aeeth
470,2019-09-09 04:35:27,20750.1742,ethbtc
467,2019-09-09 04:35:32,2267.3983,ltcusdt
469,2019-09-09 04:35:37,13.2541,zrxusdt
464,2019-09-09 04:35:43,5.7161,wtceth
469,2019-09-09 04:35:46,15212.6063,ethusdt
471,2019-09-09 04:35:47,14172.5235,btcusdt
469,2019-09-09 04:35:49,27.7822,gntusdt
471,2019-09-09 04:35:50,4259.5726,omgusdt
471,2019-09-09 04:35:52,5587.6294,ethbtc
472,2019-09-09 04:35:54,3940.3676,ltcbtc
476,2019-09-09 04:35:58,0.6071,mcoeth
472,2019-09-09 04:36:00,2303.1767,etcusdt
475,2019-09-09 04:36:07,17.1899,aeeth
470,2019-09-09 04:36:11,95.5726,zrxusdt
465,2019-09-09 04:36:13,42.2497,wtceth
468,2019-09-09 04:36:15,3172.2838,ltcusdt
472,2019-09-09 04:36:19,3172.8054,omgusdt
472,2019-09-09 04:36:23,9129.5096,btcusdt
470,2019-09-09 04:36:24,15.7781,gntusdt
472,2019-09-09 04:36:28,17813.5761,ethbtc
470,2019-09-09 04:36:30,10569.5353,ethusdt
477,2019-09-09 04:36:32,0.2021,mcoeth
473,2019-09-09 04:36:32,4283.6558,ltcbtc
473,2019-09-09 04:36:39,1618.9703,etcusdt
469,2019-09-09 04:36:46,2370.2218,ltcusdt
471,2019-09-09 04:36:48,137.683,zrxusdt
476,2019-09-09 04:36:48,10.9549,aeeth
473,2019-09-09 04:36:51,1759.1804,omgusdt
466,2019-09-09 04:36:56,53.0635,wtceth
471,2019-09-09 04:36:57,14.8935,gntusdt
471,2019-09-09 04:36:59,6224.652,ethusdt
473,2019-09-09 04:37:04,64906.9921,btcusdt
473,2019-09-09 04:37:06,4949.7861,ethbtc
474,2019-09-09 04:37:13,3253.9616,ltcbtc
478,2019-09-09 04:37:14,0.7571,mcoeth
474,2019-09-09 04:37:16,3849.8455,omgusdt
474,2019-09-09 04:37:16,3449.372,etcusdt
477,2019-09-09 04:37:21,12.2394,aeeth
472,2019-09-09 04:37:27,1.3779,zrxusdt
470,2019-09-09 04:37:31,5372.056,ltcusdt
467,2019-09-09 04:37:34,26.3866,wtceth
475,2019-09-09 04:37:40,1846.8072,ltcbtc
479,2019-09-09 04:37:40,0.112,mcoeth
472,2019-09-09 04:37:42,15.0118,gntusdt
472,2019-09-09 04:37:43,8357.3584,ethusdt
474,2019-09-09 04:37:43,44809.1903,btcusdt
475,2019-09-09 04:37:46,630.1493,omgusdt
475,2019-09-09 04:37:51,3821.4338,etcusdt
474,2019-09-09 04:37:51,12665.2425,ethbtc
478,2019-09-09 04:37:52,15.4271,aeeth
473,2019-09-09 04:37:54,107.5291,zrxusdt
468,2019-09-09 04:38:05,0.4075,wtceth
473,2019-09-09 04:38:08,16024.4321,ethusdt
471,2019-09-09 04:38:12,4267.6417,ltcusdt
480,2019-09-09 04:38:13,1.054,mcoeth
476,2019-09-09 04:38:17,2363.8123,ltcbtc
475,2019-09-09 04:38:17,36755.9314,btcusdt
476,2019-09-09 04:38:21,4519.0899,etcusdt
476,2019-09-09 04:38:21,4043.9107,omgusdt
473,2019-09-09 04:38:24,6.8455,gntusdt
479,2019-09-09 04:38:25,9.9392,aeeth
474,2019-09-09 04:38:31,169.9094,zrxusdt
475,2019-09-09 04:38:32,2944.7037,ethbtc
481,2019-09-09 04:38:38,1.2784,mcoeth
472,2019-09-09 04:38:40,6130.3124,ltcusdt
474,2019-09-09 04:38:48,9953.5723,ethusdt
469,2019-09-09 04:38:48,0.0899,wtceth
477,2019-09-09 04:38:50,3369.4563,etcusdt
477,2019-09-09 04:38:51,2960.8548,ltcbtc
476,2019-09-09 04:38:54,55348.9351,btcusdt
475,2019-09-09 04:38:56,154.3742,zrxusdt
474,2019-09-09 04:38:57,12.9634,gntusdt
477,2019-09-09 04:39:03,2136.2927,omgusdt
480,2019-09-09 04:39:07,14.7088,aeeth
476,2019-09-09 04:39:13,9573.93,ethbtc
470,2019-09-09 04:39:13,23.2756,wtceth
482,2019-09-09 04:39:15,0.5504,mcoeth
478,2019-09-09 04:39:16,4060.9002,ltcbtc
473,2019-09-09 04:39:20,3630.5614,ltcusdt
475,2019-09-09 04:39:23,18336.0797,ethusdt
475,2019-09-09 04:39:28,4.6083,gntusdt
478,2019-09-09 04:39:31,2800.5543,etcusdt
478,2019-09-09 04:39:32,2517.7184,omgusdt
477,2019-09-09 04:39:34,18289.1409,btcusdt
476,2019-09-09 04:39:34,125.4678,zrxusdt
477,2019-09-09 04:39:38,12801.9353,ethbtc
471,2019-09-09 04:39:42,53.3976,wtceth
481,2019-09-09 04:39:46,6.8317,aeeth
474,2019-09-09 04:39:48,5279.4724,ltcusdt
479,2019-09-09 04:39:52,4223.5195,ltcbtc
483,2019-09-09 04:39:57,0.3827,mcoeth
479,2019-09-09 04:39:58,3065.9849,etcusdt
476,2019-09-09 04:40:07,19800.0897,ethusdt
478,2019-09-09 04:40:11,2519.5014,ethbtc
479,2019-09-09 04:40:12,728.7026,omgusdt
476,2019-09-09 04:40:13,15.655,gntusdt
475,2019-09-09 04:40:15,4995.0784,ltcusdt
477,2019-09-09 04:40:18,97.639,zrxusdt
478,2019-09-09 04:40:19,64758.5608,btcusdt
482,2019-09-09 04:40:23,10.5263,aeeth
472,2019-09-09 04:40:24,13.8315,wtceth
480,2019-09-09 04:40:32,1387.8727,ltcbtc
480,2019-09-09 04:40:33,3336.6981,etcusdt
477,2019-09-09 04:40:35,15328.3549,ethusdt
484,2019-09-09 04:40:40,0.103,mcoeth
480,2019-09-09 04:40:45,1088.6516,omgusdt
478,2019-09-09 04:40:46,138.1768,zrxusdt
479,2019-09-09 04:40:47,2099.4858,ethbtc
477,2019-09-09 04:40:47,7.2926,gntusdt
483,2019-09-09 04:40:50,12.5808,aeeth
473,2019-09-09 04:40:54,64.0627,wtceth
476,2019-09-09 04:40:55,955.9723,ltcusdt
481,2019-09-09 04:41:00,1269.9137,etcusdt
479,2019-09-09 04:41:02,54324.1531,btcusdt
481,2019-09-09 04:41:03,5038.2004,ltcbtc
478,2019-09-09 04:41:04,16829.0083,ethusdt
485,2019-09-09 04:41:10,0.8766,mcoeth
481,2019-09-09 04:41:12,2241.5919,omgusdt
479,2019-09-09 04:41:17,123.6019,zrxusdt
484,2019-09-09 04:41:17,1.8196,aeeth
480,2019-09-09 04:41:22,7382.0716,ethbtc
477,2019-09-09 04:41:28,3150.992,ltcusdt
479,2019-09-09 04:41:29,11318.4984,ethusdt
482,2019-09-09 04:41:31,4774.6643,ltcbtc
474,2019-09-09 04:41:31,65.5798,wtceth
478,2019-09-09 04:41:31,22.5449,gntusdt
482,2019-09-09 04:41:35,1212.6783,etcusdt
480,2019-09-09 04:41:37,5644.8848,btcusdt
485,2019-09-09 04:41:43,13.53,aeeth
480,2019-09-09 04:41:43,105.6183,zrxusdt
482,2019-09-09 04:41:51,1667.3642,omgusdt
486,2019-09-09 04:41:52,1.2136,mcoeth
481,2019-09-09 04:41:56,153.3793,ethbtc
479,2019-09-09 04:41:57,24.2489,gntusdt
475,2019-09-09 04:41:59,63.8072,wtceth
483,2019-09-09 04:42:02,1557.1683,etcusdt
478,2019-09-09 04:42:09,2596.4871,ltcusdt
483,2019-09-09 04:42:09,4413.1581,ltcbtc
480,2019-09-09 04:42:09,12800.2865,ethusdt
486,2019-09-09 04:42:13,3.2284,aeeth
481,2019-09-09 04:42:13,196.8566,zrxusdt
481,2019-09-09 04:42:15,38813.676,btcusdt
487,2019-09-09 04:42:18,0.1474,mcoeth
483,2019-09-09 04:42:20,1238.9777,omgusdt
482,2019-09-09 04:42:32,10537.9068,ethbtc
480,2019-09-09 04:42:34,19.1954,gntusdt
484,2019-09-09 04:42:35,4296.4672,etcusdt
484,2019-09-09 04:42:37,875.8959,ltcbtc
481,2019-09-09 04:42:38,1183.3024,ethusdt
482,2019-09-09 04:42:39,184.8961,zrxusdt
476,2019-09-09 04:42:41,24.6551,wtceth
487,2019-09-09 04:42:46,5.39,aeeth
482,2019-09-09 04:42:51,17924.4957,btcusdt
479,2019-09-09 04:42:53,5819.6313,ltcusdt
488,2019-09-09 04:42:56,1.1695,mcoeth
485,2019-09-09 04:43:03,613.12,ltcbtc
483,2019-09-09 04:43:05,4572.023,ethbtc
484,2019-09-09 04:43:05,1387.3013,omgusdt
477,2019-09-09 04:43:10,60.5198,wtceth
481,2019-09-09 04:43:11,2.9824,gntusdt
485,2019-09-09 04:43:15,1050.1452,etcusdt
482,2019-09-09 04:43:15,3090.9711,ethusdt
483,2019-09-09 04:43:23,32.7778,zrxusdt
488,2019-09-09 04:43:27,7.0111,aeeth
480,2019-09-09 04:43:28,4496.2521,ltcusdt
483,2019-09-09 04:43:32,63759.9815,btcusdt
489,2019-09-09 04:43:33,0.7895,mcoeth
478,2019-09-09 04:43:36,11.8351,wtceth
484,2019-09-09 04:43:38,13934.2894,ethbtc
486,2019-09-09 04:43:43,3203.1107,ltcbtc
485,2019-09-09 04:43:46,2328.654,omgusdt
482,2019-09-09 04:43:56,3.5118,gntusdt
483,2019-09-09 04:43:56,13690.8148,ethusdt
486,2019-09-09 04:43:59,3774.9085,etcusdt
484,2019-09-09 04:44:03,59745.4344,btcusdt
490,2019-09-09 04:44:03,1.1943,mcoeth
485,2019-09-09 04:44:04,2855.4394,ethbtc
489,2019-09-09 04:44:05,3.432,aeeth
484,2019-09-09 04:44:07,92.1801,zrxusdt
481,2019-09-09 04:44:08,3728.5108,ltcusdt
487,2019-09-09 04:44:10,2016.5441,ltcbtc
479,2019-09-09 04:44:13,61.5056,wtceth
483,2019-09-09 04:44:23,11.6568,gntusdt
486,2019-09-09 04:44:27,1544.5326,omgusdt
485,2019-09-09 04:44:35,56095.9409,btcusdt
490,2019-09-09 04:44:36,14.3113,aeeth
480,2019-09-09 04:44:39,15.5967,wtceth
484,2019-09-09 04:44:39,13752.3383,ethusdt
487,2019-09-09 04:44:40,570.9429,etcusdt
486,2019-09-09 04:44:43,6015.4231,ethbtc
491,2019-09-09 04:44:44,0.332,mcoeth
482,2019-09-09 04:44:50,1849.8598,ltcusdt
488,2019-09-09 04:44:51,1619.0617,ltcbtc
485,2019-09-09 04:44:52,189.3835,zrxusdt
484,2019-09-09 04:44:53,29.3035,gntusdt
491,2019-09-09 04:45:01,4.5918,aeeth
487,2019-09-09 04:45:06,2122.7314,omgusdt
486,2019-09-09 04:45:11,52674.4219,btcusdt
485,2019-09-09 04:45:16,7962.3859,ethusdt
492,2019-09-09 04:45:18,0.6284,mcoeth
488,2019-09-09 04:45:22,4129.3883,etcusdt
481,2019-09-09 04:45:22,28.8722,wtceth
487,2019-09-09 04:45:25,10690.7826,ethbtc
483,2019-09-09 04:45:26,1257.0586,ltcusdt
489,2019-09-09 04:45:31,1572.9134,ltcbtc
486,2019-09-09 04:45:32,105.225,zrxusdt
487,2019-09-09 04:45:38,51857.827,btcusdt
485,2019-09-09 04:45:38,13.2545,gntusdt
492,2019-09-09 04:45:42,8.1127,aeeth
486,2019-09-09 04:45:46,14446.959,ethusdt
488,2019-09-09 04:45:49,2559.412,omgusdt
488,2019-09-09 04:45:56,5787.6353,ethbtc
482,2019-09-09 04:45:56,30.6073,wtceth
487,2019-09-09 04:45:59,71.7255,zrxusdt
489,2019-09-09 04:46:00,2764.1527,etcusdt
493,2019-09-09 04:46:03,0.8834,mcoeth
484,2019-09-09 04:46:04,5779.2785,ltcusdt
490,2019-09-09 04:46:06,1710.6008,ltcbtc
486,2019-09-09 04:46:07,2.4349,gntusdt
488,2019-09-09 04:46:08,54243.6006,btcusdt
493,2019-09-09 04:46:15,3.9685,aeeth
489,2019-09-09 04:46:17,2108.6091,omgusdt
487,2019-09-09 04:46:24,18033.9709,ethusdt
483,2019-09-09 04:46:27,72.0705,wtceth
489,2019-09-09 04:46:30,20977.1372,ethbtc
488,2019-09-09 04:46:34,10.5519,zrxusdt
487,2019-09-09 04:46:39,29.3882,gntusdt
490,2019-09-09 04:46:40,4334.8347,etcusdt
485,2019-09-09 04:46:40,2804.2572,ltcusdt
494,2019-09-09 04:46:41,0.6781,mcoeth
494,2019-09-09 04:46:45,16.7319,aeeth
489,2019-09-09 04:46:47,50039.638,btcusdt
490,2019-09-09 04:46:47,2693.6272,omgusdt
491,2019-09-09 04:46:50,3410.421,ltcbtc
484,2019-09-09 04:46:54,32.0892,wtceth
488,2019-09-09 04:47:01,17395.2029,ethusdt
489,2019-09-09 04:47:03,76.1469,zrxusdt
486,2019-09-09 04:47:06,4210.1604,ltcusdt
495,2019-09-09 04:47:13,0.8088,mcoeth
490,2019-09-09 04:47:14,4761.9782,ethbtc
488,2019-09-09 04:47:16,14.2449,gntusdt
492,2019-09-09 04:47:17,5219.9912,ltcbtc
491,2019-09-09 04:47:20,3709.358,etcusdt
490,2019-09-09 04:47:21,51059.5763,btcusdt
495,2019-09-09 04:47:27,9.5832,aeeth
490,2019-09-09 04:47:29,21.4594,zrxusdt
491,2019-09-09 04:47:29,560.8856,omgusdt
485,2019-09-09 04:47:30,0.3154,wtceth
489,2019-09-09 04:47:33,10104.4656,ethusdt
487,2019-09-09 04:47:37,6532.546,ltcusdt
496,2019-09-09 04:47:45,0.3736,mcoeth
491,2019-09-09 04:47:49,16192.401,ethbtc
492,2019-09-09 04:47:51,3999.1082,etcusdt
489,2019-09-09 04:47:53,5.4515,gntusdt
491,2019-09-09 04:47:55,7.149,zrxusdt
490,2019-09-09 04:47:59,3388.6916,ethusdt
493,2019-09-09 04:48:00,3632.224,ltcbtc
492,2019-09-09 04:48:02,812.5166,omgusdt
491,2019-09-09 04:48:03,11125.4654,btcusdt
496,2019-09-09 04:48:04,16.5176,aeeth
486,2019-09-09 04:48:12,46.7852,wtceth
488,2019-09-09 04:48:12,1146.0945,ltcusdt
492,2019-09-09 04:48:14,12470.7511,ethbtc
494,2019-09-09 04:48:25,2957.89,ltcbtc
490,2019-09-09 04:48:26,17.0045,gntusdt
491,2019-09-09 04:48:26,14695.08,ethusdt
492,2019-09-09 04:48:30,51342.2466,btcusdt
493,2019-09-09 04:48:30,652.5175,etcusdt
497,2019-09-09 04:48:30,1.2412,mcoeth
497,2019-09-09 04:48:34,2.4842,aeeth
492,2019-09-09 04:48:35,19.5132,zrxusdt
493,2019-09-09 04:48:40,3603.6668,omgusdt
487,2019-09-09 04:48:44,51.1584,wtceth
492,2019-09-09 04:48:53,1773.2221,ethusdt
489,2019-09-09 04:48:55,6611.0999,ltcusdt
493,2019-09-09 04:48:59,3006.9885,ethbtc
494,2019-09-09 04:49:00,3549.7849,etcusdt
498,2019-09-09 04:49:01,1.1778,mcoeth
493,2019-09-09 04:49:04,137.381,zrxusdt
491,2019-09-09 04:49:08,25.5672,gntusdt
495,2019-09-09 04:49:08,1635.5431,ltcbtc
488,2019-09-09 04:49:09,24.1451,wtceth
494,2019-09-09 04:49:11,490.0493,omgusdt
493,2019-09-09 04:49:14,46263.6838,btcusdt
498,2019-09-09 04:49:15,8.7471,aeeth
490,2019-09-09 04:49:20,6978.2233,ltcusdt
499,2019-09-09 04:49:31,0.9162,mcoeth
495,2019-09-09 04:49:35,2669.9002,etcusdt
493,2019-09-09 04:49:35,4668.2143,ethusdt
495,2019-09-09 04:49:36,2533.5634,omgusdt
494,2019-09-09 04:49:41,4204.7473,ethbtc
494,2019-09-09 04:49:42,65651.7937,btcusdt
494,2019-09-09 04:49:44,55.028,zrxusdt
492,2019-09-09 04:49:45,18.654,gntusdt
489,2019-09-09 04:49:47,54.9329,wtceth
496,2019-09-09 04:49:50,3851.2517,ltcbtc
499,2019-09-09 04:49:52,1.5365,aeeth
491,2019-09-09 04:49:53,4689.6236,ltcusdt
500,2019-09-09 04:50:04,1.0388,mcoeth
496,2019-09-09 04:50:08,1447.2212,etcusdt
495,2019-09-09 04:50:10,141.7846,zrxusdt
496,2019-09-09 04:50:11,4137.2958,omgusdt
494,2019-09-09 04:50:12,5896.1976,ethusdt
490,2019-09-09 04:50:14,48.0587,wtceth
495,2019-09-09 04:50:15,4124.1645,ethbtc
492,2019-09-09 04:50:19,3786.6606,ltcusdt
495,2019-09-09 04:50:24,41655.2542,btcusdt
493,2019-09-09 04:50:27,7.5457,gntusdt
500,2019-09-09 04:50:31,13.7927,aeeth
497,2019-09-09 04:50:34,1025.5626,ltcbtc
496,2019-09-09 04:50:35,36.4541,zrxusdt
501,2019-09-09 04:50:42,0.6335,mcoeth
497,2019-09-09 04:50:45,4255.4406,omgusdt
491,2019-09-09 04:50:45,31.1543,wtceth
495,2019-09-09 04:50:46,751.1459,ethusdt
497,2019-09-09 04:50:47,1792.1831,etcusdt
493,2019-09-09 04:50:48,7127.1669,ltcusdt
496,2019-09-09 04:50:49,12294.4185,ethbtc
496,2019-09-09 04:50:50,19805.4152,btcusdt
501,2019-09-09 04:51:00,0.5354,aeeth
497,2019-09-09 04:51:03,139.2445,zrxusdt
498,2019-09-09 04:51:10,1300.4321,ltcbtc
494,2019-09-09 04:51:10,20.5649,gntusdt
498,2019-09-09 04:51:12,4119.7388,omgusdt
497,2019-09-09 04:51:25,37170.5125,btcusdt
492,2019-09-09 04:51:26,4.7821,wtceth
502,2019-09-09 04:51:27,0.6391,mcoeth
494,2019-09-09 04:51:28,514.8597,ltcusdt
498,2019-09-09 04:51:30,4190.0995,etcusdt
496,2019-09-09 04:51:30,19492.6601,ethusdt
497,2019-09-09 04:51:32,8749.3681,ethbtc
498,2019-09-09 04:51:33,156.5517,zrxusdt
495,2019-09-09 04:51:37,8.4149,gntusdt
502,2019-09-09 04:51:41,16.2574,aeeth
499,2019-09-09 04:51:46,3632.8269,omgusdt
499,2019-09-09 04:51:46,2322.485,ltcbtc
495,2019-09-09 04:52:01,2193.1918,ltcusdt
499,2019-09-09 04:52:01,2176.2464,etcusdt
493,2019-09-09 04:52:05,55.4687,wtceth
496,2019-09-09 04:52:05,13.2711,gntusdt
497,2019-09-09 04:52:06,18969.1011,ethusdt
503,2019-09-09 04:52:07,1.2796,mcoeth
499,2019-09-09 04:52:08,131.7967,zrxusdt
498,2019-09-09 04:52:08,43048.9526,btcusdt
500,2019-09-09 04:52:16,1585.5404,omgusdt
498,2019-09-09 04:52:17,6327.3189,ethbtc
500,2019-09-09 04:52:22,4706.8095,ltcbtc
503,2019-09-09 04:52:26,7.1463,aeeth
500,2019-09-09 04:52:29,3266.2039,etcusdt
494,2019-09-09 04:52:32,23.3945,wtceth
496,2019-09-09 04:52:33,2507.4565,ltcusdt
500,2019-09-09 04:52:34,100.5827,zrxusdt
497,2019-09-09 04:52:39,24.8941,gntusdt
499,2019-09-09 04:52:40,61906.991,btcusdt
498,2019-09-09 04:52:46,16601.755,ethusdt
501,2019-09-09 04:52:46,1934.1118,omgusdt
504,2019-09-09 04:52:51,1.135,mcoeth
504,2019-09-09 04:52:56,14.2815,aeeth
499,2019-09-09 04:52:59,9945.2948,ethbtc
501,2019-09-09 04:52:59,179.6579,ltcbtc
495,2019-09-09 04:53:01,69.7231,wtceth
501,2019-09-09 04:53:02,501.3835,etcusdt
498,2019-09-09 04:53:04,24.6029,gntusdt
500,2019-09-09 04:53:09,70110.9333,btcusdt
501,2019-09-09 04:53:14,86.1938,zrxusdt
497,2019-09-09 04:53:16,2173.846,ltcusdt
499,2019-09-09 04:53:17,11515.5799,ethusdt
505,2019-09-09 04:53:26,1.2303,mcoeth
502,2019-09-09 04:53:27,0.4634,omgusdt
502,2019-09-09 04:53:30,1534.5835,etcusdt
505,2019-09-09 04:53:32,13.9837,aeeth
499,2019-09-09 04:53:34,28.2268,gntusdt
500,2019-09-09 04:53:36,15269.7571,ethbtc
502,2019-09-09 04:53:38,1827.6094,ltcbtc
496,2019-09-09 04:53:38,16.478,wtceth
498,2019-09-09 04:53:45,6224.2152,ltcusdt
500,2019-09-09 04:53:49,5142.7066,ethusdt
502,2019-09-09 04:53:50,39.9179,zrxusdt
501,2019-09-09 04:53:54,61461.1062,btcusdt
506,2019-09-09 04:54:03,0.8628,mcoeth
503,2019-09-09 04:54:03,4959.2849,ltcbtc
501,2019-09-09 04:54:04,4144.2917,ethbtc
503,2019-09-09 04:54:04,2136.9174,etcusdt
500,2019-09-09 04:54:07,27.3655,gntusdt
503,2019-09-09 04:54:07,429.1259,omgusdt
497,2019-09-09 04:54:08,65.9704,wtceth
499,2019-09-09 04:54:10,1397.5707,ltcusdt
506,2019-09-09 04:54:14,15.574,aeeth
503,2019-09-09 04:54:24,46.9534,zrxusdt
501,2019-09-09 04:54:26,15719.1893,ethusdt
502,2019-09-09 04:54:31,16136.8016,ethbtc
504,2019-09-09 04:54:37,3013.9978,ltcbtc
507,2019-09-09 04:54:38,0.857,mcoeth
502,2019-09-09 04:54:38,36316.3723,btcusdt
504,2019-09-09 04:54:39,1056.5316,etcusdt
500,2019-09-09 04:54:40,1609.7329,ltcusdt
498,2019-09-09 04:54:41,61.3838,wtceth
504,2019-09-09 04:54:48,1966.0442,omgusdt
501,2019-09-09 04:54:48,8.5035,gntusdt
502,2019-09-09 04:54:55,13687.9779,ethusdt
507,2019-09-09 04:54:56,14.6791,aeeth
504,2019-09-09 04:55:06,130.9538,zrxusdt
505,2019-09-09 04:55:06,3473.3091,ltcbtc
505,2019-09-09 04:55:09,607.1685,etcusdt
503,2019-09-09 04:55:09,20311.7314,ethbtc
499,2019-09-09 04:55:10,63.7947,wtceth
503,2019-09-09 04:55:13,10852.9487,btcusdt
505,2019-09-09 04:55:17,3721.225,omgusdt
508,2019-09-09 04:55:22,0.0602,mcoeth
501,2019-09-09 04:55:24,7226.4108,ltcusdt
503,2019-09-09 04:55:30,20000.7721,ethusdt
502,2019-09-09 04:55:30,14.8184,gntusdt
504,2019-09-09 04:55:36,12227.0483,ethbtc
508,2019-09-09 04:55:37,8.5512,aeeth
506,2019-09-09 04:55:40,1904.4863,ltcbtc
504,2019-09-09 04:55:42,64600.2638,btcusdt
506,2019-09-09 04:55:43,3214.7219,omgusdt
505,2019-09-09 04:55:45,80.0838,zrxusdt
506,2019-09-09 04:55:46,3501.1596,etcusdt
500,2019-09-09 04:55:47,64.9928,wtceth
509,2019-09-09 04:56:00,0.9488,mcoeth
503,2019-09-09 04:56:03,8.4534,gntusdt
504,2019-09-09 04:56:05,16988.2039,ethusdt
502,2019-09-09 04:56:08,3659.2544,ltcusdt
507,2019-09-09 04:56:12,1950.3291,omgusdt
506,2019-09-09 04:56:14,175.07,zrxusdt
509,2019-09-09 04:56:15,7.9558,aeeth
501,2019-09-09 04:56:16,1.7397,wtceth
505,2019-09-09 04:56:16,39690.5584,btcusdt
505,2019-09-09 04:56:21,10949.3559,ethbtc
507,2019-09-09 04:56:25,4564.8212,ltcbtc
507,2019-09-09 04:56:27,1944.6268,etcusdt
504,2019-09-09 04:56:29,30.5436,gntusdt
505,2019-09-09 04:56:35,18551.1849,ethusdt
510,2019-09-09 04:56:39,0.039,mcoeth
503,2019-09-09 04:56:39,2810.4033,ltcusdt
507,2019-09-09 04:56:40,70.8878,zrxusdt
502,2019-09-09 04:56:44,54.3642,wtceth
508,2019-09-09 04:56:47,1059.5009,omgusdt
510,2019-09-09 04:56:54,3.43,aeeth
505,2019-09-09 04:56:57,10.5841,gntusdt
508,2019-09-09 04:57:00,275.1099,etcusdt
506,2019-09-09 04:57:01,52571.0551,btcusdt
506,2019-09-09 04:57:03,8026.228,ethbtc
508,2019-09-09 04:57:04,4878.6164,ltcbtc
508,2019-09-09 04:57:07,108.4983,zrxusdt
506,2019-09-09 04:57:07,7669.8581,ethusdt
511,2019-09-09 04:57:14,0.3803,mcoeth
503,2019-09-09 04:57:20,32.9295,wtceth
509,2019-09-09 04:57:23,1554.7188,omgusdt
504,2019-09-09 04:57:23,1214.503,ltcusdt
507,2019-09-09 04:57:28,15552.7714,ethbtc
511,2019-09-09 04:57:29,14.6527,aeeth
509,2019-09-09 04:57:33,4710.1652,etcusdt
507,2019-09-09 04:57:35,57144.1953,btcusdt
506,2019-09-09 04:57:38,13.9843,gntusdt
509,2019-09-09 04:57:39,3856.182,ltcbtc
509,2019-09-09 04:57:43,4.3026,zrxusdt
507,2019-09-09 04:57:46,906.7415,ethusdt
512,2019-09-09 04:57:47,0.4056,mcoeth
504,2019-09-09 04:57:51,6.6263,wtceth
510,2019-09-09 04:57:58,2150.8744,omgusdt
505,2019-09-09 04:58:02,4116.4459,ltcusdt
507,2019-09-09 04:58:03,23.5741,gntusdt
508,2019-09-09 04:58:04,60080.0224,btcusdt
508,2019-09-09 04:58:07,21165.5187,ethbtc
510,2019-09-09 04:58:09,779.7398,etcusdt
512,2019-09-09 04:58:11,10.6983,aeeth
510,2019-09-09 04:58:19,2483.0008,ltcbtc
510,2019-09-09 04:58:26,123.8621,zrxusdt
508,2019-09-09 04:58:27,221.864,ethusdt
511,2019-09-09 04:58:30,649.8094,omgusdt
513,2019-09-09 04:58:31,1.0405,mcoeth
505,2019-09-09 04:58:31,24.545,wtceth
506,2019-09-09 04:58:35,1060.2603,ltcusdt
511,2019-09-09 04:58:47,4750.7344,etcusdt
509,2019-09-09 04:58:47,3785.1184,ethbtc
508,2019-09-09 04:58:48,17.4539,gntusdt
511,2019-09-09 04:58:48,2414.468,ltcbtc
509,2019-09-09 04:58:49,40996.5062,btcusdt
513,2019-09-09 04:58:53,8.421,aeeth
514,2019-09-09 04:58:56,1.0604,mcoeth
511,2019-09-09 04:58:58,68.9316,zrxusdt
509,2019-09-09 04:59:08,18949.4237,ethusdt
506,2019-09-09 04:59:12,33.8378,wtceth
512,2019-09-09 04:59:14,3681.6779,omgusdt
507,2019-09-09 04:59:16,7643.6295,ltcusdt
512,2019-09-09 04:59:21,2424.5303,ltcbtc
510,2019-09-09 04:59:21,19969.3592,btcusdt
512,2019-09-09 04:59:22,4753.9809,etcusdt
514,2019-09-09 04:59:29,2.9557,aeeth
509,2019-09-09 04:59:31,6.7334,gntusdt
515,2019-09-09 04:59:32,0.5277,mcoeth
510,2019-09-09 04:59:32,12720.4364,ethbtc
512,2019-09-09 04:59:36,165.531,zrxusdt
513,2019-09-09 04:59:46,3212.125,omgusdt
507,2019-09-09 04:59:48,68.5161,wtceth
513,2019-09-09 04:59:48,712.8538,etcusdt
510,2019-09-09 04:59:51,2615.1281,ethusdt
508,2019-09-09 04:59:54,5170.1446,ltcusdt
513,2019-09-09 04:59:56,2332.5506,ltcbtc
516,2019-09-09 05:00:00,0.2229,mcoeth
513,2019-09-09 05:00:27,177.4635,zrxusdt
510,2019-09-09 05:00:28,24.7006,gntusdt
511,2019-09-09 05:00:30,54699.0726,btcusdt
514,2019-09-09 05:00:30,2526.8545,omgusdt
511,2019-09-09 05:00:31,13670.0884,ethbtc
517,2019-09-09 05:00:32,0.4985,mcoeth
511,2019-09-09 05:00:36,6351.5858,ethusdt
514,2019-09-09 05:00:39,1475.3591,etcusdt
514,2019-09-09 05:00:40,366.1701,ltcbtc
515,2019-09-09 05:00:42,12.5146,aeeth
508,2019-09-09 05:00:44,53.3834,wtceth
509,2019-09-09 05:00:45,3925.1221,ltcusdt
515,2019-09-09 05:00:57,1627.6051,omgusdt
511,2019-09-09 05:01:03,14.9248,gntusdt
518,2019-09-09 05:01:07,0.2778,mcoeth
512,2019-09-09 05:01:07,14605.2607,ethusdt
516,2019-09-09 05:01:09,6.809,aeeth
514,2019-09-09 05:01:11,38.9188,zrxusdt
512,2019-09-09 05:01:12,44272.8019,btcusdt
512,2019-09-09 05:01:15,912.9932,ethbtc
515,2019-09-09 05:01:18,5174.0372,ltcbtc
510,2019-09-09 05:01:19,2463.3438,ltcusdt
515,2019-09-09 05:01:20,420.2424,etcusdt
509,2019-09-09 05:01:21,62.7354,wtceth
512,2019-09-09 05:01:34,7.4668,gntusdt
513,2019-09-09 05:01:37,55659.392,btcusdt
517,2019-09-09 05:01:38,2.0772,aeeth
516,2019-09-09 05:01:41,1482.0399,omgusdt
513,2019-09-09 05:01:43,820.9703,ethusdt
511,2019-09-09 05:01:50,1812.4436,ltcusdt
515,2019-09-09 05:01:51,109.9815,zrxusdt
519,2019-09-09 05:01:52,1.2028,mcoeth
516,2019-09-09 05:01:54,1090.1642,etcusdt
513,2019-09-09 05:02:00,13077.9875,ethbtc
516,2019-09-09 05:02:02,3450.5386,ltcbtc
510,2019-09-09 05:02:06,22.751,wtceth
514,2019-09-09 05:02:10,40.7915,ethusdt
518,2019-09-09 05:02:11,13.2537,aeeth
513,2019-09-09 05:02:17,4.8822,gntusdt
520,2019-09-09 05:02:20,0.7023,mcoeth
514,2019-09-09 05:02:21,42140.0961,btcusdt
517,2019-09-09 05:02:23,3570.6453,omgusdt
517,2019-09-09 05:02:28,1760.3863,etcusdt
512,2019-09-09 05:02:30,2276.7214,ltcusdt
516,2019-09-09 05:02:36,115.5234,zrxusdt
519,2019-09-09 05:02:39,0.4232,aeeth
514,2019-09-09 05:02:41,2164.7085,ethbtc
511,2019-09-09 05:02:41,40.5398,wtceth
514,2019-09-09 05:02:45,16.1474,gntusdt
517,2019-09-09 05:02:47,4542.3611,ltcbtc
515,2019-09-09 05:02:49,61071.7272,btcusdt
515,2019-09-09 05:02:53,17.1915,ethusdt
521,2019-09-09 05:02:53,0.1117,mcoeth
518,2019-09-09 05:02:59,2026.9498,omgusdt
518,2019-09-09 05:03:01,1652.381,etcusdt
515,2019-09-09 05:03:07,7539.9124,ethbtc
513,2019-09-09 05:03:07,2177.3256,ltcusdt
512,2019-09-09 05:03:12,78.142,wtceth
518,2019-09-09 05:03:12,4452.4975,ltcbtc
520,2019-09-09 05:03:12,7.5327,aeeth
515,2019-09-09 05:03:18,1.8079,gntusdt
516,2019-09-09 05:03:18,378.2998,ethusdt
517,2019-09-09 05:03:19,150.2801,zrxusdt
516,2019-09-09 05:03:20,27961.8261,btcusdt
522,2019-09-09 05:03:38,0.2577,mcoeth
519,2019-09-09 05:03:42,1724.0726,etcusdt
519,2019-09-09 05:03:43,3735.6212,omgusdt
519,2019-09-09 05:03:44,4665.6408,ltcbtc
514,2019-09-09 05:03:44,4945.5196,ltcusdt
516,2019-09-09 05:03:47,9305.2246,ethbtc
513,2019-09-09 05:03:49,80.881,wtceth
516,2019-09-09 05:03:51,15.6966,gntusdt
518,2019-09-09 05:03:51,86.8414,zrxusdt
517,2019-09-09 05:03:52,1767.1943,ethusdt
517,2019-09-09 05:03:52,31467.4718,btcusdt
521,2019-09-09 05:03:54,7.3359,aeeth
515,2019-09-09 05:04:11,920.1535,ltcusdt
520,2019-09-09 05:04:11,1687.4026,etcusdt
520,2019-09-09 05:04:13,3083.2525,omgusdt
523,2019-09-09 05:04:14,0.49,mcoeth
520,2019-09-09 05:04:18,4038.0501,ltcbtc
517,2019-09-09 05:04:19,25.0919,gntusdt
518,2019-09-09 05:04:22,27097.9295,btcusdt
514,2019-09-09 05:04:25,65.5838,wtceth
518,2019-09-09 05:04:25,2747.6438,ethusdt
522,2019-09-09 05:04:28,11.6229,aeeth
519,2019-09-09 05:04:30,47.6185,zrxusdt
517,2019-09-09 05:04:31,8007.4281,ethbtc
516,2019-09-09 05:04:37,532.3333,ltcusdt
521,2019-09-09 05:04:45,2994.9474,omgusdt
519,2019-09-09 05:04:49,64932.4881,btcusdt
521,2019-09-09 05:04:54,2216.2107,etcusdt
524,2019-09-09 05:04:55,0.1047,mcoeth
523,2019-09-09 05:04:56,13.1283,aeeth
519,2019-09-09 05:04:57,7826.4024,ethusdt
515,2019-09-09 05:04:57,12.7041,wtceth
518,2019-09-09 05:05:00,10.3658,gntusdt
521,2019-09-09 05:05:03,39.0109,ltcbtc
520,2019-09-09 05:05:04,43.6234,zrxusdt
517,2019-09-09 05:05:13,5164.1665,ltcusdt
518,2019-09-09 05:05:16,3977.3291,ethbtc
522,2019-09-09 05:05:20,3575.9348,omgusdt
525,2019-09-09 05:05:23,1.2305,mcoeth
524,2019-09-09 05:05:28,3.7425,aeeth
520,2019-09-09 05:05:31,20763.6261,btcusdt
522,2019-09-09 05:05:34,4371.5563,etcusdt
520,2019-09-09 05:05:35,1901.1363,ethusdt
522,2019-09-09 05:05:36,529.8468,ltcbtc
521,2019-09-09 05:05:38,80.3976,zrxusdt
518,2019-09-09 05:05:41,2842.9793,ltcusdt
519,2019-09-09 05:05:41,26.5431,gntusdt
516,2019-09-09 05:05:42,12.4835,wtceth
519,2019-09-09 05:05:43,7880.3795,ethbtc
523,2019-09-09 05:05:52,330.2142,omgusdt
526,2019-09-09 05:05:56,0.3072,mcoeth
522,2019-09-09 05:06:06,153.9137,zrxusdt
521,2019-09-09 05:06:07,63918.5857,btcusdt
525,2019-09-09 05:06:11,10.4137,aeeth
523,2019-09-09 05:06:12,5152.8172,ltcbtc
520,2019-09-09 05:06:14,12728.0369,ethbtc
523,2019-09-09 05:06:14,3844.648,etcusdt
521,2019-09-09 05:06:16,9372.9474,ethusdt
524,2019-09-09 05:06:18,428.1145,omgusdt
520,2019-09-09 05:06:21,7.0717,gntusdt
519,2019-09-09 05:06:21,360.2422,ltcusdt
517,2019-09-09 05:06:22,16.331,wtceth
522,2019-09-09 05:06:32,43856.3295,btcusdt
524,2019-09-09 05:06:40,1895.813,ltcbtc
527,2019-09-09 05:06:41,0.3844,mcoeth
523,2019-09-09 05:06:46,182.8914,zrxusdt
526,2019-09-09 05:06:49,5.3994,aeeth
524,2019-09-09 05:06:49,4594.0062,etcusdt
525,2019-09-09 05:06:53,3102.5925,omgusdt
521,2019-09-09 05:06:53,16.0021,gntusdt
521,2019-09-09 05:06:55,11498.2347,ethbtc
518,2019-09-09 05:06:58,30.622,wtceth
522,2019-09-09 05:06:59,16290.1661,ethusdt
520,2019-09-09 05:06:59,3641.3101,ltcusdt
523,2019-09-09 05:07:13,58611.0091,btcusdt
528,2019-09-09 05:07:16,0.0719,mcoeth
525,2019-09-09 05:07:17,4196.293,ltcbtc
522,2019-09-09 05:07:23,26.2677,gntusdt
519,2019-09-09 05:07:24,25.7483,wtceth
527,2019-09-09 05:07:25,4.532,aeeth
522,2019-09-09 05:07:25,13418.3419,ethbtc
525,2019-09-09 05:07:30,1660.2675,etcusdt
524,2019-09-09 05:07:31,52.2565,zrxusdt
523,2019-09-09 05:07:34,5181.8746,ethusdt
526,2019-09-09 05:07:34,2278.3616,omgusdt
521,2019-09-09 05:07:36,648.3417,ltcusdt
524,2019-09-09 05:07:40,10763.3561,btcusdt
520,2019-09-09 05:07:55,27.2803,wtceth
523,2019-09-09 05:08:01,10657.4326,ethbtc
529,2019-09-09 05:08:01,0.487,mcoeth
526,2019-09-09 05:08:02,3864.1084,ltcbtc
523,2019-09-09 05:08:04,10.7988,gntusdt
525,2019-09-09 05:08:05,73.9723,zrxusdt
522,2019-09-09 05:08:05,4172.3202,ltcusdt
528,2019-09-09 05:08:05,1.0823,aeeth
524,2019-09-09 05:08:09,14103.8421,ethusdt
526,2019-09-09 05:08:09,3051.073,etcusdt
525,2019-09-09 05:08:10,62299.556,btcusdt
527,2019-09-09 05:08:18,432.8596,omgusdt
521,2019-09-09 05:08:21,70.5985,wtceth
527,2019-09-09 05:08:32,1352.1488,ltcbtc
525,2019-09-09 05:08:34,7064.6685,ethusdt
523,2019-09-09 05:08:36,506.7043,ltcusdt
530,2019-09-09 05:08:37,1.0951,mcoeth
526,2019-09-09 05:08:38,104.8699,zrxusdt
524,2019-09-09 05:08:44,23.15,gntusdt
529,2019-09-09 05:08:44,13.1757,aeeth
526,2019-09-09 05:08:45,72488.3861,btcusdt
524,2019-09-09 05:08:45,11800.3057,ethbtc
527,2019-09-09 05:08:49,2573.4023,etcusdt
528,2019-09-09 05:08:50,1863.0357,omgusdt
522,2019-09-09 05:08:56,25.7131,wtceth
528,2019-09-09 05:09:02,2311.3278,ltcbtc
531,2019-09-09 05:09:04,0.6936,mcoeth
524,2019-09-09 05:09:10,4514.9852,ltcusdt
527,2019-09-09 05:09:13,17948.0212,btcusdt
530,2019-09-09 05:09:13,7.4431,aeeth
527,2019-09-09 05:09:17,3.0249,zrxusdt
525,2019-09-09 05:09:19,11.1573,gntusdt
526,2019-09-09 05:09:19,9220.0369,ethusdt
529,2019-09-09 05:09:21,1038.993,omgusdt
525,2019-09-09 05:09:26,6883.1975,ethbtc
532,2019-09-09 05:09:31,0.4739,mcoeth
523,2019-09-09 05:09:33,61.2292,wtceth
529,2019-09-09 05:09:34,2559.5807,ltcbtc
528,2019-09-09 05:09:34,1972.3126,etcusdt
525,2019-09-09 05:09:39,2230.0739,ltcusdt
528,2019-09-09 05:09:50,90.6412,zrxusdt
527,2019-09-09 05:09:53,5039.9112,ethusdt
533,2019-09-09 05:09:56,0.1697,mcoeth
528,2019-09-09 05:09:56,19155.7491,btcusdt
531,2019-09-09 05:09:57,13.5782,aeeth
526,2019-09-09 05:09:58,11212.8462,ethbtc
530,2019-09-09 05:09:59,1627.5102,ltcbtc
526,2019-09-09 05:09:59,22.2195,gntusdt
530,2019-09-09 05:10:06,2198.345,omgusdt
529,2019-09-09 05:10:07,3237.5546,etcusdt
524,2019-09-09 05:10:09,36.7173,wtceth
529,2019-09-09 05:10:15,92.7615,zrxusdt
526,2019-09-09 05:10:18,4236.397,ltcusdt
529,2019-09-09 05:10:21,54610.5499,btcusdt
527,2019-09-09 05:10:25,24.3269,gntusdt
532,2019-09-09 05:10:27,1.1852,aeeth
528,2019-09-09 05:10:28,9792.6152,ethusdt
527,2019-09-09 05:10:29,16692.3187,ethbtc
534,2019-09-09 05:10:34,0.6638,mcoeth
531,2019-09-09 05:10:39,2072.7844,ltcbtc
531,2019-09-09 05:10:41,303.449,omgusdt
525,2019-09-09 05:10:41,45.2555,wtceth
527,2019-09-09 05:10:50,888.9399,ltcusdt
530,2019-09-09 05:10:52,4078.953,etcusdt
529,2019-09-09 05:10:56,13236.5805,ethusdt
528,2019-09-09 05:10:57,26.3863,gntusdt
530,2019-09-09 05:10:58,124.807,zrxusdt
528,2019-09-09 05:11:04,15560.7332,ethbtc
530,2019-09-09 05:11:04,31606.2828,btcusdt
532,2019-09-09 05:11:05,1527.3587,ltcbtc
533,2019-09-09 05:11:12,0.922,aeeth
526,2019-09-09 05:11:13,6.7918,wtceth
535,2019-09-09 05:11:18,0.4437,mcoeth
528,2019-09-09 05:11:21,1490.6441,ltcusdt
531,2019-09-09 05:11:25,22.1175,zrxusdt
532,2019-09-09 05:11:25,1827.9091,omgusdt
531,2019-09-09 05:11:27,1327.8329,etcusdt
533,2019-09-09 05:11:31,1546.2377,ltcbtc
529,2019-09-09 05:11:40,20.4637,gntusdt
530,2019-09-09 05:11:41,6139.8374,ethusdt
529,2019-09-09 05:11:43,3238.4619,ethbtc
534,2019-09-09 05:11:44,1.8191,aeeth
531,2019-09-09 05:11:44,13385.9109,btcusdt
527,2019-09-09 05:11:49,0.9124,wtceth
529,2019-09-09 05:11:55,3961.1154,ltcusdt
532,2019-09-09 05:11:58,812.138,etcusdt
533,2019-09-09 05:11:58,1815.9074,omgusdt
536,2019-09-09 05:11:59,0.8279,mcoeth
532,2019-09-09 05:12:00,127.2005,zrxusdt
530,2019-09-09 05:12:05,12.5316,gntusdt
531,2019-09-09 05:12:07,14089.3616,ethusdt
534,2019-09-09 05:12:10,63.7153,ltcbtc
530,2019-09-09 05:12:13,359.8485,ethbtc
532,2019-09-09 05:12:14,61070.4033,btcusdt
528,2019-09-09 05:12:14,26.5054,wtceth
533,2019-09-09 05:12:25,3532.4239,etcusdt
535,2019-09-09 05:12:25,0.7035,aeeth
533,2019-09-09 05:12:26,18.9727,zrxusdt
534,2019-09-09 05:12:28,2572.8846,omgusdt
531,2019-09-09 05:12:33,26.5996,gntusdt
530,2019-09-09 05:12:34,5181.4254,ltcusdt
535,2019-09-09 05:12:38,4471.8705,ltcbtc
532,2019-09-09 05:12:43,6973.827,ethusdt
537,2019-09-09 05:12:43,0.0112,mcoeth
533,2019-09-09 05:12:49,13218.9419,btcusdt
529,2019-09-09 05:12:52,6.6392,wtceth
534,2019-09-09 05:12:52,32.5664,zrxusdt
534,2019-09-09 05:12:54,1137.3037,etcusdt
536,2019-09-09 05:12:55,5.1695,aeeth
531,2019-09-09 05:12:56,11003.4914,ethbtc
535,2019-09-09 05:12:56,1338.3764,omgusdt
536,2019-09-09 05:13:13,2274.1289,ltcbtc
533,2019-09-09 05:13:15,12831.9401,ethusdt
531,2019-09-09 05:13:16,289.9862,ltcusdt
538,2019-09-09 05:13:17,0.7282,mcoeth
532,2019-09-09 05:13:18,4.1097,gntusdt
534,2019-09-09 05:13:22,29772.6577,btcusdt
532,2019-09-09 05:13:23,2416.9482,ethbtc
537,2019-09-09 05:13:25,4.9642,aeeth
530,2019-09-09 05:13:32,2.1748,wtceth
535,2019-09-09 05:13:34,966.4308,etcusdt
535,2019-09-09 05:13:35,18.7035,zrxusdt
536,2019-09-09 05:13:41,2916.7801,omgusdt
533,2019-09-09 05:13:44,18.044,gntusdt
532,2019-09-09 05:13:46,444.0082,ltcusdt
537,2019-09-09 05:13:47,4214.342,ltcbtc
539,2019-09-09 05:13:49,0.8288,mcoeth
535,2019-09-09 05:13:51,67786.0994,btcusdt
536,2019-09-09 05:13:59,3112.4073,etcusdt
534,2019-09-09 05:14:00,5533.466,ethusdt
531,2019-09-09 05:14:00,54.0921,wtceth
538,2019-09-09 05:14:05,0.9675,aeeth
533,2019-09-09 05:14:07,1714.3371,ethbtc
536,2019-09-09 05:14:17,148.4013,zrxusdt
536,2019-09-09 05:14:18,108.4585,btcusdt
533,2019-09-09 05:14:19,4718.7078,ltcusdt
538,2019-09-09 05:14:21,3097.381,ltcbtc
537,2019-09-09 05:14:22,1468.0154,omgusdt
534,2019-09-09 05:14:28,19.1949,gntusdt
532,2019-09-09 05:14:30,17.4209,wtceth
540,2019-09-09 05:14:34,0.2508,mcoeth
539,2019-09-09 05:14:36,3.5915,aeeth
535,2019-09-09 05:14:39,14196.3693,ethusdt
537,2019-09-09 05:14:44,1163.9031,etcusdt
537,2019-09-09 05:14:48,19.3316,zrxusdt
534,2019-09-09 05:14:51,4277.242,ethbtc
538,2019-09-09 05:14:54,3191.277,omgusdt
537,2019-09-09 05:14:55,56649.9981,btcusdt
534,2019-09-09 05:14:57,3255.2489,ltcusdt
539,2019-09-09 05:14:57,2463.025,ltcbtc
535,2019-09-09 05:15:00,21.6091,gntusdt
541,2019-09-09 05:15:02,1.2104,mcoeth
540,2019-09-09 05:15:05,8.6738,aeeth
533,2019-09-09 05:15:10,61.3452,wtceth
536,2019-09-09 05:15:15,3412.1909,ethusdt
538,2019-09-09 05:15:17,1547.0313,etcusdt
538,2019-09-09 05:15:24,49100.4544,btcusdt
536,2019-09-09 05:15:25,10.8333,gntusdt
538,2019-09-09 05:15:26,155.7998,zrxusdt
542,2019-09-09 05:15:29,0.1688,mcoeth
539,2019-09-09 05:15:30,1521.3275,omgusdt
535,2019-09-09 05:15:31,4537.6192,ltcusdt
540,2019-09-09 05:15:34,2028.3602,ltcbtc
535,2019-09-09 05:15:35,4237.6838,ethbtc
541,2019-09-09 05:15:39,5.988,aeeth
539,2019-09-09 05:15:54,34620.1783,btcusdt
534,2019-09-09 05:15:55,54.9084,wtceth
543,2019-09-09 05:15:58,0.4322,mcoeth
537,2019-09-09 05:15:58,15.2562,gntusdt
537,2019-09-09 05:15:59,11798.345,ethusdt
539,2019-09-09 05:16:01,3034.2339,etcusdt
539,2019-09-09 05:16:08,25.5139,zrxusdt
536,2019-09-09 05:16:09,16504.983,ethbtc
540,2019-09-09 05:16:12,3018.2601,omgusdt
541,2019-09-09 05:16:14,2712.819,ltcbtc
542,2019-09-09 05:16:15,8.1905,aeeth
536,2019-09-09 05:16:16,5523.3281,ltcusdt
535,2019-09-09 05:16:22,3.7169,wtceth
538,2019-09-09 05:16:26,11729.1061,ethusdt
540,2019-09-09 05:16:29,4172.8726,etcusdt
538,2019-09-09 05:16:30,9.1152,gntusdt
540,2019-09-09 05:16:33,24645.4611,btcusdt
544,2019-09-09 05:16:40,0.3568,mcoeth
541,2019-09-09 05:16:42,6.9079,omgusdt
543,2019-09-09 05:16:44,3.6952,aeeth
537,2019-09-09 05:16:46,5806.1665,ethbtc
537,2019-09-09 05:16:51,5295.3094,ltcusdt
536,2019-09-09 05:16:51,4.491,wtceth
540,2019-09-09 05:16:51,43.037,zrxusdt
542,2019-09-09 05:16:55,1537.2464,ltcbtc
541,2019-09-09 05:17:00,1015.9985,btcusdt
539,2019-09-09 05:17:03,16.157,gntusdt
539,2019-09-09 05:17:06,8555.18,ethusdt
544,2019-09-09 05:17:12,14.6425,aeeth
541,2019-09-09 05:17:13,4609.3938,etcusdt
545,2019-09-09 05:17:14,1.1105,mcoeth
542,2019-09-09 05:17:16,584.0635,omgusdt
538,2019-09-09 05:17:16,11196.5889,ethbtc
537,2019-09-09 05:17:32,56.0771,wtceth
543,2019-09-09 05:17:33,280.6052,ltcbtc
538,2019-09-09 05:17:33,5303.9103,ltcusdt
541,2019-09-09 05:17:35,60.1493,zrxusdt
540,2019-09-09 05:17:37,2.8926,gntusdt
546,2019-09-09 05:17:40,1.0599,mcoeth
540,2019-09-09 05:17:40,9213.3877,ethusdt
542,2019-09-09 05:17:44,21200.5646,btcusdt
543,2019-09-09 05:17:45,2699.8759,omgusdt
545,2019-09-09 05:17:46,13.8022,aeeth
542,2019-09-09 05:17:56,780.5692,etcusdt
539,2019-09-09 05:17:59,1806.2029,ltcusdt
539,2019-09-09 05:17:59,8350.2937,ethbtc
544,2019-09-09 05:18:06,1470.1839,ltcbtc
541,2019-09-09 05:18:07,24.5385,gntusdt
538,2019-09-09 05:18:08,52.9578,wtceth
543,2019-09-09 05:18:09,5791.7201,btcusdt
541,2019-09-09 05:18:12,8767.7257,ethusdt
542,2019-09-09 05:18:17,87.4117,zrxusdt
544,2019-09-09 05:18:19,1384.7476,omgusdt
547,2019-09-09 05:18:19,0.3915,mcoeth
546,2019-09-09 05:18:24,4.8333,aeeth
540,2019-09-09 05:18:27,4693.778,ltcusdt
543,2019-09-09 05:18:31,3095.5163,etcusdt
540,2019-09-09 05:18:39,120.7706,ethbtc
542,2019-09-09 05:18:46,6.7386,gntusdt
543,2019-09-09 05:18:47,176.8996,zrxusdt
542,2019-09-09 05:18:50,10319.5626,ethusdt
545,2019-09-09 05:18:50,4773.3933,ltcbtc
539,2019-09-09 05:18:51,44.1528,wtceth
548,2019-09-09 05:18:52,1.0436,mcoeth
544,2019-09-09 05:18:53,59783.911,btcusdt
547,2019-09-09 05:18:59,3.2349,aeeth
545,2019-09-09 05:19:04,1419.4124,omgusdt
541,2019-09-09 05:19:05,4354.7405,ltcusdt
544,2019-09-09 05:19:08,3198.8205,etcusdt
544,2019-09-09 05:19:12,112.9804,zrxusdt
541,2019-09-09 05:19:24,11813.7813,ethbtc
548,2019-09-09 05:19:26,11.8741,aeeth
549,2019-09-09 05:19:27,1.2127,mcoeth
545,2019-09-09 05:19:28,33672.8,btcusdt
546,2019-09-09 05:19:28,4115.603,ltcbtc
543,2019-09-09 05:19:28,17672.2109,ethusdt
543,2019-09-09 05:19:30,26.122,gntusdt
546,2019-09-09 05:19:33,1679.6209,omgusdt
540,2019-09-09 05:19:36,27.4831,wtceth
545,2019-09-09 05:19:38,88.5029,zrxusdt
542,2019-09-09 05:19:45,1694.9997,ltcusdt
545,2019-09-09 05:19:49,1513.8873,etcusdt
544,2019-09-09 05:20:00,27.3535,gntusdt
546,2019-09-09 05:20:01,12166.0716,btcusdt
544,2019-09-09 05:20:03,13681.6384,ethusdt
541,2019-09-09 05:20:03,79.2334,wtceth
547,2019-09-09 05:20:06,1665.6893,ltcbtc
542,2019-09-09 05:20:08,15286.8553,ethbtc
549,2019-09-09 05:20:11,8.338,aeeth
546,2019-09-09 05:20:12,20.2657,zrxusdt
550,2019-09-09 05:20:12,0.7115,mcoeth
546,2019-09-09 05:20:16,619.3037,etcusdt
547,2019-09-09 05:20:18,3060.3695,omgusdt
543,2019-09-09 05:20:23,4369.7696,ltcusdt
542,2019-09-09 05:20:28,59.927,wtceth
545,2019-09-09 05:20:28,17.2596,gntusdt
547,2019-09-09 05:20:32,1494.7627,btcusdt
548,2019-09-09 05:20:33,2191.7886,ltcbtc
545,2019-09-09 05:20:34,7177.133,ethusdt
550,2019-09-09 05:20:36,11.63,aeeth
551,2019-09-09 05:20:37,0.9165,mcoeth
547,2019-09-09 05:20:41,64.1328,zrxusdt
544,2019-09-09 05:20:50,5284.0157,ltcusdt
546,2019-09-09 05:20:53,15.1197,gntusdt
543,2019-09-09 05:20:53,6358.1455,ethbtc
548,2019-09-09 05:20:54,352.0376,omgusdt
548,2019-09-09 05:20:57,15463.1367,btcusdt
549,2019-09-09 05:20:59,1965.9709,ltcbtc
547,2019-09-09 05:21:00,2773.5397,etcusdt
543,2019-09-09 05:21:10,35.4916,wtceth
552,2019-09-09 05:21:11,0.4929,mcoeth
546,2019-09-09 05:21:11,7183.5877,ethusdt
551,2019-09-09 05:21:12,11.3812,aeeth
547,2019-09-09 05:21:24,6.0929,gntusdt
548,2019-09-09 05:21:25,36.1364,zrxusdt
548,2019-09-09 05:21:30,1494.3184,etcusdt
550,2019-09-09 05:21:31,1683.6974,ltcbtc
545,2019-09-09 05:21:33,1504.7881,ltcusdt
549,2019-09-09 05:21:36,1388.5708,omgusdt
544,2019-09-09 05:21:38,5527.6007,ethbtc
544,2019-09-09 05:21:40,62.0934,wtceth
549,2019-09-09 05:21:41,13443.2449,btcusdt
552,2019-09-09 05:21:48,8.4161,aeeth
553,2019-09-09 05:21:51,1.0882,mcoeth
547,2019-09-09 05:21:55,14943.5994,ethusdt
549,2019-09-09 05:22:02,184.7454,zrxusdt
550,2019-09-09 05:22:02,1427.1536,omgusdt
545,2019-09-09 05:22:04,15025.5624,ethbtc
548,2019-09-09 05:22:06,25.1851,gntusdt
551,2019-09-09 05:22:07,3013.4438,ltcbtc
545,2019-09-09 05:22:07,6.1079,wtceth
546,2019-09-09 05:22:11,2502.7721,ltcusdt
550,2019-09-09 05:22:11,20794.3421,btcusdt
549,2019-09-09 05:22:12,1923.2852,etcusdt
554,2019-09-09 05:22:18,0.3985,mcoeth
553,2019-09-09 05:22:27,13.1113,aeeth
551,2019-09-09 05:22:31,638.9046,omgusdt
550,2019-09-09 05:22:32,20.6878,zrxusdt
549,2019-09-09 05:22:32,11.3056,gntusdt
546,2019-09-09 05:22:32,6661.7961,ethbtc
548,2019-09-09 05:22:38,11572.6675,ethusdt
550,2019-09-09 05:22:40,7.1094,etcusdt
546,2019-09-09 05:22:40,25.1533,wtceth
551,2019-09-09 05:22:42,44376.4365,btcusdt
552,2019-09-09 05:22:46,4042.0879,ltcbtc
547,2019-09-09 05:22:55,22.3134,ltcusdt
554,2019-09-09 05:22:59,8.1999,aeeth
555,2019-09-09 05:23:01,0.5344,mcoeth
551,2019-09-09 05:23:10,4582.7004,etcusdt
551,2019-09-09 05:23:10,157.9559,zrxusdt
552,2019-09-09 05:23:11,1072.6954,omgusdt
550,2019-09-09 05:23:14,26.5887,gntusdt
549,2019-09-09 05:23:15,4275.859,ethusdt
547,2019-09-09 05:23:17,9221.5221,ethbtc
553,2019-09-09 05:23:19,3924.9749,ltcbtc
547,2019-09-09 05:23:20,18.7684,wtceth
552,2019-09-09 05:23:22,42504.2235,btcusdt
548,2019-09-09 05:23:35,4095.3293,ltcusdt
555,2019-09-09 05:23:38,12.2124,aeeth
552,2019-09-09 05:23:42,480.4398,etcusdt
556,2019-09-09 05:23:45,0.3945,mcoeth
551,2019-09-09 05:23:45,2.6461,gntusdt
554,2019-09-09 05:23:46,607.9756,ltcbtc
548,2019-09-09 05:23:49,15431.3475,ethbtc
552,2019-09-09 05:23:49,94.3586,zrxusdt
553,2019-09-09 05:23:51,1703.2113,omgusdt
550,2019-09-09 05:23:51,11896.7969,ethusdt
548,2019-09-09 05:24:03,28.6926,wtceth
553,2019-09-09 05:24:06,49886.7958,btcusdt
557,2019-09-09 05:24:13,0.7257,mcoeth
553,2019-09-09 05:24:13,722.067,etcusdt
549,2019-09-09 05:24:13,2597.0314,ltcusdt
555,2019-09-09 05:24:14,2932.3782,ltcbtc
552,2019-09-09 05:24:15,0.67,gntusdt
556,2019-09-09 05:24:16,2.6028,aeeth
549,2019-09-09 05:24:23,11158.3663,ethbtc
553,2019-09-09 05:24:29,100.2739,zrxusdt
551,2019-09-09 05:24:29,4493.2218,ethusdt
554,2019-09-09 05:24:35,1432.079,omgusdt
554,2019-09-09 05:24:36,1708.5477,btcusdt
549,2019-09-09 05:24:36,40.8877,wtceth
558,2019-09-09 05:24:40,0.5011,mcoeth
556,2019-09-09 05:24:43,1964.559,ltcbtc
557,2019-09-09 05:24:46,13.5179,aeeth
550,2019-09-09 05:24:49,3158.4329,ltcusdt
554,2019-09-09 05:24:51,2948.0185,etcusdt
553,2019-09-09 05:24:51,21.8118,gntusdt
552,2019-09-09 05:24:54,10376.2587,ethusdt
554,2019-09-09 05:24:56,75.3593,zrxusdt
550,2019-09-09 05:25:03,4588.4738,ethbtc
555,2019-09-09 05:25:10,187.1532,omgusdt
550,2019-09-09 05:25:10,10.1234,wtceth
559,2019-09-09 05:25:13,0.8605,mcoeth
555,2019-09-09 05:25:16,8871.0169,btcusdt
551,2019-09-09 05:25:21,3784.2931,ltcusdt
558,2019-09-09 05:25:22,2.6463,aeeth
557,2019-09-09 05:25:25,1848.4977,ltcbtc
553,2019-09-09 05:25:25,16474.4473,ethusdt
555,2019-09-09 05:25:29,2396.3966,etcusdt
554,2019-09-09 05:25:29,9.169,gntusdt
555,2019-09-09 05:25:39,118.8335,zrxusdt
551,2019-09-09 05:25:45,11570.6464,ethbtc
551,2019-09-09 05:25:46,30.6162,wtceth
552,2019-09-09 05:25:47,2023.3437,ltcusdt
560,2019-09-09 05:25:50,0.1608,mcoeth
554,2019-09-09 05:25:51,7751.4709,ethusdt
556,2019-09-09 05:25:53,2430.0478,omgusdt
556,2019-09-09 05:25:55,1263.4417,etcusdt
559,2019-09-09 05:25:57,12.639,aeeth
558,2019-09-09 05:25:57,3070.3163,ltcbtc
556,2019-09-09 05:25:57,58484.3715,btcusdt
555,2019-09-09 05:26:07,26.2917,gntusdt
556,2019-09-09 05:26:12,15.3395,zrxusdt
553,2019-09-09 05:26:15,1851.8131,ltcusdt
552,2019-09-09 05:26:20,47.3328,wtceth
557,2019-09-09 05:26:25,1023.44,omgusdt
557,2019-09-09 05:26:25,1186.9473,etcusdt
555,2019-09-09 05:26:27,11948.0125,ethusdt
552,2019-09-09 05:26:29,10291.2734,ethbtc
561,2019-09-09 05:26:30,1.0532,mcoeth
557,2019-09-09 05:26:33,8351.9303,btcusdt
560,2019-09-09 05:26:34,7.753,aeeth
559,2019-09-09 05:26:37,2970.8495,ltcbtc
556,2019-09-09 05:26:46,15.6385,gntusdt
553,2019-09-09 05:26:49,75.3323,wtceth
557,2019-09-09 05:26:51,16.4381,zrxusdt
558,2019-09-09 05:26:53,1859.6377,etcusdt
554,2019-09-09 05:26:54,795.4951,ltcusdt
556,2019-09-09 05:26:55,12808.9011,ethusdt
553,2019-09-09 05:27:00,11022.2484,ethbtc
560,2019-09-09 05:27:05,2169.2016,ltcbtc
558,2019-09-09 05:27:09,1487.2894,omgusdt
562,2019-09-09 05:27:09,0.2687,mcoeth
558,2019-09-09 05:27:10,13575.5698,btcusdt
561,2019-09-09 05:27:10,4.6696,aeeth
557,2019-09-09 05:27:19,7.4581,gntusdt
559,2019-09-09 05:27:27,841.123,etcusdt
558,2019-09-09 05:27:29,45.9329,zrxusdt
554,2019-09-09 05:27:30,34.3736,wtceth
555,2019-09-09 05:27:34,1647.489,ltcusdt
557,2019-09-09 05:27:38,17735.8633,ethusdt
559,2019-09-09 05:27:43,2784.1219,omgusdt
554,2019-09-09 05:27:43,11571.2635,ethbtc
561,2019-09-09 05:27:45,1130.8602,ltcbtc
563,2019-09-09 05:27:46,1.0005,mcoeth
562,2019-09-09 05:27:46,3.0308,aeeth
559,2019-09-09 05:27:54,58307.819,btcusdt
560,2019-09-09 05:27:58,2202.118,etcusdt
556,2019-09-09 05:28:01,110.4557,ltcusdt
558,2019-09-09 05:28:03,20.3883,gntusdt
555,2019-09-09 05:28:10,45.2461,wtceth
559,2019-09-09 05:28:11,27.1843,zrxusdt
560,2019-09-09 05:28:12,1305.9811,omgusdt
563,2019-09-09 05:28:13,5.0286,aeeth
555,2019-09-09 05:28:14,6718.9146,ethbtc
562,2019-09-09 05:28:14,2659.4868,ltcbtc
564,2019-09-09 05:28:16,1.0168,mcoeth
558,2019-09-09 05:28:19,12376.1258,ethusdt
559,2019-09-09 05:28:28,16.9841,gntusdt
560,2019-09-09 05:28:28,41592.4115,btcusdt
556,2019-09-09 05:28:36,78.4393,wtceth
557,2019-09-09 05:28:40,871.9632,ltcusdt
561,2019-09-09 05:28:40,1725.5128,omgusdt
556,2019-09-09 05:28:40,4625.9387,ethbtc
561,2019-09-09 05:28:40,4634.0878,etcusdt
560,2019-09-09 05:28:43,119.21,zrxusdt
564,2019-09-09 05:28:47,1.652,aeeth
559,2019-09-09 05:28:49,14387.3271,ethusdt
563,2019-09-09 05:28:52,2005.8597,ltcbtc
565,2019-09-09 05:28:57,1.1879,mcoeth
557,2019-09-09 05:29:02,43.5963,wtceth
560,2019-09-09 05:29:02,15.9482,gntusdt
561,2019-09-09 05:29:03,24865.8654,btcusdt
562,2019-09-09 05:29:18,4609.8988,etcusdt
558,2019-09-09 05:29:18,2216.4067,ltcusdt
561,2019-09-09 05:29:19,95.2396,zrxusdt
560,2019-09-09 05:29:20,11876.3845,ethusdt
562,2019-09-09 05:29:22,1902.4329,omgusdt
557,2019-09-09 05:29:24,5686.2399,ethbtc
564,2019-09-09 05:29:25,3520.0334,ltcbtc
565,2019-09-09 05:29:25,3.3426,aeeth
566,2019-09-09 05:29:26,0.007,mcoeth
561,2019-09-09 05:29:31,8.4451,gntusdt
558,2019-09-09 05:29:43,39.6512,wtceth
562,2019-09-09 05:29:44,54608.5127,btcusdt
562,2019-09-09 05:29:44,76.3324,zrxusdt
563,2019-09-09 05:29:45,4182.3089,etcusdt
561,2019-09-09 05:29:48,14204.5024,ethusdt
559,2019-09-09 05:29:48,4851.221,ltcusdt
566,2019-09-09 05:29:51,7.5381,aeeth
558,2019-09-09 05:29:53,7024.4402,ethbtc
563,2019-09-09 05:30:03,3252.8934,omgusdt
562,2019-09-09 05:30:03,18.3373,gntusdt
567,2019-09-09 05:30:04,0.3354,mcoeth
565,2019-09-09 05:30:09,4835.8071,ltcbtc
563,2019-09-09 05:30:10,162.7841,zrxusdt
559,2019-09-09 05:30:13,53.6369,wtceth
567,2019-09-09 05:30:18,11.5317,aeeth
564,2019-09-09 05:30:19,1356.4674,etcusdt
560,2019-09-09 05:30:22,5636.8514,ltcusdt
563,2019-09-09 05:30:25,29116.7456,btcusdt
559,2019-09-09 05:30:28,11425.6031,ethbtc
562,2019-09-09 05:30:32,7310.2634,ethusdt
564,2019-09-09 05:30:35,74.0339,zrxusdt
564,2019-09-09 05:30:37,2449.9829,omgusdt
563,2019-09-09 05:30:38,7.6175,gntusdt
566,2019-09-09 05:30:38,2534.1983,ltcbtc
568,2019-09-09 05:30:38,0.0918,mcoeth
560,2019-09-09 05:30:38,28.8154,wtceth
568,2019-09-09 05:30:44,5.6532,aeeth
564,2019-09-09 05:30:55,72048.1984,btcusdt
561,2019-09-09 05:30:57,2268.4408,ltcusdt
560,2019-09-09 05:31:01,14822.9956,ethbtc
565,2019-09-09 05:31:04,4449.6284,etcusdt
565,2019-09-09 05:31:04,1807.1219,omgusdt
563,2019-09-09 05:31:04,16819.561,ethusdt
567,2019-09-09 05:31:06,2967.5678,ltcbtc
561,2019-09-09 05:31:12,75.4105,wtceth
565,2019-09-09 05:31:16,148.0328,zrxusdt
569,2019-09-09 05:31:17,0.0997,mcoeth
565,2019-09-09 05:31:20,3459.6643,btcusdt
564,2019-09-09 05:31:21,15.2303,gntusdt
569,2019-09-09 05:31:23,6.2727,aeeth
562,2019-09-09 05:31:29,383.3668,ltcusdt
566,2019-09-09 05:31:42,2239.2049,omgusdt
561,2019-09-09 05:31:44,9305.8229,ethbtc
566,2019-09-09 05:31:47,3467.2751,etcusdt
562,2019-09-09 05:31:49,83.1717,wtceth
564,2019-09-09 05:31:49,10295.9575,ethusdt
568,2019-09-09 05:31:50,1546.2079,ltcbtc
570,2019-09-09 05:31:52,0.1055,mcoeth
565,2019-09-09 05:31:53,9.1401,gntusdt
566,2019-09-09 05:31:53,34958.1444,btcusdt
566,2019-09-09 05:32:01,51.288,zrxusdt
570,2019-09-09 05:32:04,6.8917,aeeth
563,2019-09-09 05:32:10,1127.8028,ltcusdt
567,2019-09-09 05:32:14,261.2835,etcusdt
563,2019-09-09 05:32:17,75.2464,wtceth
562,2019-09-09 05:32:21,183.6807,ethbtc
567,2019-09-09 05:32:22,446.8282,omgusdt
567,2019-09-09 05:32:25,9373.2806,btcusdt
569,2019-09-09 05:32:25,533.0081,ltcbtc
566,2019-09-09 05:32:29,16.8572,gntusdt
571,2019-09-09 05:32:30,0.0397,mcoeth
565,2019-09-09 05:32:30,10511.2595,ethusdt
567,2019-09-09 05:32:40,24.3427,zrxusdt
564,2019-09-09 05:32:42,5483.0785,ltcusdt
571,2019-09-09 05:32:42,6.378,aeeth
564,2019-09-09 05:32:48,30.7901,wtceth
563,2019-09-09 05:32:48,8722.4043,ethbtc
568,2019-09-09 05:32:55,3259.9819,etcusdt
570,2019-09-09 05:32:58,4318.5107,ltcbtc
566,2019-09-09 05:32:58,12291.4034,ethusdt
568,2019-09-09 05:32:59,27642.1795,btcusdt
567,2019-09-09 05:33:05,16.5775,gntusdt
568,2019-09-09 05:33:05,179.0546,zrxusdt
568,2019-09-09 05:33:07,1717.87,omgusdt
572,2019-09-09 05:33:11,1.4026,aeeth
572,2019-09-09 05:33:12,0.4461,mcoeth
565,2019-09-09 05:33:13,43.8415,wtceth
565,2019-09-09 05:33:18,4612.442,ltcusdt
564,2019-09-09 05:33:19,12689.1996,ethbtc
569,2019-09-09 05:33:20,2142.0869,etcusdt
569,2019-09-09 05:33:25,15350.4482,btcusdt
568,2019-09-09 05:33:32,10.3637,gntusdt
567,2019-09-09 05:33:42,12546.2603,ethusdt
571,2019-09-09 05:33:42,3257.6203,ltcbtc
569,2019-09-09 05:33:43,23.0463,zrxusdt
566,2019-09-09 05:33:45,30.0647,wtceth
573,2019-09-09 05:33:47,0.0042,mcoeth
569,2019-09-09 05:33:52,1239.6599,omgusdt
573,2019-09-09 05:33:52,10.0802,aeeth
570,2019-09-09 05:33:55,2773.9434,etcusdt
565,2019-09-09 05:33:55,8565.5688,ethbtc
566,2019-09-09 05:33:56,550.7986,ltcusdt
569,2019-09-09 05:34:03,16.4997,gntusdt
570,2019-09-09 05:34:10,58253.9265,btcusdt
568,2019-09-09 05:34:11,7467.8752,ethusdt
570,2019-09-09 05:34:11,19.6402,zrxusdt
574,2019-09-09 05:34:21,12.5305,aeeth
572,2019-09-09 05:34:24,3233.6947,ltcbtc
570,2019-09-09 05:34:26,3142.9875,omgusdt
567,2019-09-09 05:34:28,48.0505,wtceth
574,2019-09-09 05:34:31,0.6316,mcoeth
566,2019-09-09 05:34:32,3662.9598,ethbtc
570,2019-09-09 05:34:34,14.1341,gntusdt
571,2019-09-09 05:34:38,23063.9651,btcusdt
567,2019-09-09 05:34:38,5758.3275,ltcusdt
569,2019-09-09 05:34:40,1369.3471,ethusdt
571,2019-09-09 05:34:40,1540.9327,etcusdt
571,2019-09-09 05:34:41,179.3161,zrxusdt
573,2019-09-09 05:34:52,1417.3273,ltcbtc
568,2019-09-09 05:34:59,23.8254,wtceth
575,2019-09-09 05:35:01,9.371,aeeth
575,2019-09-09 05:35:08,0.9195,mcoeth
571,2019-09-09 05:35:09,2580.9653,omgusdt
572,2019-09-09 05:35:10,2002.4648,etcusdt
570,2019-09-09 05:35:10,9691.2999,ethusdt
572,2019-09-09 05:35:12,169.3352,zrxusdt
567,2019-09-09 05:35:13,3263.2461,ethbtc
568,2019-09-09 05:35:14,2509.1066,ltcusdt
571,2019-09-09 05:35:16,12.9282,gntusdt
574,2019-09-09 05:35:19,3179.472,ltcbtc
572,2019-09-09 05:35:21,57544.8437,btcusdt
576,2019-09-09 05:35:31,3.1273,aeeth
572,2019-09-09 05:35:39,1605.4579,omgusdt
569,2019-09-09 05:35:40,9.4377,wtceth
573,2019-09-09 05:35:41,3151.732,etcusdt
568,2019-09-09 05:35:43,3328.0912,ethbtc
572,2019-09-09 05:35:44,5.8188,gntusdt
575,2019-09-09 05:35:45,1779.681,ltcbtc
576,2019-09-09 05:35:46,0.784,mcoeth
571,2019-09-09 05:35:49,2032.4136,ethusdt
573,2019-09-09 05:35:51,101.9318,zrxusdt
573,2019-09-09 05:35:57,42121.6518,btcusdt
569,2019-09-09 05:35:59,2915.6092,ltcusdt
577,2019-09-09 05:36:07,0.5956,aeeth
570,2019-09-09 05:36:10,12.3875,wtceth
576,2019-09-09 05:36:13,1729.1644,ltcbtc
569,2019-09-09 05:36:14,14505.2741,ethbtc
573,2019-09-09 05:36:17,20.3344,gntusdt
574,2019-09-09 05:36:18,118.0749,zrxusdt
572,2019-09-09 05:36:19,15457.6383,ethusdt
573,2019-09-09 05:36:24,106.6142,omgusdt
574,2019-09-09 05:36:25,5.395,etcusdt
577,2019-09-09 05:36:30,1.1956,mcoeth
570,2019-09-09 05:36:38,2214.9436,ltcusdt
578,2019-09-09 05:36:39,9.3918,aeeth
574,2019-09-09 05:36:40,38148.4455,btcusdt
577,2019-09-09 05:36:41,891.9478,ltcbtc
574,2019-09-09 05:36:47,9.1003,gntusdt
575,2019-09-09 05:36:47,24.5014,zrxusdt
570,2019-09-09 05:36:51,4947.238,ethbtc
571,2019-09-09 05:36:55,18.0676,wtceth
578,2019-09-09 05:36:55,0.6232,mcoeth
575,2019-09-09 05:36:57,2791.7776,etcusdt
573,2019-09-09 05:36:59,12197.534,ethusdt
574,2019-09-09 05:37:03,3170.5088,omgusdt
575,2019-09-09 05:37:07,44939.0211,btcusdt
571,2019-09-09 05:37:08,5697.4004,ltcusdt
579,2019-09-09 05:37:19,10.479,aeeth
571,2019-09-09 05:37:19,11946.4874,ethbtc
575,2019-09-09 05:37:20,17.0203,gntusdt
576,2019-09-09 05:37:20,13.0109,zrxusdt
574,2019-09-09 05:37:24,5853.831,ethusdt
578,2019-09-09 05:37:25,5247.8005,ltcbtc
579,2019-09-09 05:37:26,1.1822,mcoeth
572,2019-09-09 05:37:39,59.7691,wtceth
576,2019-09-09 05:37:42,3253.4242,etcusdt
576,2019-09-09 05:37:46,4483.4533,btcusdt
575,2019-09-09 05:37:47,3667.629,omgusdt
572,2019-09-09 05:37:48,5127.3659,ltcusdt
577,2019-09-09 05:37:50,46.1616,zrxusdt
576,2019-09-09 05:37:51,16.5354,gntusdt
572,2019-09-09 05:37:52,8771.0711,ethbtc
580,2019-09-09 05:37:55,14.2334,aeeth
579,2019-09-09 05:37:58,626.9473,ltcbtc
580,2019-09-09 05:38:06,0.8506,mcoeth
575,2019-09-09 05:38:08,7482.2661,ethusdt
577,2019-09-09 05:38:16,3042.8176,etcusdt
576,2019-09-09 05:38:22,2717.8889,omgusdt
573,2019-09-09 05:38:23,6.0414,wtceth
573,2019-09-09 05:38:24,10092.9997,ethbtc
577,2019-09-09 05:38:28,8.0296,gntusdt
577,2019-09-09 05:38:28,3200.6157,btcusdt
573,2019-09-09 05:38:29,3437.394,ltcusdt
581,2019-09-09 05:38:33,0.7808,mcoeth
578,2019-09-09 05:38:34,34.076,zrxusdt
581,2019-09-09 05:38:39,10.1668,aeeth
580,2019-09-09 05:38:40,2812.3905,ltcbtc
578,2019-09-09 05:38:41,3450.0462,etcusdt
576,2019-09-09 05:38:51,15889.2721,ethusdt
578,2019-09-09 05:38:57,13961.8834,btcusdt
582,2019-09-09 05:39:00,0.5291,mcoeth
574,2019-09-09 05:39:00,11126.8209,ethbtc
578,2019-09-09 05:39:00,11.9431,gntusdt
574,2019-09-09 05:39:01,53.6362,wtceth
577,2019-09-09 05:39:05,1080.1571,omgusdt
579,2019-09-09 05:39:07,122.6306,zrxusdt
582,2019-09-09 05:39:07,6.0358,aeeth
579,2019-09-09 05:39:10,3710.7031,etcusdt
574,2019-09-09 05:39:14,2034.3497,ltcusdt
581,2019-09-09 05:39:21,3351.4775,ltcbtc
577,2019-09-09 05:39:22,8610.0578,ethusdt
583,2019-09-09 05:39:27,1.1932,mcoeth
575,2019-09-09 05:39:27,70.2369,wtceth
579,2019-09-09 05:39:30,7837.0326,btcusdt
580,2019-09-09 05:39:32,166.6176,zrxusdt
579,2019-09-09 05:39:35,4.9351,gntusdt
575,2019-09-09 05:39:41,871.065,ethbtc
580,2019-09-09 05:39:43,552.3395,etcusdt
578,2019-09-09 05:39:44,2488.1991,omgusdt
575,2019-09-09 05:39:46,596.1526,ltcusdt
583,2019-09-09 05:39:50,4.8978,aeeth
582,2019-09-09 05:39:52,4874.4141,ltcbtc
584,2019-09-09 05:40:00,0.9339,mcoeth
576,2019-09-09 05:40:01,34.6305,wtceth
580,2019-09-09 05:40:06,68282.5778,btcusdt
578,2019-09-09 05:40:06,13551.9052,ethusdt
580,2019-09-09 05:40:08,27.4998,gntusdt
576,2019-09-09 05:40:15,5416.3542,ltcusdt
579,2019-09-09 05:40:16,2800.5762,omgusdt
581,2019-09-09 05:40:17,124.528,zrxusdt
576,2019-09-09 05:40:21,820.4518,ethbtc
583,2019-09-09 05:40:22,3027.6995,ltcbtc
584,2019-09-09 05:40:22,2.2526,aeeth
585,2019-09-09 05:40:26,0.7446,mcoeth
581,2019-09-09 05:40:27,3094.2011,etcusdt
579,2019-09-09 05:40:37,9105.9096,ethusdt
581,2019-09-09 05:40:39,33072.0739,btcusdt
577,2019-09-09 05:40:43,61.6263,wtceth
577,2019-09-09 05:40:46,5025.436,ethbtc
581,2019-09-09 05:40:47,7.4026,gntusdt
580,2019-09-09 05:40:48,1214.8851,omgusdt
582,2019-09-09 05:40:51,67.3965,zrxusdt
585,2019-09-09 05:40:56,7.1009,aeeth
577,2019-09-09 05:41:00,508.0939,ltcusdt
584,2019-09-09 05:41:04,3632.8397,ltcbtc
586,2019-09-09 05:41:05,0.7372,mcoeth
582,2019-09-09 05:41:12,1651.4742,etcusdt
580,2019-09-09 05:41:14,16327.7453,ethusdt
582,2019-09-09 05:41:15,32624.1302,btcusdt
582,2019-09-09 05:41:19,8.9403,gntusdt
578,2019-09-09 05:41:20,7333.8709,ethbtc
578,2019-09-09 05:41:21,15.3505,wtceth
581,2019-09-09 05:41:24,777.1239,omgusdt
586,2019-09-09 05:41:24,3.6338,aeeth
583,2019-09-09 05:41:29,177.8296,zrxusdt
585,2019-09-09 05:41:31,47.3873,ltcbtc
578,2019-09-09 05:41:35,4443.9625,ltcusdt
583,2019-09-09 05:41:44,23033.4701,btcusdt
581,2019-09-09 05:41:47,12041.2918,ethusdt
587,2019-09-09 05:41:49,0.2996,mcoeth
579,2019-09-09 05:41:53,7111.9675,ethbtc
582,2019-09-09 05:41:53,2486.9085,omgusdt
584,2019-09-09 05:41:56,118.9247,zrxusdt
583,2019-09-09 05:41:56,577.703,etcusdt
587,2019-09-09 05:41:58,13.3785,aeeth
579,2019-09-09 05:42:03,60.9145,wtceth
583,2019-09-09 05:42:04,4.8227,gntusdt
586,2019-09-09 05:42:14,1663.258,ltcbtc
579,2019-09-09 05:42:16,519.9764,ltcusdt
580,2019-09-09 05:42:21,1950.6063,ethbtc
584,2019-09-09 05:42:22,65856.8937,btcusdt
583,2019-09-09 05:42:23,2060.3139,omgusdt
588,2019-09-09 05:42:25,1.2531,mcoeth
582,2019-09-09 05:42:27,7961.3703,ethusdt
584,2019-09-09 05:42:29,1658.5447,etcusdt
584,2019-09-09 05:42:30,20.1398,gntusdt
588,2019-09-09 05:42:31,5.7376,aeeth
585,2019-09-09 05:42:40,31.7582,zrxusdt
580,2019-09-09 05:42:46,53.9989,wtceth
580,2019-09-09 05:42:49,3688.7396,ltcusdt
585,2019-09-09 05:42:54,42533.0659,btcusdt
587,2019-09-09 05:42:56,1438.5777,ltcbtc
585,2019-09-09 05:42:57,14.0746,gntusdt
581,2019-09-09 05:43:03,3536.7632,ethbtc
584,2019-09-09 05:43:07,857.7312,omgusdt
589,2019-09-09 05:43:08,1.2592,mcoeth
585,2019-09-09 05:43:08,1208.8536,etcusdt
583,2019-09-09 05:43:10,8265.3,ethusdt
586,2019-09-09 05:43:12,15.7596,zrxusdt
581,2019-09-09 05:43:14,3961.047,ltcusdt
589,2019-09-09 05:43:16,4.9198,aeeth
581,2019-09-09 05:43:22,2.101,wtceth
586,2019-09-09 05:43:22,38348.7083,btcusdt
588,2019-09-09 05:43:23,4914.8589,ltcbtc
586,2019-09-09 05:43:25,5.0238,gntusdt
582,2019-09-09 05:43:32,9084.6338,ethbtc
585,2019-09-09 05:43:37,830.8631,omgusdt
582,2019-09-09 05:43:44,2980.7128,ltcusdt
586,2019-09-09 05:43:44,42.4354,etcusdt
590,2019-09-09 05:43:45,0.9096,mcoeth
584,2019-09-09 05:43:47,1707.6163,ethusdt
587,2019-09-09 05:43:48,157.5657,zrxusdt
590,2019-09-09 05:43:52,15.5257,aeeth
589,2019-09-09 05:43:52,2187.0326,ltcbtc
587,2019-09-09 05:43:56,23820.15,btcusdt
582,2019-09-09 05:43:58,28.1297,wtceth
587,2019-09-09 05:44:03,12.2307,gntusdt
583,2019-09-09 05:44:10,9994.0493,ethbtc
585,2019-09-09 05:44:13,8593.1856,ethusdt
586,2019-09-09 05:44:14,964.3483,omgusdt
588,2019-09-09 05:44:14,26.2773,zrxusdt
591,2019-09-09 05:44:16,0.3093,mcoeth
587,2019-09-09 05:44:20,4055.2697,etcusdt
583,2019-09-09 05:44:21,1728.9004,ltcusdt
591,2019-09-09 05:44:27,7.1616,aeeth
588,2019-09-09 05:44:32,155.7293,btcusdt
583,2019-09-09 05:44:36,81.7582,wtceth
590,2019-09-09 05:44:36,505.9454,ltcbtc
584,2019-09-09 05:44:45,2297.5519,ethbtc
588,2019-09-09 05:44:46,3893.2877,etcusdt
589,2019-09-09 05:44:46,177.4122,zrxusdt
588,2019-09-09 05:44:47,7.9626,gntusdt
586,2019-09-09 05:44:47,7171.0907,ethusdt
587,2019-09-09 05:44:50,560.0752,omgusdt
584,2019-09-09 05:44:53,5242.9,ltcusdt
592,2019-09-09 05:44:55,1.006,mcoeth
592,2019-09-09 05:44:56,8.4676,aeeth
584,2019-09-09 05:45:05,59.2859,wtceth
589,2019-09-09 05:45:15,3149.2665,etcusdt
589,2019-09-09 05:45:16,1038.4548,btcusdt
591,2019-09-09 05:45:18,85.8007,ltcbtc
585,2019-09-09 05:45:19,9358.5345,ethbtc
593,2019-09-09 05:45:21,6.1981,aeeth
585,2019-09-09 05:45:22,4212.5077,ltcusdt
588,2019-09-09 05:45:22,2863.4377,omgusdt
589,2019-09-09 05:45:25,15.7455,gntusdt
590,2019-09-09 05:45:25,19.1339,zrxusdt
587,2019-09-09 05:45:29,13319.6216,ethusdt
593,2019-09-09 05:45:39,1.0146,mcoeth
590,2019-09-09 05:45:42,67844.6204,btcusdt
592,2019-09-09 05:45:43,3599.7138,ltcbtc
585,2019-09-09 05:45:47,43.492,wtceth
590,2019-09-09 05:45:47,1691.5922,etcusdt
586,2019-09-09 05:45:48,14241.7135,ethbtc
586,2019-09-09 05:45:57,4004.4529,ltcusdt
589,2019-09-09 05:45:59,569.5724,omgusdt
591,2019-09-09 05:46:02,184.6087,zrxusdt
594,2019-09-09 05:46:03,8.9334,aeeth
590,2019-09-09 05:46:09,27.3238,gntusdt
588,2019-09-09 05:46:09,15570.8209,ethusdt
593,2019-09-09 05:46:11,4270.3572,ltcbtc
591,2019-09-09 05:46:17,6427.8952,btcusdt
586,2019-09-09 05:46:18,48.1138,wtceth
587,2019-09-09 05:46:19,1168.2006,ethbtc
594,2019-09-09 05:46:21,1.1824,mcoeth
591,2019-09-09 05:46:22,3320.3974,etcusdt
590,2019-09-09 05:46:27,1846.7368,omgusdt
587,2019-09-09 05:46:38,4745.9435,ltcusdt
589,2019-09-09 05:46:38,17516.9449,ethusdt
592,2019-09-09 05:46:41,29.6764,zrxusdt
594,2019-09-09 05:46:41,1703.9584,ltcbtc
595,2019-09-09 05:46:42,6.9744,aeeth
587,2019-09-09 05:46:45,50.7863,wtceth
591,2019-09-09 05:46:47,22.9362,gntusdt
595,2019-09-09 05:46:51,1.1978,mcoeth
588,2019-09-09 05:46:54,2156.4972,ethbtc
592,2019-09-09 05:46:57,769.3698,etcusdt
591,2019-09-09 05:46:58,2873.5762,omgusdt
592,2019-09-09 05:47:01,38463.404,btcusdt
590,2019-09-09 05:47:04,14577.2616,ethusdt
596,2019-09-09 05:47:11,12.2062,aeeth
595,2019-09-09 05:47:14,5073.5303,ltcbtc
588,2019-09-09 05:47:20,5571.0422,ltcusdt
588,2019-09-09 05:47:22,58.8133,wtceth
593,2019-09-09 05:47:23,155.7784,zrxusdt
592,2019-09-09 05:47:25,18.9928,gntusdt
591,2019-09-09 05:47:30,12863.9032,ethusdt
592,2019-09-09 05:47:31,3759.3193,omgusdt
593,2019-09-09 05:47:33,2759.9911,etcusdt
596,2019-09-09 05:47:34,0.2659,mcoeth
589,2019-09-09 05:47:38,12734.9206,ethbtc
593,2019-09-09 05:47:42,55736.38,btcusdt
589,2019-09-09 05:47:49,55.253,wtceth
596,2019-09-09 05:47:51,1780.7393,ltcbtc
593,2019-09-09 05:47:54,0.0428,gntusdt
597,2019-09-09 05:47:55,9.0626,aeeth
589,2019-09-09 05:47:55,3580.9672,ltcusdt
593,2019-09-09 05:47:57,2444.0419,omgusdt
597,2019-09-09 05:48:03,0.3626,mcoeth
592,2019-09-09 05:48:05,4123.8024,ethusdt
594,2019-09-09 05:48:07,86.7691,zrxusdt
594,2019-09-09 05:48:09,14416.9417,btcusdt
590,2019-09-09 05:48:11,13192.4838,ethbtc
594,2019-09-09 05:48:15,3685.581,etcusdt
594,2019-09-09 05:48:22,25.4615,gntusdt
594,2019-09-09 05:48:24,300.2277,omgusdt
590,2019-09-09 05:48:24,62.3198,wtceth
590,2019-09-09 05:48:30,3078.0758,ltcusdt
593,2019-09-09 05:48:31,12872.3827,ethusdt
598,2019-09-09 05:48:33,9.5811,aeeth
597,2019-09-09 05:48:34,5011.4997,ltcbtc
598,2019-09-09 05:48:37,0.8409,mcoeth
591,2019-09-09 05:48:40,16906.7403,ethbtc
595,2019-09-09 05:48:41,72.1146,zrxusdt
595,2019-09-09 05:48:52,328.9977,etcusdt
595,2019-09-09 05:48:52,66815.9516,btcusdt
595,2019-09-09 05:48:53,797.3381,omgusdt
595,2019-09-09 05:48:53,17.6601,gntusdt
594,2019-09-09 05:48:57,2756.7246,ethusdt
599,2019-09-09 05:49:03,3.4605,aeeth
591,2019-09-09 05:49:05,27.456,wtceth
591,2019-09-09 05:49:06,228.542,ltcusdt
598,2019-09-09 05:49:09,82.9996,ltcbtc
592,2019-09-09 05:49:13,4604.3938,ethbtc
599,2019-09-09 05:49:18,0.4955,mcoeth
596,2019-09-09 05:49:18,74.3812,zrxusdt
596,2019-09-09 05:49:19,121.2583,etcusdt
596,2019-09-09 05:49:26,2138.6255,omgusdt
595,2019-09-09 05:49:27,11622.9244,ethusdt
596,2019-09-09 05:49:28,2.8728,gntusdt
596,2019-09-09 05:49:31,37826.2804,btcusdt
592,2019-09-09 05:49:32,2.3823,wtceth
592,2019-09-09 05:49:33,1957.9934,ltcusdt
600,2019-09-09 05:49:35,7.245,aeeth
593,2019-09-09 05:49:44,16593.1115,ethbtc
600,2019-09-09 05:49:47,1.0352,mcoeth
597,2019-09-09 05:49:51,2891.0405,omgusdt
599,2019-09-09 05:49:54,2539.8033,ltcbtc
596,2019-09-09 05:49:54,5302.2843,ethusdt
597,2019-09-09 05:49:55,3979.4077,etcusdt
597,2019-09-09 05:49:56,132.3868,zrxusdt
597,2019-09-09 05:49:56,7.9876,gntusdt
593,2019-09-09 05:50:00,4952.1367,ltcusdt
601,2019-09-09 05:50:03,7.1003,aeeth
597,2019-09-09 05:50:11,16977.0983,btcusdt
594,2019-09-09 05:50:15,11937.6533,ethbtc
593,2019-09-09 05:50:16,15.9636,wtceth
601,2019-09-09 05:50:16,0.011,mcoeth
600,2019-09-09 05:50:20,2675.146,ltcbtc
598,2019-09-09 05:50:26,473.6981,etcusdt
594,2019-09-09 05:50:28,4669.6455,ltcusdt
598,2019-09-09 05:50:30,14.4033,gntusdt
598,2019-09-09 05:50:35,404.091,omgusdt
597,2019-09-09 05:50:36,547.5364,ethusdt
602,2019-09-09 05:50:36,2.0704,aeeth
598,2019-09-09 05:50:41,80.3525,zrxusdt
595,2019-09-09 05:50:41,4732.93,ethbtc
598,2019-09-09 05:50:44,59941.0619,btcusdt
601,2019-09-09 05:50:48,1880.2085,ltcbtc
602,2019-09-09 05:50:52,0.0648,mcoeth
594,2019-09-09 05:51:00,26.5291,wtceth
599,2019-09-09 05:51:01,2053.71,etcusdt
595,2019-09-09 05:51:01,2369.2625,ltcusdt
599,2019-09-09 05:51:06,45.2375,zrxusdt
599,2019-09-09 05:51:11,8.7498,gntusdt
603,2019-09-09 05:51:12,6.5909,aeeth
602,2019-09-09 05:51:14,1228.2409,ltcbtc
598,2019-09-09 05:51:16,5030.9788,ethusdt
596,2019-09-09 05:51:18,8152.0811,ethbtc
599,2019-09-09 05:51:18,2116.8686,omgusdt
599,2019-09-09 05:51:19,24057.2841,btcusdt
603,2019-09-09 05:51:24,0.3427,mcoeth
600,2019-09-09 05:51:36,25.0156,gntusdt
595,2019-09-09 05:51:40,48.6372,wtceth
600,2019-09-09 05:51:43,4807.7818,etcusdt
600,2019-09-09 05:51:44,47.3821,zrxusdt
596,2019-09-09 05:51:45,1595.3177,ltcusdt
604,2019-09-09 05:51:48,10.5474,aeeth
597,2019-09-09 05:51:53,11792.3128,ethbtc
603,2019-09-09 05:51:54,2342.1183,ltcbtc
604,2019-09-09 05:51:57,0.4616,mcoeth
600,2019-09-09 05:51:57,2142.1949,omgusdt
599,2019-09-09 05:52:00,8050.607,ethusdt
600,2019-09-09 05:52:03,71210.0461,btcusdt
601,2019-09-09 05:52:13,26.0062,gntusdt
596,2019-09-09 05:52:15,37.0394,wtceth
601,2019-09-09 05:52:15,117.5649,zrxusdt
601,2019-09-09 05:52:19,4378.0058,etcusdt
598,2019-09-09 05:52:20,63.715,ethbtc
605,2019-09-09 05:52:23,11.9433,aeeth
601,2019-09-09 05:52:23,3132.7057,omgusdt
600,2019-09-09 05:52:25,15798.8706,ethusdt
597,2019-09-09 05:52:28,3308.0487,ltcusdt
604,2019-09-09 05:52:31,3701.6457,ltcbtc
605,2019-09-09 05:52:36,0.9821,mcoeth
601,2019-09-09 05:52:42,45442.0393,btcusdt
606,2019-09-09 05:52:48,8.6701,aeeth
599,2019-09-09 05:52:49,3489.9735,ethbtc
601,2019-09-09 05:52:51,7493.79,ethusdt
602,2019-09-09 05:52:53,3728.847,etcusdt
602,2019-09-09 05:52:53,19.7092,gntusdt
602,2019-09-09 05:52:54,306.2413,omgusdt
598,2019-09-09 05:52:54,5527.0739,ltcusdt
602,2019-09-09 05:52:59,154.8132,zrxusdt
597,2019-09-09 05:52:59,75.2569,wtceth
606,2019-09-09 05:53:04,0.7844,mcoeth
605,2019-09-09 05:53:11,1630.9063,ltcbtc
603,2019-09-09 05:53:19,1420.8624,etcusdt
603,2019-09-09 05:53:20,3031.5188,omgusdt
607,2019-09-09 05:53:22,9.9411,aeeth
602,2019-09-09 05:53:23,3929.0823,btcusdt
599,2019-09-09 05:53:26,2554.8691,ltcusdt
603,2019-09-09 05:53:29,23.0031,gntusdt
598,2019-09-09 05:53:31,36.6559,wtceth
602,2019-09-09 05:53:31,5737.1065,ethusdt
603,2019-09-09 05:53:34,52.0759,zrxusdt
600,2019-09-09 05:53:34,13483.5599,ethbtc
607,2019-09-09 05:53:41,0.6375,mcoeth
604,2019-09-09 05:53:49,1752.7802,omgusdt
606,2019-09-09 05:53:49,2541.056,ltcbtc
604,2019-09-09 05:53:51,783.499,etcusdt
608,2019-09-09 05:53:51,1.06,aeeth
604,2019-09-09 05:53:55,23.7465,gntusdt
603,2019-09-09 05:53:56,56578.4519,btcusdt
601,2019-09-09 05:53:59,1445.6016,ethbtc
600,2019-09-09 05:54:02,5483.7408,ltcusdt
604,2019-09-09 05:54:04,46.9291,zrxusdt
603,2019-09-09 05:54:09,8065.0221,ethusdt
599,2019-09-09 05:54:13,70.3055,wtceth
607,2019-09-09 05:54:16,206.4541,ltcbtc
608,2019-09-09 05:54:19,0.5535,mcoeth
605,2019-09-09 05:54:19,1090.0975,etcusdt
605,2019-09-09 05:54:21,72.5508,omgusdt
609,2019-09-09 05:54:25,8.816,aeeth
604,2019-09-09 05:54:29,848.968,btcusdt
605,2019-09-09 05:54:29,26.1481,gntusdt
602,2019-09-09 05:54:29,8427.817,ethbtc
605,2019-09-09 05:54:36,101.6169,zrxusdt
601,2019-09-09 05:54:39,3762.605,ltcusdt
600,2019-09-09 05:54:41,73.9815,wtceth
609,2019-09-09 05:54:45,0.6872,mcoeth
604,2019-09-09 05:54:50,14357.9386,ethusdt
606,2019-09-09 05:54:50,2300.8223,omgusdt
603,2019-09-09 05:54:56,15814.1811,ethbtc
608,2019-09-09 05:54:56,882.957,ltcbtc
606,2019-09-09 05:54:59,808.5487,etcusdt
606,2019-09-09 05:55:01,145.6374,zrxusdt
610,2019-09-09 05:55:03,10.7549,aeeth
601,2019-09-09 05:55:06,37.9212,wtceth
606,2019-09-09 05:55:07,19.5107,gntusdt
605,2019-09-09 05:55:10,33222.5166,btcusdt
602,2019-09-09 05:55:17,4735.8689,ltcusdt
605,2019-09-09 05:55:17,2373.5555,ethusdt
607,2019-09-09 05:55:21,656.3473,omgusdt
610,2019-09-09 05:55:25,0.4581,mcoeth
607,2019-09-09 05:55:30,143.5496,zrxusdt
604,2019-09-09 05:55:33,10864.5651,ethbtc
606,2019-09-09 05:55:35,41807.8023,btcusdt
609,2019-09-09 05:55:37,1702.9826,ltcbtc
607,2019-09-09 05:55:39,4091.8442,etcusdt
602,2019-09-09 05:55:39,49.3897,wtceth
607,2019-09-09 05:55:40,16.5959,gntusdt
611,2019-09-09 05:55:46,1.9372,aeeth
611,2019-09-09 05:55:52,0.7855,mcoeth
606,2019-09-09 05:55:53,15508.5133,ethusdt
608,2019-09-09 05:55:59,1320.6255,omgusdt
603,2019-09-09 05:55:59,3961.6607,ltcusdt
608,2019-09-09 05:56:06,126.2023,zrxusdt
610,2019-09-09 05:56:07,2898.6051,ltcbtc
608,2019-09-09 05:56:12,626.5006,etcusdt
605,2019-09-09 05:56:13,1291.0078,ethbtc
607,2019-09-09 05:56:16,36899.3342,btcusdt
608,2019-09-09 05:56:20,27.3043,gntusdt
612,2019-09-09 05:56:22,6.8905,aeeth
603,2019-09-09 05:56:24,66.5522,wtceth
604,2019-09-09 05:56:24,1162.1146,ltcusdt
607,2019-09-09 05:56:35,3671.366,ethusdt
612,2019-09-09 05:56:35,0.6781,mcoeth
609,2019-09-09 05:56:36,1316.7726,omgusdt
609,2019-09-09 05:56:41,125.8357,zrxusdt
611,2019-09-09 05:56:44,2380.3689,ltcbtc
613,2019-09-09 05:56:48,3.9682,aeeth
606,2019-09-09 05:56:52,6720.0222,ethbtc
605,2019-09-09 05:56:54,2900.2188,ltcusdt
604,2019-09-09 05:56:56,30.6308,wtceth
609,2019-09-09 05:56:56,4346.323,etcusdt
608,2019-09-09 05:56:56,37969.8782,btcusdt
609,2019-09-09 05:57:00,28.1784,gntusdt
613,2019-09-09 05:57:08,0.3825,mcoeth
612,2019-09-09 05:57:09,4504.9651,ltcbtc
610,2019-09-09 05:57:11,3259.8192,omgusdt
608,2019-09-09 05:57:19,297.3539,ethusdt
606,2019-09-09 05:57:24,3109.6269,ltcusdt
610,2019-09-09 05:57:24,104.3028,zrxusdt
609,2019-09-09 05:57:25,28941.7495,btcusdt
614,2019-09-09 05:57:31,0.8909,aeeth
610,2019-09-09 05:57:32,4566.8047,etcusdt
610,2019-09-09 05:57:34,16.8678,gntusdt
611,2019-09-09 05:57:36,1475.6824,omgusdt
605,2019-09-09 05:57:37,38.8018,wtceth
607,2019-09-09 05:57:37,6957.7234,ethbtc
614,2019-09-09 05:57:37,1.0893,mcoeth
613,2019-09-09 05:57:38,2700.1437,ltcbtc
610,2019-09-09 05:57:51,45416.7278,btcusdt
609,2019-09-09 05:57:59,3077.01,ethusdt
607,2019-09-09 05:57:59,4698.9106,ltcusdt
611,2019-09-09 05:58:09,83.0748,zrxusdt
612,2019-09-09 05:58:09,3500.0609,omgusdt
614,2019-09-09 05:58:12,2093.4198,ltcbtc
606,2019-09-09 05:58:16,17.8075,wtceth
615,2019-09-09 05:58:16,0.8215,mcoeth
615,2019-09-09 05:58:16,14.0909,aeeth
611,2019-09-09 05:58:16,3048.5902,etcusdt
608,2019-09-09 05:58:17,16541.2936,ethbtc
611,2019-09-09 05:58:19,28.1504,gntusdt
611,2019-09-09 05:58:24,14846.7145,btcusdt
608,2019-09-09 05:58:24,1000.7819,ltcusdt
610,2019-09-09 05:58:33,6791.066,ethusdt
607,2019-09-09 05:58:42,23.7318,wtceth
612,2019-09-09 05:58:44,670.4628,etcusdt
612,2019-09-09 05:58:45,11.214,gntusdt
613,2019-09-09 05:58:46,1877.4403,omgusdt
612,2019-09-09 05:58:49,137.3184,zrxusdt
609,2019-09-09 05:58:50,4256.1381,ethbtc
616,2019-09-09 05:58:52,1.0609,mcoeth
615,2019-09-09 05:58:53,3785.3944,ltcbtc
616,2019-09-09 05:58:55,10.6706,aeeth
609,2019-09-09 05:58:55,3880.7464,ltcusdt
612,2019-09-09 05:58:59,20402.8381,btcusdt
611,2019-09-09 05:59:11,1490.1031,ethusdt
617,2019-09-09 05:59:18,0.3994,mcoeth
614,2019-09-09 05:59:18,1317.9077,omgusdt
610,2019-09-09 05:59:18,1119.0609,ethbtc
616,2019-09-09 05:59:19,2785.1901,ltcbtc
613,2019-09-09 05:59:20,1907.3174,etcusdt
613,2019-09-09 05:59:25,58991.0108,btcusdt
617,2019-09-09 05:59:27,9.2371,aeeth
608,2019-09-09 05:59:27,71.9454,wtceth
613,2019-09-09 05:59:30,9.9315,gntusdt
613,2019-09-09 05:59:32,108.9172,zrxusdt
610,2019-09-09 05:59:34,4189.1044,ltcusdt
612,2019-09-09 05:59:40,13743.7045,ethusdt
615,2019-09-09 05:59:45,280.9559,omgusdt
617,2019-09-09 05:59:48,2721.8633,ltcbtc
614,2019-09-09 05:59:48,2695.7767,etcusdt
611,2019-09-09 05:59:54,16558.3287,ethbtc
618,2019-09-09 05:59:56,0.0235,mcoeth
618,2019-09-09 05:59:59,5.5216,aeeth
615,2019-09-09 06:00:26,2124.3462,etcusdt
611,2019-09-09 06:00:28,4328.2635,ltcusdt
619,2019-09-09 06:00:29,3.1949,aeeth
614,2019-09-09 06:00:34,204.5811,zrxusdt
618,2019-09-09 06:00:34,361.8448,ltcbtc
609,2019-09-09 06:00:34,14.929,wtceth
614,2019-09-09 06:00:34,51594.4199,btcusdt
614,2019-09-09 06:00:36,31.8475,gntusdt
616,2019-09-09 06:00:41,325.8085,omgusdt
612,2019-09-09 06:00:43,15791.2092,ethbtc
613,2019-09-09 06:00:43,16181.4614,ethusdt
619,2019-09-09 06:00:45,0.779,mcoeth
610,2019-09-09 06:00:59,50.7271,wtceth
615,2019-09-09 06:01:01,170.278,zrxusdt
612,2019-09-09 06:01:02,3275.3219,ltcusdt
615,2019-09-09 06:01:04,17457.2582,btcusdt
616,2019-09-09 06:01:04,1961.3328,etcusdt
620,2019-09-09 06:01:10,12.4879,aeeth
614,2019-09-09 06:01:11,7269.8604,ethusdt
619,2019-09-09 06:01:18,261.4122,ltcbtc
615,2019-09-09 06:01:18,4.6669,gntusdt
617,2019-09-09 06:01:24,282.1708,omgusdt
620,2019-09-09 06:01:25,0.1877,mcoeth
613,2019-09-09 06:01:28,1895.6568,ltcusdt
613,2019-09-09 06:01:28,17975.2386,ethbtc
616,2019-09-09 06:01:32,139.4436,zrxusdt
616,2019-09-09 06:01:33,22886.457,btcusdt
621,2019-09-09 06:01:38,9.7348,aeeth
615,2019-09-09 06:01:38,8566.7597,ethusdt
611,2019-09-09 06:01:39,9.9858,wtceth
616,2019-09-09 06:01:48,30.7872,gntusdt
617,2019-09-09 06:01:48,1438.2612,etcusdt
620,2019-09-09 06:01:59,1741.9677,ltcbtc
617,2019-09-09 06:01:59,149.8181,zrxusdt
618,2019-09-09 06:01:59,664.6837,omgusdt
614,2019-09-09 06:02:02,2300.2557,ltcusdt
614,2019-09-09 06:02:05,1633.984,ethbtc
617,2019-09-09 06:02:06,50039.5137,btcusdt
622,2019-09-09 06:02:08,17.9544,aeeth
621,2019-09-09 06:02:08,0.2056,mcoeth
616,2019-09-09 06:02:15,3175.4069,ethusdt
612,2019-09-09 06:02:15,68.6625,wtceth
618,2019-09-09 06:02:18,4431.1915,etcusdt
617,2019-09-09 06:02:27,7.8199,gntusdt
621,2019-09-09 06:02:29,1537.8409,ltcbtc
619,2019-09-09 06:02:30,1096.6288,omgusdt
618,2019-09-09 06:02:32,88.7457,zrxusdt
618,2019-09-09 06:02:33,444.0281,btcusdt
622,2019-09-09 06:02:38,0.3727,mcoeth
617,2019-09-09 06:02:40,6542.4813,ethusdt
615,2019-09-09 06:02:40,65.4997,ltcusdt
623,2019-09-09 06:02:41,4.8427,aeeth
613,2019-09-09 06:02:45,26.5601,wtceth
615,2019-09-09 06:02:46,15791.2175,ethbtc
618,2019-09-09 06:02:55,27.7749,gntusdt
620,2019-09-09 06:02:59,1441.861,omgusdt
622,2019-09-09 06:02:59,3962.664,ltcbtc
619,2019-09-09 06:03:01,4332.2084,etcusdt
618,2019-09-09 06:03:06,3858.4623,ethusdt
619,2019-09-09 06:03:09,140.6388,zrxusdt
616,2019-09-09 06:03:10,2972.8269,ltcusdt
619,2019-09-09 06:03:13,21194.9573,btcusdt
616,2019-09-09 06:03:15,16653.0923,ethbtc
623,2019-09-09 06:03:18,0.661,mcoeth
624,2019-09-09 06:03:23,6.7306,aeeth
614,2019-09-09 06:03:23,37.5487,wtceth
619,2019-09-09 06:03:27,23.348,gntusdt
623,2019-09-09 06:03:32,4422.9618,ltcbtc
617,2019-09-09 06:03:37,5239.6272,ltcusdt
620,2019-09-09 06:03:38,156.5946,zrxusdt
619,2019-09-09 06:03:38,2846.0113,ethusdt
621,2019-09-09 06:03:42,1985.7795,omgusdt
620,2019-09-09 06:03:44,4748.341,etcusdt
617,2019-09-09 06:03:46,12075.4656,ethbtc
624,2019-09-09 06:03:51,0.751,mcoeth
620,2019-09-09 06:03:54,10229.9042,btcusdt
620,2019-09-09 06:03:55,7.9475,gntusdt
625,2019-09-09 06:03:57,5.9191,aeeth
615,2019-09-09 06:04:03,37.8049,wtceth
622,2019-09-09 06:04:07,1308.1159,omgusdt
621,2019-09-09 06:04:11,1015.017,etcusdt
620,2019-09-09 06:04:14,2753.9839,ethusdt
624,2019-09-09 06:04:16,434.2405,ltcbtc
618,2019-09-09 06:04:16,1461.5025,ltcusdt
625,2019-09-09 06:04:21,0.9083,mcoeth
621,2019-09-09 06:04:23,192.153,zrxusdt
618,2019-09-09 06:04:24,18293.6013,ethbtc
626,2019-09-09 06:04:30,4.6221,aeeth
616,2019-09-09 06:04:31,50.601,wtceth
621,2019-09-09 06:04:38,19388.2886,btcusdt
621,2019-09-09 06:04:40,28.6264,gntusdt
619,2019-09-09 06:04:45,4484.2749,ltcusdt
622,2019-09-09 06:04:49,101.7794,zrxusdt
623,2019-09-09 06:04:50,3156.482,omgusdt
621,2019-09-09 06:04:53,871.4259,ethusdt
626,2019-09-09 06:04:53,0.3721,mcoeth
625,2019-09-09 06:04:55,3213.2954,ltcbtc
622,2019-09-09 06:04:56,4635.9213,etcusdt
617,2019-09-09 06:04:59,46.4113,wtceth
627,2019-09-09 06:05:07,1.7154,aeeth
619,2019-09-09 06:05:09,6583.0561,ethbtc
620,2019-09-09 06:05:15,1746.9887,ltcusdt
622,2019-09-09 06:05:18,1.9585,gntusdt
622,2019-09-09 06:05:19,41734.683,btcusdt
623,2019-09-09 06:05:23,3526.5069,etcusdt
623,2019-09-09 06:05:27,115.2677,zrxusdt
624,2019-09-09 06:05:27,886.0483,omgusdt
627,2019-09-09 06:05:28,0.7762,mcoeth
622,2019-09-09 06:05:37,11083.5839,ethusdt
618,2019-09-09 06:05:38,63.545,wtceth
626,2019-09-09 06:05:38,1459.706,ltcbtc
621,2019-09-09 06:05:43,1668.8942,ltcusdt
623,2019-09-09 06:05:47,16.1351,gntusdt
628,2019-09-09 06:05:50,17.9123,aeeth
620,2019-09-09 06:05:51,14770.1981,ethbtc
625,2019-09-09 06:05:53,1725.0942,omgusdt
628,2019-09-09 06:05:53,0.3385,mcoeth
624,2019-09-09 06:05:54,4159.7418,etcusdt
624,2019-09-09 06:05:57,29.8317,zrxusdt
623,2019-09-09 06:06:03,25275.4827,btcusdt
623,2019-09-09 06:06:06,3319.1854,ethusdt
627,2019-09-09 06:06:08,1491.2358,ltcbtc
624,2019-09-09 06:06:12,31.6634,gntusdt
622,2019-09-09 06:06:12,868.3976,ltcusdt
619,2019-09-09 06:06:13,24.0913,wtceth
629,2019-09-09 06:06:16,7.7898,aeeth
621,2019-09-09 06:06:20,12370.7159,ethbtc
626,2019-09-09 06:06:22,2175.1711,omgusdt
629,2019-09-09 06:06:26,0.542,mcoeth
625,2019-09-09 06:06:30,85.1578,zrxusdt
624,2019-09-09 06:06:30,35010.2403,btcusdt
625,2019-09-09 06:06:31,2362.5196,etcusdt
624,2019-09-09 06:06:32,3801.8379,ethusdt
628,2019-09-09 06:06:38,5053.9938,ltcbtc
623,2019-09-09 06:06:40,1542.6834,ltcusdt
630,2019-09-09 06:06:41,0.0744,aeeth
620,2019-09-09 06:06:41,24.0727,wtceth
627,2019-09-09 06:06:51,725.579,omgusdt
630,2019-09-09 06:06:51,0.6902,mcoeth
625,2019-09-09 06:06:52,13.0948,gntusdt
622,2019-09-09 06:07:00,7773.079,ethbtc
626,2019-09-09 06:07:03,165.4262,zrxusdt
624,2019-09-09 06:07:05,5109.8165,ltcusdt
625,2019-09-09 06:07:05,16033.3085,btcusdt
626,2019-09-09 06:07:07,1309.9603,etcusdt
621,2019-09-09 06:07:09,26.3032,wtceth
625,2019-09-09 06:07:16,8058.773,ethusdt
626,2019-09-09 06:07:19,11.9735,gntusdt
629,2019-09-09 06:07:21,3276.4063,ltcbtc
628,2019-09-09 06:07:24,149.8777,omgusdt
631,2019-09-09 06:07:25,18.7331,aeeth
623,2019-09-09 06:07:28,8916.0214,ethbtc
627,2019-09-09 06:07:32,152.0161,zrxusdt
631,2019-09-09 06:07:32,0.9877,mcoeth
622,2019-09-09 06:07:34,29.7139,wtceth
625,2019-09-09 06:07:38,1311.5895,ltcusdt
626,2019-09-09 06:07:40,9088.3296,btcusdt
626,2019-09-09 06:07:44,2526.1703,ethusdt
627,2019-09-09 06:07:47,1985.1301,etcusdt
632,2019-09-09 06:07:55,11.896,aeeth
630,2019-09-09 06:08:00,4106.2401,ltcbtc
627,2019-09-09 06:08:00,1.2147,gntusdt
626,2019-09-09 06:08:03,6007.6434,ltcusdt
629,2019-09-09 06:08:04,2959.4597,omgusdt
623,2019-09-09 06:08:07,2.7517,wtceth
628,2019-09-09 06:08:09,109.1139,zrxusdt
627,2019-09-09 06:08:09,5572.841,btcusdt
624,2019-09-09 06:08:11,11896.0658,ethbtc
627,2019-09-09 06:08:12,16181.2404,ethusdt
632,2019-09-09 06:08:15,0.9083,mcoeth
628,2019-09-09 06:08:22,4567.8987,etcusdt
628,2019-09-09 06:08:28,26.3082,gntusdt
627,2019-09-09 06:08:28,1358.0483,ltcusdt
633,2019-09-09 06:08:35,7.7773,aeeth
625,2019-09-09 06:08:39,3448.6532,ethbtc
630,2019-09-09 06:08:41,2885.0266,omgusdt
633,2019-09-09 06:08:41,0.8578,mcoeth
629,2019-09-09 06:08:41,116.5277,zrxusdt
631,2019-09-09 06:08:41,1907.8682,ltcbtc
624,2019-09-09 06:08:43,50.3057,wtceth
628,2019-09-09 06:08:46,6833.7354,ethusdt
629,2019-09-09 06:08:51,1179.2119,etcusdt
628,2019-09-09 06:08:52,26177.5747,btcusdt
629,2019-09-09 06:08:53,26.5568,gntusdt
631,2019-09-09 06:09:07,1325.9304,omgusdt
630,2019-09-09 06:09:07,27.2281,zrxusdt
634,2019-09-09 06:09:08,11.1177,aeeth
628,2019-09-09 06:09:10,800.3853,ltcusdt
634,2019-09-09 06:09:11,0.9347,mcoeth
629,2019-09-09 06:09:17,18145.5514,btcusdt
630,2019-09-09 06:09:17,3121.0576,etcusdt
630,2019-09-09 06:09:19,18.7478,gntusdt
625,2019-09-09 06:09:20,62.7477,wtceth
626,2019-09-09 06:09:21,13923.9405,ethbtc
629,2019-09-09 06:09:21,12910.1951,ethusdt
632,2019-09-09 06:09:25,3947.3704,ltcbtc
632,2019-09-09 06:09:32,2844.9497,omgusdt
635,2019-09-09 06:09:36,0.1928,mcoeth
629,2019-09-09 06:09:45,3032.0197,ltcusdt
631,2019-09-09 06:09:46,74.1023,zrxusdt
630,2019-09-09 06:09:46,28575.0677,btcusdt
635,2019-09-09 06:09:47,5.2364,aeeth
631,2019-09-09 06:09:47,2804.7256,etcusdt
627,2019-09-09 06:09:50,10335.3542,ethbtc
626,2019-09-09 06:09:50,51.8876,wtceth
631,2019-09-09 06:09:55,26.8924,gntusdt
630,2019-09-09 06:10:05,13279.3064,ethusdt
633,2019-09-09 06:10:05,3331.163,ltcbtc
636,2019-09-09 06:10:09,0.6189,mcoeth
630,2019-09-09 06:10:12,7033.6497,ltcusdt
627,2019-09-09 06:10:15,42.0135,wtceth
633,2019-09-09 06:10:16,1690.1437,omgusdt
631,2019-09-09 06:10:16,40745.8884,btcusdt
632,2019-09-09 06:10:23,2807.4607,etcusdt
632,2019-09-09 06:10:28,174.1897,zrxusdt
636,2019-09-09 06:10:29,11.9274,aeeth
628,2019-09-09 06:10:34,3888.7298,ethbtc
632,2019-09-09 06:10:37,32.5002,gntusdt
634,2019-09-09 06:10:42,2478.1599,ltcbtc
637,2019-09-09 06:10:44,0.8466,mcoeth
631,2019-09-09 06:10:46,7449.1404,ethusdt
632,2019-09-09 06:10:48,41677.9664,btcusdt
628,2019-09-09 06:10:52,69.6454,wtceth
634,2019-09-09 06:10:52,854.5789,omgusdt
631,2019-09-09 06:10:56,3517.4172,ltcusdt
633,2019-09-09 06:10:58,4423.2741,etcusdt
633,2019-09-09 06:10:59,88.2887,zrxusdt
637,2019-09-09 06:11:04,12.8405,aeeth
638,2019-09-09 06:11:13,0.823,mcoeth
629,2019-09-09 06:11:14,15468.7283,ethbtc
633,2019-09-09 06:11:15,44614.1321,btcusdt
633,2019-09-09 06:11:16,9.8715,gntusdt
635,2019-09-09 06:11:19,3006.5014,omgusdt
635,2019-09-09 06:11:21,1169.4002,ltcbtc
632,2019-09-09 06:11:24,4954.1637,ltcusdt
632,2019-09-09 06:11:25,497.8666,ethusdt
629,2019-09-09 06:11:29,48.8655,wtceth
634,2019-09-09 06:11:36,4126.4104,etcusdt
634,2019-09-09 06:11:41,24.6043,zrxusdt
630,2019-09-09 06:11:43,3962.3924,ethbtc
638,2019-09-09 06:11:45,16.6019,aeeth
639,2019-09-09 06:11:47,0.1101,mcoeth
634,2019-09-09 06:11:47,36323.8057,btcusdt
633,2019-09-09 06:11:59,1797.7662,ltcusdt
636,2019-09-09 06:12:01,3079.4817,omgusdt
635,2019-09-09 06:12:01,1067.9611,etcusdt
634,2019-09-09 06:12:01,30.9909,gntusdt
636,2019-09-09 06:12:04,2128.1517,ltcbtc
633,2019-09-09 06:12:08,14627.0182,ethusdt
631,2019-09-09 06:12:10,1841.6985,ethbtc
630,2019-09-09 06:12:10,3.2147,wtceth
639,2019-09-09 06:12:13,5.1465,aeeth
635,2019-09-09 06:12:16,18534.7554,btcusdt
635,2019-09-09 06:12:16,53.7946,zrxusdt
640,2019-09-09 06:12:22,0.1583,mcoeth
634,2019-09-09 06:12:27,4796.4823,ltcusdt
635,2019-09-09 06:12:28,17.9405,gntusdt
636,2019-09-09 06:12:31,4453.6077,etcusdt
637,2019-09-09 06:12:39,3864.939,ltcbtc
637,2019-09-09 06:12:41,2947.433,omgusdt
640,2019-09-09 06:12:42,13.1779,aeeth
641,2019-09-09 06:12:47,0.8689,mcoeth
632,2019-09-09 06:12:50,11629.3751,ethbtc
634,2019-09-09 06:12:51,10990.3975,ethusdt
631,2019-09-09 06:12:54,9.3748,wtceth
636,2019-09-09 06:12:55,12536.1999,btcusdt
636,2019-09-09 06:12:56,51.5884,zrxusdt
637,2019-09-09 06:12:57,787.2154,etcusdt
636,2019-09-09 06:12:57,18.1678,gntusdt
638,2019-09-09 06:13:10,503.9764,ltcbtc
635,2019-09-09 06:13:12,1323.0433,ltcusdt
641,2019-09-09 06:13:17,15.5908,aeeth
633,2019-09-09 06:13:21,13061.6877,ethbtc
638,2019-09-09 06:13:24,138.7952,omgusdt
637,2019-09-09 06:13:26,18.0122,gntusdt
637,2019-09-09 06:13:29,182.5538,zrxusdt
642,2019-09-09 06:13:29,0.0944,mcoeth
638,2019-09-09 06:13:31,1611.3489,etcusdt
637,2019-09-09 06:13:33,57392.9058,btcusdt
635,2019-09-09 06:13:34,1447.8172,ethusdt
632,2019-09-09 06:13:37,26.4127,wtceth
636,2019-09-09 06:13:43,4104.1474,ltcusdt
639,2019-09-09 06:13:51,3084.923,ltcbtc
638,2019-09-09 06:13:54,150.5957,zrxusdt
642,2019-09-09 06:13:56,10.4463,aeeth
638,2019-09-09 06:14:00,3.1379,gntusdt
639,2019-09-09 06:14:00,2955.8622,etcusdt
638,2019-09-09 06:14:02,55762.9312,btcusdt
643,2019-09-09 06:14:05,0.835,mcoeth
634,2019-09-09 06:14:05,1132.0826,ethbtc
639,2019-09-09 06:14:08,1566.9864,omgusdt
633,2019-09-09 06:14:09,25.7207,wtceth
636,2019-09-09 06:14:12,5359.9261,ethusdt
637,2019-09-09 06:14:19,819.9735,ltcusdt
640,2019-09-09 06:14:25,3006.3821,etcusdt
639,2019-09-09 06:14:25,87.5119,zrxusdt
639,2019-09-09 06:14:28,15640.7243,btcusdt
635,2019-09-09 06:14:30,6778.7845,ethbtc
640,2019-09-09 06:14:31,4013.4836,ltcbtc
639,2019-09-09 06:14:35,32.4251,gntusdt
640,2019-09-09 06:14:35,1531.2622,omgusdt
643,2019-09-09 06:14:37,11.4185,aeeth
634,2019-09-09 06:14:38,57.9812,wtceth
637,2019-09-09 06:14:45,5626.361,ethusdt
644,2019-09-09 06:14:50,0.7846,mcoeth
641,2019-09-09 06:14:57,3851.7359,etcusdt
638,2019-09-09 06:14:58,4793.2955,ltcusdt
640,2019-09-09 06:15:00,51495.1304,btcusdt
636,2019-09-09 06:15:01,1413.1113,ethbtc
640,2019-09-09 06:15:02,36.8009,zrxusdt
641,2019-09-09 06:15:10,4498.4451,ltcbtc
641,2019-09-09 06:15:15,2425.5105,omgusdt
640,2019-09-09 06:15:17,13.8316,gntusdt
644,2019-09-09 06:15:17,0.0331,aeeth
635,2019-09-09 06:15:22,58.9065,wtceth
639,2019-09-09 06:15:23,5246.6246,ltcusdt
645,2019-09-09 06:15:26,0.8034,mcoeth
638,2019-09-09 06:15:27,13696.7885,ethusdt
641,2019-09-09 06:15:27,41.6225,zrxusdt
641,2019-09-09 06:15:29,52009.6661,btcusdt
642,2019-09-09 06:15:38,4726.8817,etcusdt
637,2019-09-09 06:15:38,18422.2855,ethbtc
642,2019-09-09 06:15:40,3602.2736,omgusdt
641,2019-09-09 06:15:44,4.3717,gntusdt
636,2019-09-09 06:15:48,50.1913,wtceth
640,2019-09-09 06:15:53,1852.018,ltcusdt
642,2019-09-09 06:15:54,82.0944,zrxusdt
642,2019-09-09 06:15:55,5093.3142,ltcbtc
645,2019-09-09 06:15:58,12.6178,aeeth
639,2019-09-09 06:16:04,15093.3322,ethusdt
643,2019-09-09 06:16:06,2665.508,etcusdt
642,2019-09-09 06:16:08,31044.4824,btcusdt
646,2019-09-09 06:16:10,0.6095,mcoeth
642,2019-09-09 06:16:10,34.5835,gntusdt
638,2019-09-09 06:16:21,9804.8046,ethbtc
643,2019-09-09 06:16:23,76.9956,zrxusdt
643,2019-09-09 06:16:23,789.1088,omgusdt
641,2019-09-09 06:16:23,3173.0467,ltcusdt
643,2019-09-09 06:16:29,4165.8474,ltcbtc
637,2019-09-09 06:16:33,15.5327,wtceth
646,2019-09-09 06:16:37,13.6974,aeeth
644,2019-09-09 06:16:38,2687.2228,etcusdt
647,2019-09-09 06:16:39,0.936,mcoeth
640,2019-09-09 06:16:49,7433.9933,ethusdt
644,2019-09-09 06:16:52,3089.6929,omgusdt
643,2019-09-09 06:16:52,23.525,gntusdt
643,2019-09-09 06:16:53,35486.3398,btcusdt
644,2019-09-09 06:16:56,87.9109,zrxusdt
644,2019-09-09 06:16:58,884.8243,ltcbtc
639,2019-09-09 06:17:02,4995.9106,ethbtc
638,2019-09-09 06:17:04,39.8099,wtceth
647,2019-09-09 06:17:07,16.8502,aeeth
642,2019-09-09 06:17:08,6870.8448,ltcusdt
645,2019-09-09 06:17:16,819.8436,etcusdt
648,2019-09-09 06:17:21,0.7195,mcoeth
644,2019-09-09 06:17:23,11833.8809,btcusdt
645,2019-09-09 06:17:24,4611.1638,ltcbtc
645,2019-09-09 06:17:25,2574.0609,omgusdt
641,2019-09-09 06:17:30,13348.8954,ethusdt
640,2019-09-09 06:17:33,6601.1258,ethbtc
644,2019-09-09 06:17:35,14.8611,gntusdt
639,2019-09-09 06:17:36,52.139,wtceth
643,2019-09-09 06:17:36,5430.4594,ltcusdt
645,2019-09-09 06:17:40,19.6901,zrxusdt
646,2019-09-09 06:17:41,1996.3117,etcusdt
648,2019-09-09 06:17:41,7.3225,aeeth
649,2019-09-09 06:17:53,0.021,mcoeth
645,2019-09-09 06:17:53,54738.7426,btcusdt
646,2019-09-09 06:17:55,601.8307,omgusdt
646,2019-09-09 06:17:57,2729.3918,ltcbtc
645,2019-09-09 06:18:03,25.8942,gntusdt
641,2019-09-09 06:18:05,5495.2498,ethbtc
649,2019-09-09 06:18:06,16.3997,aeeth
642,2019-09-09 06:18:12,11277.3022,ethusdt
646,2019-09-09 06:18:13,189.9571,zrxusdt
644,2019-09-09 06:18:14,2970.7263,ltcusdt
647,2019-09-09 06:18:15,4136.3134,etcusdt
640,2019-09-09 06:18:18,40.9719,wtceth
646,2019-09-09 06:18:18,31735.671,btcusdt
650,2019-09-09 06:18:22,0.1999,mcoeth
647,2019-09-09 06:18:29,441.7262,omgusdt
642,2019-09-09 06:18:32,209.4263,ethbtc
647,2019-09-09 06:18:36,1264.301,ltcbtc
646,2019-09-09 06:18:37,23.9574,gntusdt
650,2019-09-09 06:18:39,4.9558,aeeth
645,2019-09-09 06:18:42,3779.3203,ltcusdt
647,2019-09-09 06:18:42,17.8375,zrxusdt
643,2019-09-09 06:18:46,15762.2089,ethusdt
648,2019-09-09 06:18:47,3022.9485,etcusdt
647,2019-09-09 06:18:47,44743.0699,btcusdt
651,2019-09-09 06:18:48,0.05,mcoeth
641,2019-09-09 06:18:56,65.8715,wtceth
643,2019-09-09 06:19:01,15384.502,ethbtc
648,2019-09-09 06:19:08,4775.2707,ltcbtc
648,2019-09-09 06:19:11,1967.3835,omgusdt
647,2019-09-09 06:19:12,17.8689,gntusdt
644,2019-09-09 06:19:14,12724.3218,ethusdt
646,2019-09-09 06:19:18,7033.5231,ltcusdt
648,2019-09-09 06:19:19,44442.3062,btcusdt
652,2019-09-09 06:19:19,0.4969,mcoeth
648,2019-09-09 06:19:20,157.2808,zrxusdt
649,2019-09-09 06:19:21,4098.8333,etcusdt
651,2019-09-09 06:19:24,0.4734,aeeth
644,2019-09-09 06:19:26,17271.8819,ethbtc
649,2019-09-09 06:19:38,3582.7838,omgusdt
642,2019-09-09 06:19:39,42.918,wtceth
649,2019-09-09 06:19:44,11175.9953,btcusdt
647,2019-09-09 06:19:45,2304.465,ltcusdt
645,2019-09-09 06:19:46,16425.5058,ethusdt
648,2019-09-09 06:19:47,13.6511,gntusdt
653,2019-09-09 06:19:49,0.978,mcoeth
649,2019-09-09 06:19:50,4166.6324,ltcbtc
649,2019-09-09 06:19:54,106.9004,zrxusdt
652,2019-09-09 06:19:55,8.0306,aeeth
645,2019-09-09 06:19:57,8323.8849,ethbtc
650,2019-09-09 06:20:06,2307.0461,etcusdt
643,2019-09-09 06:20:09,10.5065,wtceth
650,2019-09-09 06:20:21,2108.4125,omgusdt
654,2019-09-09 06:20:21,0.7298,mcoeth
650,2019-09-09 06:20:21,4401.4016,ltcbtc
650,2019-09-09 06:20:23,57739.5451,btcusdt
646,2019-09-09 06:20:24,9137.2278,ethusdt
648,2019-09-09 06:20:30,2381.1785,ltcusdt
649,2019-09-09 06:20:31,25.441,gntusdt
651,2019-09-09 06:20:33,217.0021,etcusdt
653,2019-09-09 06:20:33,18.8843,aeeth
650,2019-09-09 06:20:38,42.5662,zrxusdt
646,2019-09-09 06:20:42,7793.2013,ethbtc
644,2019-09-09 06:20:46,30.627,wtceth
655,2019-09-09 06:20:50,0.7462,mcoeth
647,2019-09-09 06:20:50,605.5059,ethusdt
651,2019-09-09 06:20:53,3319.2554,omgusdt
654,2019-09-09 06:20:58,11.5021,aeeth
651,2019-09-09 06:20:59,24808.7187,btcusdt
650,2019-09-09 06:21:00,15.2403,gntusdt
652,2019-09-09 06:21:02,2850.402,etcusdt
649,2019-09-09 06:21:04,3721.2828,ltcusdt
651,2019-09-09 06:21:06,4300.9652,ltcbtc
651,2019-09-09 06:21:07,25.5566,zrxusdt
647,2019-09-09 06:21:16,6152.1534,ethbtc
656,2019-09-09 06:21:16,0.6021,mcoeth
651,2019-09-09 06:21:26,7.3538,gntusdt
655,2019-09-09 06:21:26,4.6509,aeeth
645,2019-09-09 06:21:28,45.5936,wtceth
648,2019-09-09 06:21:29,12970.1848,ethusdt
652,2019-09-09 06:21:35,2785.3605,omgusdt
652,2019-09-09 06:21:36,41994.8831,btcusdt
650,2019-09-09 06:21:45,4233.2279,ltcusdt
653,2019-09-09 06:21:45,3265.6974,etcusdt
648,2019-09-09 06:21:49,7132.0295,ethbtc
652,2019-09-09 06:21:50,30.4011,zrxusdt
652,2019-09-09 06:21:51,4413.062,ltcbtc
652,2019-09-09 06:21:54,14.1948,gntusdt
657,2019-09-09 06:22:00,0.3594,mcoeth
646,2019-09-09 06:22:02,28.5734,wtceth
656,2019-09-09 06:22:11,16.9047,aeeth
653,2019-09-09 06:22:12,6656.1477,btcusdt
649,2019-09-09 06:22:13,13107.6458,ethusdt
651,2019-09-09 06:22:15,3482.2953,ltcusdt
653,2019-09-09 06:22:17,139.8374,zrxusdt
653,2019-09-09 06:22:19,2446.1642,omgusdt
654,2019-09-09 06:22:26,2825.7239,etcusdt
653,2019-09-09 06:22:28,4409.7289,ltcbtc
658,2019-09-09 06:22:28,0.4495,mcoeth
653,2019-09-09 06:22:30,3.1227,gntusdt
649,2019-09-09 06:22:34,13371.7694,ethbtc
657,2019-09-09 06:22:38,6.4832,aeeth
654,2019-09-09 06:22:44,7865.3911,btcusdt
650,2019-09-09 06:22:46,2296.9057,ethusdt
647,2019-09-09 06:22:47,1.8252,wtceth
654,2019-09-09 06:22:49,1997.9846,omgusdt
655,2019-09-09 06:22:51,1112.2333,etcusdt
654,2019-09-09 06:22:54,189.2603,zrxusdt
652,2019-09-09 06:22:55,5273.5527,ltcusdt
654,2019-09-09 06:22:56,1346.4779,ltcbtc
658,2019-09-09 06:23:07,0.6583,aeeth
659,2019-09-09 06:23:08,0.4074,mcoeth
654,2019-09-09 06:23:08,5.7428,gntusdt
655,2019-09-09 06:23:14,35651.7033,btcusdt
650,2019-09-09 06:23:15,18432.822,ethbtc
656,2019-09-09 06:23:17,424.2286,etcusdt
651,2019-09-09 06:23:17,16457.6388,ethusdt
655,2019-09-09 06:23:17,207.0998,omgusdt
655,2019-09-09 06:23:21,4933.0794,ltcbtc
655,2019-09-09 06:23:22,116.6889,zrxusdt
653,2019-09-09 06:23:23,729.248,ltcusdt
648,2019-09-09 06:23:23,20.0984,wtceth
655,2019-09-09 06:23:33,30.8112,gntusdt
659,2019-09-09 06:23:41,3.1951,aeeth
651,2019-09-09 06:23:44,10700.0543,ethbtc
652,2019-09-09 06:23:44,6430.2809,ethusdt
660,2019-09-09 06:23:47,0.4768,mcoeth
656,2019-09-09 06:23:48,2272.1133,ltcbtc
649,2019-09-09 06:23:52,19.5557,wtceth
656,2019-09-09 06:23:52,104.8761,zrxusdt
657,2019-09-09 06:23:53,602.9672,etcusdt
656,2019-09-09 06:23:57,46459.0501,btcusdt
656,2019-09-09 06:23:59,548.9539,omgusdt
654,2019-09-09 06:24:08,3188.7638,ltcusdt
657,2019-09-09 06:24:16,1188.8409,ltcbtc
653,2019-09-09 06:24:18,15472.8503,ethusdt
656,2019-09-09 06:24:18,20.8516,gntusdt
660,2019-09-09 06:24:19,8.3884,aeeth
650,2019-09-09 06:24:20,17.7524,wtceth
661,2019-09-09 06:24:21,0.86,mcoeth
658,2019-09-09 06:24:23,4831.2728,etcusdt
657,2019-09-09 06:24:25,43765.9342,btcusdt
657,2019-09-09 06:24:28,582.6187,omgusdt
657,2019-09-09 06:24:29,159.303,zrxusdt
652,2019-09-09 06:24:29,5361.344,ethbtc
651,2019-09-09 06:24:46,41.6938,wtceth
662,2019-09-09 06:24:49,0.6292,mcoeth
658,2019-09-09 06:24:50,4271.6752,ltcbtc
655,2019-09-09 06:24:50,1886.2681,ltcusdt
657,2019-09-09 06:24:53,7.9049,gntusdt
661,2019-09-09 06:24:55,7.7246,aeeth
654,2019-09-09 06:25:01,8760.6188,ethusdt
658,2019-09-09 06:25:02,10635.7295,btcusdt
659,2019-09-09 06:25:03,1056.271,etcusdt
653,2019-09-09 06:25:06,10942.9322,ethbtc
658,2019-09-09 06:25:09,198.3917,zrxusdt
658,2019-09-09 06:25:13,3498.1381,omgusdt
652,2019-09-09 06:25:15,47.1671,wtceth
659,2019-09-09 06:25:16,244.2413,ltcbtc
658,2019-09-09 06:25:20,1.9958,gntusdt
656,2019-09-09 06:25:23,2008.5787,ltcusdt
663,2019-09-09 06:25:29,1.0203,mcoeth
662,2019-09-09 06:25:30,11.693,aeeth
654,2019-09-09 06:25:32,9048.4144,ethbtc
655,2019-09-09 06:25:34,9762.4508,ethusdt
659,2019-09-09 06:25:40,222.6537,omgusdt
659,2019-09-09 06:25:41,113.0119,zrxusdt
660,2019-09-09 06:25:41,3463.2258,etcusdt
659,2019-09-09 06:25:47,26098.7801,btcusdt
653,2019-09-09 06:25:47,43.8826,wtceth
660,2019-09-09 06:25:56,1628.1419,ltcbtc
655,2019-09-09 06:25:58,18031.0516,ethbtc
659,2019-09-09 06:26:02,2.9103,gntusdt
663,2019-09-09 06:26:02,15.8921,aeeth
656,2019-09-09 06:26:05,4649.098,ethusdt
664,2019-09-09 06:26:07,0.8989,mcoeth
657,2019-09-09 06:26:07,459.068,ltcusdt
661,2019-09-09 06:26:07,4269.8109,etcusdt
660,2019-09-09 06:26:20,2040.2203,omgusdt
660,2019-09-09 06:26:22,41.8876,zrxusdt
656,2019-09-09 06:26:26,16337.7874,ethbtc
660,2019-09-09 06:26:27,47832.8599,btcusdt
654,2019-09-09 06:26:30,46.6795,wtceth
660,2019-09-09 06:26:34,32.2741,gntusdt
661,2019-09-09 06:26:35,4390.255,ltcbtc
657,2019-09-09 06:26:39,9596.1812,ethusdt
664,2019-09-09 06:26:40,5.0602,aeeth
662,2019-09-09 06:26:47,3374.0691,etcusdt
661,2019-09-09 06:26:48,124.6347,zrxusdt
658,2019-09-09 06:26:48,4963.972,ltcusdt
665,2019-09-09 06:26:52,0.0324,mcoeth
657,2019-09-09 06:26:54,4443.7954,ethbtc
661,2019-09-09 06:26:58,1240.5315,omgusdt
661,2019-09-09 06:27:01,13502.1601,btcusdt
662,2019-09-09 06:27:04,581.8051,ltcbtc
665,2019-09-09 06:27:05,0.7017,aeeth
661,2019-09-09 06:27:08,17.185,gntusdt
655,2019-09-09 06:27:11,49.0714,wtceth
663,2019-09-09 06:27:15,4305.4744,etcusdt
658,2019-09-09 06:27:18,13530.4686,ethusdt
658,2019-09-09 06:27:22,15944.6424,ethbtc
659,2019-09-09 06:27:24,5036.274,ltcusdt
666,2019-09-09 06:27:24,0.4541,mcoeth
662,2019-09-09 06:27:30,70.1105,zrxusdt
666,2019-09-09 06:27:31,5.0074,aeeth
662,2019-09-09 06:27:35,67.2236,omgusdt
662,2019-09-09 06:27:36,20915.3031,btcusdt
663,2019-09-09 06:27:40,2463.71,ltcbtc
664,2019-09-09 06:27:43,3897.1012,etcusdt
667,2019-09-09 06:27:51,0.0437,mcoeth
656,2019-09-09 06:27:52,30.6491,wtceth
662,2019-09-09 06:27:53,34.7316,gntusdt
660,2019-09-09 06:27:53,3290.8397,ltcusdt
659,2019-09-09 06:27:53,8092.587,ethusdt
663,2019-09-09 06:27:57,28.7801,zrxusdt
659,2019-09-09 06:28:04,1635.4112,ethbtc
667,2019-09-09 06:28:08,0.1477,aeeth
663,2019-09-09 06:28:10,19611.4106,btcusdt
665,2019-09-09 06:28:15,4663.99,etcusdt
663,2019-09-09 06:28:18,2982.005,omgusdt
664,2019-09-09 06:28:20,1573.7778,ltcbtc
661,2019-09-09 06:28:20,1213.8454,ltcusdt
663,2019-09-09 06:28:29,23.192,gntusdt
664,2019-09-09 06:28:33,56.9352,zrxusdt
657,2019-09-09 06:28:33,18.334,wtceth
668,2019-09-09 06:28:35,0.0906,mcoeth
660,2019-09-09 06:28:36,4391.5976,ethusdt
664,2019-09-09 06:28:37,1088.6472,btcusdt
660,2019-09-09 06:28:44,6488.5779,ethbtc
668,2019-09-09 06:28:48,4.8377,aeeth
664,2019-09-09 06:28:48,3182.3821,omgusdt
665,2019-09-09 06:28:50,4824.7051,ltcbtc
662,2019-09-09 06:28:53,5926.5166,ltcusdt
666,2019-09-09 06:28:53,2781.5797,etcusdt
658,2019-09-09 06:28:58,42.7068,wtceth
664,2019-09-09 06:28:59,6.5812,gntusdt
661,2019-09-09 06:29:01,14440.5194,ethusdt
669,2019-09-09 06:29:02,1.0082,mcoeth
665,2019-09-09 06:29:09,57.2239,zrxusdt
665,2019-09-09 06:29:14,36755.1135,btcusdt
666,2019-09-09 06:29:16,1551.2382,ltcbtc
665,2019-09-09 06:29:22,576.1497,omgusdt
661,2019-09-09 06:29:26,685.4679,ethbtc
669,2019-09-09 06:29:32,2.7091,aeeth
663,2019-09-09 06:29:34,3855.2259,ltcusdt
665,2019-09-09 06:29:36,1.6273,gntusdt
667,2019-09-09 06:29:37,990.1119,etcusdt
662,2019-09-09 06:29:40,16400.5437,ethusdt
670,2019-09-09 06:29:42,0.3662,mcoeth
667,2019-09-09 06:29:42,2145.1402,ltcbtc
659,2019-09-09 06:29:43,15.7533,wtceth
666,2019-09-09 06:29:48,46498.1386,btcusdt
666,2019-09-09 06:29:49,199.51,zrxusdt
664,2019-09-09 06:30:03,5316.5602,ltcusdt
662,2019-09-09 06:30:05,10686.3815,ethbtc
668,2019-09-09 06:30:06,1070.5343,etcusdt
663,2019-09-09 06:30:07,11505.5363,ethusdt
666,2019-09-09 06:30:07,2955.4163,omgusdt
670,2019-09-09 06:30:10,3.5824,aeeth
671,2019-09-09 06:30:14,0.4067,mcoeth
668,2019-09-09 06:30:15,1284.8071,ltcbtc
666,2019-09-09 06:30:20,6.8471,gntusdt
660,2019-09-09 06:30:27,26.5851,wtceth
667,2019-09-09 06:30:28,4765.1311,btcusdt
667,2019-09-09 06:30:32,115.4522,zrxusdt
667,2019-09-09 06:30:35,2505.3913,omgusdt
669,2019-09-09 06:30:39,655.789,etcusdt
663,2019-09-09 06:30:39,4070.969,ethbtc
665,2019-09-09 06:30:39,6725.1941,ltcusdt
672,2019-09-09 06:30:41,0.8964,mcoeth
669,2019-09-09 06:30:43,61.9714,ltcbtc
671,2019-09-09 06:30:48,2.3832,aeeth
664,2019-09-09 06:30:49,13256.7623,ethusdt
667,2019-09-09 06:31:01,2.1926,gntusdt
661,2019-09-09 06:31:02,66.8903,wtceth
668,2019-09-09 06:31:03,35910.3286,btcusdt
668,2019-09-09 06:31:06,47.0338,zrxusdt
664,2019-09-09 06:31:14,5477.2059,ethbtc
665,2019-09-09 06:31:14,7838.8157,ethusdt
668,2019-09-09 06:31:18,3363.9564,omgusdt
670,2019-09-09 06:31:23,4357.3795,etcusdt
666,2019-09-09 06:31:23,1262.4366,ltcusdt
672,2019-09-09 06:31:24,6.4938,aeeth
673,2019-09-09 06:31:25,0.6964,mcoeth
670,2019-09-09 06:31:28,1174.9003,ltcbtc
668,2019-09-09 06:31:32,13.3857,gntusdt
669,2019-09-09 06:31:34,150.2645,zrxusdt
669,2019-09-09 06:31:43,42110.3957,btcusdt
662,2019-09-09 06:31:43,30.3718,wtceth
665,2019-09-09 06:31:47,13975.0187,ethbtc
666,2019-09-09 06:31:49,3230.1298,ethusdt
667,2019-09-09 06:31:50,283.4901,ltcusdt
669,2019-09-09 06:32:00,2319.8448,omgusdt
671,2019-09-09 06:32:05,4577.5417,etcusdt
674,2019-09-09 06:32:05,0.0402,mcoeth
669,2019-09-09 06:32:06,24.8804,gntusdt
673,2019-09-09 06:32:06,10.9888,aeeth
671,2019-09-09 06:32:09,1552.05,ltcbtc
670,2019-09-09 06:32:17,151.9507,zrxusdt
668,2019-09-09 06:32:17,2291.6076,ltcusdt
663,2019-09-09 06:32:20,26.0341,wtceth
666,2019-09-09 06:32:23,5811.0842,ethbtc
667,2019-09-09 06:32:26,12266.8444,ethusdt
670,2019-09-09 06:32:28,2935.928,omgusdt
670,2019-09-09 06:32:28,7545.6805,btcusdt
670,2019-09-09 06:32:34,1.3626,gntusdt
674,2019-09-09 06:32:35,10.484,aeeth
672,2019-09-09 06:32:38,3816.711,etcusdt
675,2019-09-09 06:32:39,0.355,mcoeth
669,2019-09-09 06:32:45,6455.0161,ltcusdt
672,2019-09-09 06:32:47,2203.4734,ltcbtc
664,2019-09-09 06:32:48,19.7478,wtceth
667,2019-09-09 06:32:56,1569.1487,ethbtc
671,2019-09-09 06:32:58,30.7182,zrxusdt
671,2019-09-09 06:32:59,1773.2713,omgusdt
671,2019-09-09 06:33:01,17.0972,gntusdt
668,2019-09-09 06:33:07,934.7449,ethusdt
671,2019-09-09 06:33:11,55792.7682,btcusdt
670,2019-09-09 06:33:12,2662.9379,ltcusdt
665,2019-09-09 06:33:17,61.7237,wtceth
675,2019-09-09 06:33:18,2.4346,aeeth
673,2019-09-09 06:33:20,669.1216,etcusdt
676,2019-09-09 06:33:20,0.6053,mcoeth
672,2019-09-09 06:33:26,6.2326,gntusdt
673,2019-09-09 06:33:27,4183.6991,ltcbtc
672,2019-09-09 06:33:30,2457.4755,omgusdt
672,2019-09-09 06:33:31,77.8729,zrxusdt
669,2019-09-09 06:33:33,11529.127,ethusdt
672,2019-09-09 06:33:39,34953.6309,btcusdt
671,2019-09-09 06:33:39,4258.9822,ltcusdt
668,2019-09-09 06:33:40,2024.6731,ethbtc
676,2019-09-09 06:33:46,1.7269,aeeth
677,2019-09-09 06:33:47,0.0577,mcoeth
673,2019-09-09 06:33:51,26.5726,gntusdt
674,2019-09-09 06:33:52,3826.1141,etcusdt
666,2019-09-09 06:33:56,38.5734,wtceth
670,2019-09-09 06:33:59,1693.9488,ethusdt
673,2019-09-09 06:34:03,2675.3967,omgusdt
674,2019-09-09 06:34:07,826.5622,ltcbtc
669,2019-09-09 06:34:08,15008.2093,ethbtc
672,2019-09-09 06:34:12,1025.7598,ltcusdt
673,2019-09-09 06:34:15,30.8179,zrxusdt
673,2019-09-09 06:34:16,32117.2055,btcusdt
677,2019-09-09 06:34:16,8.728,aeeth
678,2019-09-09 06:34:22,0.1076,mcoeth
674,2019-09-09 06:34:24,10.8928,gntusdt
675,2019-09-09 06:34:25,4774.8977,etcusdt
667,2019-09-09 06:34:27,58.1884,wtceth
671,2019-09-09 06:34:35,1039.65,ethusdt
674,2019-09-09 06:34:39,2811.5933,omgusdt
678,2019-09-09 06:34:47,3.9004,aeeth
679,2019-09-09 06:34:49,0.8583,mcoeth
673,2019-09-09 06:34:51,3854.0825,ltcusdt
675,2019-09-09 06:34:52,2591.9268,ltcbtc
670,2019-09-09 06:34:53,2410.8769,ethbtc
674,2019-09-09 06:34:53,19.999,zrxusdt
675,2019-09-09 06:34:56,0.9214,gntusdt
668,2019-09-09 06:34:58,36.1254,wtceth
674,2019-09-09 06:34:59,30304.9401,btcusdt
676,2019-09-09 06:35:00,2735.9605,etcusdt
672,2019-09-09 06:35:01,10613.2518,ethusdt
675,2019-09-09 06:35:06,1899.2765,omgusdt
674,2019-09-09 06:35:17,4281.281,ltcusdt
671,2019-09-09 06:35:21,10542.4007,ethbtc
675,2019-09-09 06:35:27,188.4038,zrxusdt
676,2019-09-09 06:35:30,34.5758,gntusdt
680,2019-09-09 06:35:31,0.8477,mcoeth
679,2019-09-09 06:35:31,3.6606,aeeth
676,2019-09-09 06:35:32,3995.3025,ltcbtc
675,2019-09-09 06:35:33,18372.0592,btcusdt
673,2019-09-09 06:35:36,11834.8534,ethusdt
676,2019-09-09 06:35:39,3362.3649,omgusdt
677,2019-09-09 06:35:40,498.2882,etcusdt
669,2019-09-09 06:35:43,41.823,wtceth
675,2019-09-09 06:35:52,507.6952,ltcusdt
677,2019-09-09 06:35:57,2862.7615,ltcbtc
672,2019-09-09 06:35:58,4452.4963,ethbtc
677,2019-09-09 06:36:00,15.0869,gntusdt
680,2019-09-09 06:36:01,3.665,aeeth
676,2019-09-09 06:36:04,65.6597,zrxusdt
676,2019-09-09 06:36:06,33765.7916,btcusdt
681,2019-09-09 06:36:11,0.2614,mcoeth
677,2019-09-09 06:36:17,2780.3727,omgusdt
674,2019-09-09 06:36:18,878.1857,ethusdt
678,2019-09-09 06:36:20,2059.3457,etcusdt
670,2019-09-09 06:36:22,59.6913,wtceth
673,2019-09-09 06:36:24,5530.0456,ethbtc
678,2019-09-09 06:36:28,792.3792,ltcbtc
681,2019-09-09 06:36:30,18.2583,aeeth
678,2019-09-09 06:36:31,2.9615,gntusdt
676,2019-09-09 06:36:31,6442.9201,ltcusdt
677,2019-09-09 06:36:43,149.2071,zrxusdt
682,2019-09-09 06:36:44,0.6969,mcoeth
677,2019-09-09 06:36:46,35005.3559,btcusdt
671,2019-09-09 06:36:52,39.8223,wtceth
679,2019-09-09 06:36:56,25.2424,gntusdt
675,2019-09-09 06:36:57,6942.2312,ethusdt
674,2019-09-09 06:36:58,3130.1418,ethbtc
678,2019-09-09 06:37:00,2966.3764,omgusdt
677,2019-09-09 06:37:01,2552.2021,ltcusdt
682,2019-09-09 06:37:03,18.1456,aeeth
679,2019-09-09 06:37:04,900.4648,etcusdt
679,2019-09-09 06:37:11,3453.857,ltcbtc
678,2019-09-09 06:37:13,134.7778,zrxusdt
683,2019-09-09 06:37:20,1.029,mcoeth
676,2019-09-09 06:37:22,11026.5791,ethusdt
678,2019-09-09 06:37:26,2964.7599,btcusdt
679,2019-09-09 06:37:28,1674.5986,omgusdt
675,2019-09-09 06:37:31,12195.3537,ethbtc
672,2019-09-09 06:37:34,36.8652,wtceth
680,2019-09-09 06:37:39,24.3158,gntusdt
680,2019-09-09 06:37:39,4283.8125,ltcbtc
683,2019-09-09 06:37:41,1.4135,aeeth
680,2019-09-09 06:37:44,1659.0194,etcusdt
679,2019-09-09 06:37:46,33.5474,zrxusdt
678,2019-09-09 06:37:46,2147.7355,ltcusdt
684,2019-09-09 06:37:52,0.7853,mcoeth
679,2019-09-09 06:37:57,5324.3704,btcusdt
676,2019-09-09 06:37:58,4656.4402,ethbtc
677,2019-09-09 06:38:01,9160.3975,ethusdt
681,2019-09-09 06:38:04,14.9372,gntusdt
681,2019-09-09 06:38:07,1764.5332,ltcbtc
681,2019-09-09 06:38:10,4366.8773,etcusdt
680,2019-09-09 06:38:10,2213.3679,omgusdt
680,2019-09-09 06:38:14,41.309,zrxusdt
673,2019-09-09 06:38:19,45.554,wtceth
679,2019-09-09 06:38:19,4793.9133,ltcusdt
684,2019-09-09 06:38:19,3.8502,aeeth
685,2019-09-09 06:38:31,0.4535,mcoeth
680,2019-09-09 06:38:33,7769.9575,btcusdt
677,2019-09-09 06:38:34,13956.9456,ethbtc
678,2019-09-09 06:38:40,3302.7948,ethusdt
681,2019-09-09 06:38:44,648.4786,omgusdt
682,2019-09-09 06:38:44,2691.4349,ltcbtc
682,2019-09-09 06:38:46,7.2356,gntusdt
674,2019-09-09 06:38:51,34.9573,wtceth
685,2019-09-09 06:38:52,16.3095,aeeth
682,2019-09-09 06:38:53,649.5046,etcusdt
681,2019-09-09 06:38:57,28.1332,zrxusdt
680,2019-09-09 06:38:58,6464.4209,ltcusdt
678,2019-09-09 06:39:01,3453.2157,ethbtc
681,2019-09-09 06:39:04,2019.1638,btcusdt
683,2019-09-09 06:39:10,2044.4066,ltcbtc
686,2019-09-09 06:39:11,0.7789,mcoeth
679,2019-09-09 06:39:11,245.8129,ethusdt
682,2019-09-09 06:39:14,1557.637,omgusdt
686,2019-09-09 06:39:25,17.4832,aeeth
683,2019-09-09 06:39:29,20.8191,gntusdt
683,2019-09-09 06:39:29,3925.3411,etcusdt
675,2019-09-09 06:39:29,57.91,wtceth
682,2019-09-09 06:39:30,52394.3094,btcusdt
687,2019-09-09 06:39:37,0.3803,mcoeth
682,2019-09-09 06:39:38,194.9142,zrxusdt
681,2019-09-09 06:39:40,3477.3739,ltcusdt
680,2019-09-09 06:39:40,6435.4068,ethusdt
679,2019-09-09 06:39:43,15016.724,ethbtc
684,2019-09-09 06:39:46,5075.1172,ltcbtc
683,2019-09-09 06:39:48,2653.4781,omgusdt
684,2019-09-09 06:39:57,20.5908,gntusdt
676,2019-09-09 06:40:05,29.7072,wtceth
683,2019-09-09 06:40:06,16744.1196,btcusdt
687,2019-09-09 06:40:07,7.3895,aeeth
684,2019-09-09 06:40:07,4398.081,etcusdt
683,2019-09-09 06:40:07,140.3947,zrxusdt
688,2019-09-09 06:40:08,1.0009,mcoeth
682,2019-09-09 06:40:17,4329.1609,ltcusdt
680,2019-09-09 06:40:18,8480.1329,ethbtc
684,2019-09-09 06:40:20,2978.5045,omgusdt
681,2019-09-09 06:40:20,1936.6995,ethusdt
685,2019-09-09 06:40:29,263.3412,ltcbtc
688,2019-09-09 06:40:33,13.4579,aeeth
685,2019-09-09 06:40:37,14.9586,gntusdt
689,2019-09-09 06:40:38,0.1029,mcoeth
685,2019-09-09 06:40:43,1218.1637,etcusdt
684,2019-09-09 06:40:47,5741.7615,btcusdt
684,2019-09-09 06:40:47,3.1831,zrxusdt
677,2019-09-09 06:40:48,48.8061,wtceth
682,2019-09-09 06:40:50,16927.9498,ethusdt
681,2019-09-09 06:40:53,4441.5378,ethbtc
686,2019-09-09 06:40:54,2099.1992,ltcbtc
685,2019-09-09 06:40:56,98.454,omgusdt
683,2019-09-09 06:40:57,1008.9672,ltcusdt
689,2019-09-09 06:41:06,4.5357,aeeth
690,2019-09-09 06:41:08,0.4119,mcoeth
686,2019-09-09 06:41:13,1.3773,gntusdt
686,2019-09-09 06:41:21,4205.1198,etcusdt
682,2019-09-09 06:41:22,6583.4043,ethbtc
678,2019-09-09 06:41:23,24.587,wtceth
684,2019-09-09 06:41:26,4169.7945,ltcusdt
685,2019-09-09 06:41:27,207.5458,zrxusdt
687,2019-09-09 06:41:28,3933.3982,ltcbtc
683,2019-09-09 06:41:29,712.4908,ethusdt
685,2019-09-09 06:41:31,21766.8292,btcusdt
686,2019-09-09 06:41:34,3633.0388,omgusdt
690,2019-09-09 06:41:36,11.2007,aeeth
691,2019-09-09 06:41:39,0.9377,mcoeth
687,2019-09-09 06:41:45,14.6359,gntusdt
683,2019-09-09 06:41:48,3056.6158,ethbtc
687,2019-09-09 06:41:54,2636.9544,etcusdt
686,2019-09-09 06:41:56,204.8598,zrxusdt
684,2019-09-09 06:42:02,9780.4782,ethusdt
679,2019-09-09 06:42:02,32.4391,wtceth
691,2019-09-09 06:42:04,12.0948,aeeth
688,2019-09-09 06:42:04,24.2657,ltcbtc
687,2019-09-09 06:42:08,1348.9367,omgusdt
686,2019-09-09 06:42:09,1112.7531,btcusdt
685,2019-09-09 06:42:10,3447.1588,ltcusdt
688,2019-09-09 06:42:20,2742.9067,etcusdt
692,2019-09-09 06:42:22,0.4595,mcoeth
684,2019-09-09 06:42:28,10196.8949,ethbtc
688,2019-09-09 06:42:30,28.9939,gntusdt
685,2019-09-09 06:42:36,15612.7655,ethusdt
687,2019-09-09 06:42:37,121.4862,zrxusdt
686,2019-09-09 06:42:38,282.5313,ltcusdt
689,2019-09-09 06:42:40,1076.1829,ltcbtc
692,2019-09-09 06:42:42,5.4869,aeeth
687,2019-09-09 06:42:45,11722.5141,btcusdt
680,2019-09-09 06:42:45,20.1478,wtceth
688,2019-09-09 06:42:48,202.1024,omgusdt
689,2019-09-09 06:43:00,3979.3525,etcusdt
689,2019-09-09 06:43:00,27.3058,gntusdt
685,2019-09-09 06:43:04,16740.4158,ethbtc
693,2019-09-09 06:43:04,0.7467,mcoeth
690,2019-09-09 06:43:06,1968.2369,ltcbtc
686,2019-09-09 06:43:08,9106.5035,ethusdt
688,2019-09-09 06:43:08,32.69,zrxusdt
687,2019-09-09 06:43:10,1109.1317,ltcusdt
689,2019-09-09 06:43:14,739.9305,omgusdt
693,2019-09-09 06:43:24,4.2336,aeeth
690,2019-09-09 06:43:25,23.5757,gntusdt
688,2019-09-09 06:43:27,14804.327,btcusdt
681,2019-09-09 06:43:30,32.8092,wtceth
694,2019-09-09 06:43:34,0.5192,mcoeth
688,2019-09-09 06:43:36,6289.8161,ltcusdt
690,2019-09-09 06:43:40,3884.6346,etcusdt
686,2019-09-09 06:43:41,18335.6318,ethbtc
691,2019-09-09 06:43:43,2127.8749,ltcbtc
689,2019-09-09 06:43:50,173.1619,zrxusdt
687,2019-09-09 06:43:52,16813.3539,ethusdt
694,2019-09-09 06:43:53,9.6314,aeeth
690,2019-09-09 06:43:58,273.3742,omgusdt
691,2019-09-09 06:44:00,16.3079,gntusdt
695,2019-09-09 06:44:04,0.4835,mcoeth
682,2019-09-09 06:44:06,67.5901,wtceth
689,2019-09-09 06:44:08,31671.1104,btcusdt
689,2019-09-09 06:44:09,641.9576,ltcusdt
692,2019-09-09 06:44:14,1379.5711,ltcbtc
691,2019-09-09 06:44:19,3454.1511,etcusdt
687,2019-09-09 06:44:19,6250.2172,ethbtc
695,2019-09-09 06:44:19,3.7881,aeeth
690,2019-09-09 06:44:19,73.0054,zrxusdt
688,2019-09-09 06:44:27,12580.7031,ethusdt
696,2019-09-09 06:44:31,0.5089,mcoeth
692,2019-09-09 06:44:32,34.7299,gntusdt
691,2019-09-09 06:44:33,312.4662,omgusdt
690,2019-09-09 06:44:39,13591.3431,btcusdt
696,2019-09-09 06:44:46,18.3467,aeeth
690,2019-09-09 06:44:48,1371.8173,ltcusdt
692,2019-09-09 06:44:48,4443.0024,etcusdt
683,2019-09-09 06:44:50,64.7923,wtceth
688,2019-09-09 06:44:50,15091.1852,ethbtc
693,2019-09-09 06:44:53,1095.1286,ltcbtc
691,2019-09-09 06:44:54,81.1768,zrxusdt
692,2019-09-09 06:44:58,2922.6857,omgusdt
693,2019-09-09 06:44:59,17.1119,gntusdt
697,2019-09-09 06:45:03,0.9941,mcoeth
689,2019-09-09 06:45:07,4543.0465,ethusdt
692,2019-09-09 06:45:20,54.9049,zrxusdt
697,2019-09-09 06:45:20,1.1598,aeeth
691,2019-09-09 06:45:20,34296.345,btcusdt
693,2019-09-09 06:45:21,881.511,etcusdt
684,2019-09-09 06:45:23,38.5377,wtceth
689,2019-09-09 06:45:24,18712.2378,ethbtc
691,2019-09-09 06:45:30,3976.5227,ltcusdt
694,2019-09-09 06:45:34,3428.1938,ltcbtc
694,2019-09-09 06:45:35,17.9735,gntusdt
690,2019-09-09 06:45:41,3793.9041,ethusdt
693,2019-09-09 06:45:42,1667.7612,omgusdt
694,2019-09-09 06:45:47,2456.9525,etcusdt
698,2019-09-09 06:45:47,0.7254,mcoeth
692,2019-09-09 06:45:50,38992.0541,btcusdt
693,2019-09-09 06:45:54,107.8439,zrxusdt
690,2019-09-09 06:45:54,2896.1654,ethbtc
692,2019-09-09 06:45:56,2908.9554,ltcusdt
698,2019-09-09 06:45:58,2.3622,aeeth
685,2019-09-09 06:46:04,57.6047,wtceth
695,2019-09-09 06:46:14,1834.1818,ltcbtc
699,2019-09-09 06:46:15,0.1436,mcoeth
695,2019-09-09 06:46:20,21.2042,gntusdt
694,2019-09-09 06:46:21,2127.9035,omgusdt
691,2019-09-09 06:46:22,10789.5712,ethusdt
693,2019-09-09 06:46:26,16989.4062,btcusdt
695,2019-09-09 06:46:27,2746.3076,etcusdt
691,2019-09-09 06:46:28,8824.791,ethbtc
694,2019-09-09 06:46:31,93.6095,zrxusdt
699,2019-09-09 06:46:37,8.5888,aeeth
693,2019-09-09 06:46:38,4498.5951,ltcusdt
700,2019-09-09 06:46:44,0.584,mcoeth
695,2019-09-09 06:46:47,933.8914,omgusdt
686,2019-09-09 06:46:48,2.7492,wtceth
696,2019-09-09 06:46:49,588.6825,ltcbtc
692,2019-09-09 06:46:53,16169.8537,ethusdt
694,2019-09-09 06:46:59,27085.5596,btcusdt
692,2019-09-09 06:47:01,15253.7292,ethbtc
696,2019-09-09 06:47:02,1137.9949,etcusdt
696,2019-09-09 06:47:02,31.8049,gntusdt
695,2019-09-09 06:47:09,190.3114,zrxusdt
696,2019-09-09 06:47:13,658.2595,omgusdt
700,2019-09-09 06:47:17,11.9916,aeeth
701,2019-09-09 06:47:17,0.7012,mcoeth
694,2019-09-09 06:47:23,6468.6626,ltcusdt
687,2019-09-09 06:47:23,16.4528,wtceth
697,2019-09-09 06:47:28,26.0166,gntusdt
695,2019-09-09 06:47:29,41408.6793,btcusdt
697,2019-09-09 06:47:29,4124.4143,ltcbtc
693,2019-09-09 06:47:33,15140.3853,ethusdt
696,2019-09-09 06:47:36,38.701,zrxusdt
697,2019-09-09 06:47:36,658.1382,etcusdt
693,2019-09-09 06:47:42,1012.0579,ethbtc
697,2019-09-09 06:47:48,2191.9402,omgusdt
701,2019-09-09 06:47:54,17.9232,aeeth
695,2019-09-09 06:47:56,933.3842,ltcusdt
698,2019-09-09 06:47:59,5102.5961,ltcbtc
702,2019-09-09 06:47:59,0.61,mcoeth
698,2019-09-09 06:48:03,1516.4838,etcusdt
688,2019-09-09 06:48:04,56.9106,wtceth
696,2019-09-09 06:48:05,15158.377,btcusdt
698,2019-09-09 06:48:08,24.2945,gntusdt
697,2019-09-09 06:48:10,47.468,zrxusdt
694,2019-09-09 06:48:12,4406.759,ethbtc
694,2019-09-09 06:48:13,13990.4712,ethusdt
698,2019-09-09 06:48:25,2073.4234,omgusdt
699,2019-09-09 06:48:33,17.9502,gntusdt
696,2019-09-09 06:48:34,5584.7457,ltcusdt
699,2019-09-09 06:48:34,3341.9021,ltcbtc
689,2019-09-09 06:48:36,54.7871,wtceth
702,2019-09-09 06:48:39,6.6606,aeeth
703,2019-09-09 06:48:41,0.0368,mcoeth
697,2019-09-09 06:48:42,51285.7491,btcusdt
699,2019-09-09 06:48:48,84.9956,etcusdt
695,2019-09-09 06:48:54,1205.835,ethbtc
698,2019-09-09 06:48:55,162.0416,zrxusdt
695,2019-09-09 06:48:56,13703.0637,ethusdt
699,2019-09-09 06:48:56,2978.0274,omgusdt
700,2019-09-09 06:48:58,6.6809,gntusdt
703,2019-09-09 06:49:06,7.4916,aeeth
700,2019-09-09 06:49:06,902.9457,ltcbtc
704,2019-09-09 06:49:06,0.7404,mcoeth
698,2019-09-09 06:49:07,16773.5106,btcusdt
690,2019-09-09 06:49:12,41.3394,wtceth
697,2019-09-09 06:49:16,6120.858,ltcusdt
696,2019-09-09 06:49:21,5941.948,ethbtc
696,2019-09-09 06:49:22,5842.4192,ethusdt
701,2019-09-09 06:49:24,27.5739,gntusdt
700,2019-09-09 06:49:26,1505.2459,etcusdt
699,2019-09-09 06:49:27,161.7791,zrxusdt
700,2019-09-09 06:49:31,3402.9077,omgusdt
705,2019-09-09 06:49:33,0.8778,mcoeth
701,2019-09-09 06:49:37,4314.5165,ltcbtc
691,2019-09-09 06:49:46,69.5454,wtceth
702,2019-09-09 06:49:50,0.7663,gntusdt
704,2019-09-09 06:49:50,15.7373,aeeth
699,2019-09-09 06:49:51,46744.5145,btcusdt
697,2019-09-09 06:49:54,16405.5656,ethusdt
698,2019-09-09 06:49:58,4821.7345,ltcusdt
697,2019-09-09 06:50:00,2067.231,ethbtc
700,2019-09-09 06:50:04,32.6915,zrxusdt
702,2019-09-09 06:50:08,2658.3443,ltcbtc
701,2019-09-09 06:50:09,559.0399,etcusdt
706,2019-09-09 06:50:11,0.5732,mcoeth
692,2019-09-09 06:50:13,24.3952,wtceth
703,2019-09-09 06:50:15,23.0306,gntusdt
701,2019-09-09 06:50:16,3472.3198,omgusdt
700,2019-09-09 06:50:17,9489.7407,btcusdt
705,2019-09-09 06:50:19,10.5121,aeeth
698,2019-09-09 06:50:26,8684.4395,ethusdt
703,2019-09-09 06:50:33,2033.0388,ltcbtc
698,2019-09-09 06:50:38,3831.48,ethbtc
699,2019-09-09 06:50:41,2549.4781,ltcusdt
701,2019-09-09 06:50:46,29769.5938,btcusdt
702,2019-09-09 06:50:46,2978.4372,etcusdt
701,2019-09-09 06:50:48,181.4531,zrxusdt
707,2019-09-09 06:50:49,0.2244,mcoeth
693,2019-09-09 06:50:50,63.2946,wtceth
702,2019-09-09 06:50:50,3556.7582,omgusdt
704,2019-09-09 06:50:52,18.0544,gntusdt
706,2019-09-09 06:50:59,5.7894,aeeth
699,2019-09-09 06:51:02,15566.3822,ethusdt
704,2019-09-09 06:51:05,272.1313,ltcbtc
702,2019-09-09 06:51:19,86.2412,zrxusdt
694,2019-09-09 06:51:19,17.9128,wtceth
699,2019-09-09 06:51:22,889.3247,ethbtc
700,2019-09-09 06:51:23,4933.0178,ltcusdt
708,2019-09-09 06:51:24,0.7795,mcoeth
702,2019-09-09 06:51:25,36736.9588,btcusdt
703,2019-09-09 06:51:28,2109.5443,etcusdt
705,2019-09-09 06:51:30,2139.3968,ltcbtc
703,2019-09-09 06:51:33,2687.1894,omgusdt
705,2019-09-09 06:51:37,15.1117,gntusdt
707,2019-09-09 06:51:44,1.8404,aeeth
700,2019-09-09 06:51:46,6364.1969,ethusdt
703,2019-09-09 06:51:50,4578.2671,btcusdt
701,2019-09-09 06:51:52,4299.2476,ltcusdt
703,2019-09-09 06:51:53,94.3131,zrxusdt
695,2019-09-09 06:51:55,36.1775,wtceth
700,2019-09-09 06:51:58,7171.4226,ethbtc
704,2019-09-09 06:52:01,3940.5025,etcusdt
709,2019-09-09 06:52:07,0.3763,mcoeth
704,2019-09-09 06:52:09,1386.4064,omgusdt
706,2019-09-09 06:52:09,4584.0198,ltcbtc
706,2019-09-09 06:52:18,19.6326,gntusdt
701,2019-09-09 06:52:20,621.4072,ethusdt
708,2019-09-09 06:52:23,1.066,aeeth
704,2019-09-09 06:52:25,33838.1379,btcusdt
696,2019-09-09 06:52:25,21.1727,wtceth
702,2019-09-09 06:52:34,7036.0654,ltcusdt
704,2019-09-09 06:52:35,43.3807,zrxusdt
705,2019-09-09 06:52:37,2898.4929,omgusdt
701,2019-09-09 06:52:39,3415.6475,ethbtc
707,2019-09-09 06:52:44,22.7288,gntusdt
705,2019-09-09 06:52:46,1611.4877,etcusdt
707,2019-09-09 06:52:50,4292.7626,ltcbtc
710,2019-09-09 06:52:52,0.5348,mcoeth
702,2019-09-09 06:52:53,7418.3556,ethusdt
709,2019-09-09 06:53:02,16.9252,aeeth
697,2019-09-09 06:53:06,47.3787,wtceth
703,2019-09-09 06:53:06,2374.7815,ltcusdt
702,2019-09-09 06:53:07,4239.6432,ethbtc
705,2019-09-09 06:53:08,31010.9176,btcusdt
708,2019-09-09 06:53:11,16.3357,gntusdt
705,2019-09-09 06:53:13,120.5532,zrxusdt
706,2019-09-09 06:53:16,2820.2303,omgusdt
708,2019-09-09 06:53:17,3563.7171,ltcbtc
703,2019-09-09 06:53:20,788.455,ethusdt
706,2019-09-09 06:53:23,603.4807,etcusdt
711,2019-09-09 06:53:24,0.2503,mcoeth
698,2019-09-09 06:53:37,41.8541,wtceth
704,2019-09-09 06:53:40,1076.6918,ltcusdt
709,2019-09-09 06:53:45,26.0315,gntusdt
710,2019-09-09 06:53:45,7.5009,aeeth
709,2019-09-09 06:53:47,3236.4265,ltcbtc
706,2019-09-09 06:53:48,7.0628,zrxusdt
707,2019-09-09 06:53:49,5.0635,omgusdt
703,2019-09-09 06:53:49,12979.8882,ethbtc
706,2019-09-09 06:53:50,22329.1928,btcusdt
704,2019-09-09 06:53:51,8518.0668,ethusdt
712,2019-09-09 06:53:53,0.6716,mcoeth
707,2019-09-09 06:54:03,1936.2724,etcusdt
707,2019-09-09 06:54:15,50619.3405,btcusdt
699,2019-09-09 06:54:19,25.8037,wtceth
705,2019-09-09 06:54:20,2597.8104,ltcusdt
710,2019-09-09 06:54:22,708.275,ltcbtc
710,2019-09-09 06:54:24,4.6683,gntusdt
708,2019-09-09 06:54:24,2532.5353,omgusdt
704,2019-09-09 06:54:24,4212.2514,ethbtc
711,2019-09-09 06:54:29,18.941,aeeth
707,2019-09-09 06:54:33,32.8766,zrxusdt
713,2019-09-09 06:54:34,1.0286,mcoeth
705,2019-09-09 06:54:36,12652.4865,ethusdt
708,2019-09-09 06:54:37,4681.5757,etcusdt
708,2019-09-09 06:54:44,48381.9728,btcusdt
706,2019-09-09 06:54:45,2155.251,ltcusdt
700,2019-09-09 06:54:50,32.2231,wtceth
708,2019-09-09 06:55:00,28.1201,zrxusdt
711,2019-09-09 06:55:02,110.6979,ltcbtc
712,2019-09-09 06:55:02,9.1619,aeeth
711,2019-09-09 06:55:06,12.4832,gntusdt
705,2019-09-09 06:55:09,5413.9237,ethbtc
709,2019-09-09 06:55:09,3436.0676,omgusdt
709,2019-09-09 06:55:11,184.4186,etcusdt
706,2019-09-09 06:55:13,1892.4707,ethusdt
714,2019-09-09 06:55:19,0.7895,mcoeth
701,2019-09-09 06:55:20,60.3176,wtceth
707,2019-09-09 06:55:26,5470.4092,ltcusdt
709,2019-09-09 06:55:26,14086.0661,btcusdt
709,2019-09-09 06:55:26,132.5548,zrxusdt
712,2019-09-09 06:55:28,3311.4701,ltcbtc
712,2019-09-09 06:55:31,10.6121,gntusdt
706,2019-09-09 06:55:38,15615.0687,ethbtc
713,2019-09-09 06:55:41,6.7566,aeeth
710,2019-09-09 06:55:44,1822.8744,etcusdt
715,2019-09-09 06:55:48,0.5582,mcoeth
707,2019-09-09 06:55:51,11308.562,ethusdt
710,2019-09-09 06:55:54,2028.7896,omgusdt
702,2019-09-09 06:55:55,37.9862,wtceth
713,2019-09-09 06:55:57,32.456,gntusdt
713,2019-09-09 06:56:01,4286.1937,ltcbtc
710,2019-09-09 06:56:08,134.1525,zrxusdt
710,2019-09-09 06:56:10,14164.416,btcusdt
708,2019-09-09 06:56:10,6118.2676,ltcusdt
711,2019-09-09 06:56:15,3909.0143,etcusdt
707,2019-09-09 06:56:15,8496.5831,ethbtc
714,2019-09-09 06:56:25,2.8756,gntusdt
714,2019-09-09 06:56:25,8.2973,aeeth
716,2019-09-09 06:56:29,0.2207,mcoeth
703,2019-09-09 06:56:29,0.7045,wtceth
708,2019-09-09 06:56:35,16517.402,ethusdt
711,2019-09-09 06:56:37,2230.1613,omgusdt
711,2019-09-09 06:56:46,14225.3767,btcusdt
714,2019-09-09 06:56:46,1093.9243,ltcbtc
712,2019-09-09 06:56:50,3175.3489,etcusdt
711,2019-09-09 06:56:51,40.9881,zrxusdt
709,2019-09-09 06:56:54,1297.0401,ltcusdt
708,2019-09-09 06:56:57,1620.1205,ethbtc
709,2019-09-09 06:57:04,4647.1582,ethusdt
715,2019-09-09 06:57:05,10.5964,aeeth
715,2019-09-09 06:57:05,3.2518,gntusdt
712,2019-09-09 06:57:10,3288.4559,omgusdt
717,2019-09-09 06:57:12,0.5728,mcoeth
704,2019-09-09 06:57:12,10.9027,wtceth
712,2019-09-09 06:57:15,20962.1928,btcusdt
713,2019-09-09 06:57:18,3510.5839,etcusdt
709,2019-09-09 06:57:22,5056.8991,ethbtc
712,2019-09-09 06:57:25,167.2234,zrxusdt
715,2019-09-09 06:57:29,2786.6786,ltcbtc
716,2019-09-09 06:57:30,16.8166,aeeth
710,2019-09-09 06:57:37,5667.401,ltcusdt
705,2019-09-09 06:57:43,68.5702,wtceth
714,2019-09-09 06:57:43,700.492,etcusdt
713,2019-09-09 06:57:43,18202.566,btcusdt
713,2019-09-09 06:57:46,820.3956,omgusdt
716,2019-09-09 06:57:47,11.3906,gntusdt
710,2019-09-09 06:57:47,1711.8817,ethusdt
710,2019-09-09 06:57:48,13840.5768,ethbtc
716,2019-09-09 06:57:54,4552.8684,ltcbtc
718,2019-09-09 06:57:55,0.885,mcoeth
713,2019-09-09 06:58:10,166.3132,zrxusdt
706,2019-09-09 06:58:13,1.2898,wtceth
717,2019-09-09 06:58:15,10.7104,aeeth
715,2019-09-09 06:58:15,414.5666,etcusdt
711,2019-09-09 06:58:16,7031.6373,ethusdt
711,2019-09-09 06:58:18,6070.3052,ltcusdt
714,2019-09-09 06:58:19,3575.2991,omgusdt
711,2019-09-09 06:58:19,4155.2674,ethbtc
719,2019-09-09 06:58:20,0.4504,mcoeth
714,2019-09-09 06:58:27,13767.8623,btcusdt
717,2019-09-09 06:58:27,4.5954,gntusdt
717,2019-09-09 06:58:27,1070.5729,ltcbtc
712,2019-09-09 06:58:44,6418.9899,ethbtc
714,2019-09-09 06:58:45,64.4355,zrxusdt
720,2019-09-09 06:58:52,0.7644,mcoeth
718,2019-09-09 06:58:53,21.5376,gntusdt
712,2019-09-09 06:58:53,539.7998,ltcusdt
716,2019-09-09 06:58:53,3314.9351,etcusdt
712,2019-09-09 06:58:56,15920.6112,ethusdt
707,2019-09-09 06:58:57,58.9726,wtceth
718,2019-09-09 06:58:57,3.3064,aeeth
715,2019-09-09 06:59:01,56536.225,btcusdt
715,2019-09-09 06:59:04,188.5677,omgusdt
718,2019-09-09 06:59:09,1759.4647,ltcbtc
715,2019-09-09 06:59:13,39.8724,zrxusdt
719,2019-09-09 06:59:19,12.35,gntusdt
708,2019-09-09 06:59:25,6.5491,wtceth
713,2019-09-09 06:59:28,13169.9069,ethbtc
721,2019-09-09 06:59:29,0.6349,mcoeth
713,2019-09-09 06:59:30,6883.1626,ltcusdt
713,2019-09-09 06:59:37,6759.804,ethusdt
717,2019-09-09 06:59:37,1585.9949,etcusdt
719,2019-09-09 06:59:39,10.1245,aeeth
716,2019-09-09 06:59:44,424.4162,omgusdt
719,2019-09-09 06:59:45,478.2143,ltcbtc
716,2019-09-09 06:59:45,46465.5133,btcusdt
720,2019-09-09 06:59:49,3.8228,gntusdt
716,2019-09-09 06:59:56,53.3158,zrxusdt
714,2019-09-09 06:59:56,16354.7248,ethbtc
722,2019-09-09 07:00:00,0.0582,mcoeth
709,2019-09-09 07:00:00,44.8939,wtceth
721,2019-09-09 07:00:26,6.3673,gntusdt
717,2019-09-09 07:00:26,18087.5121,btcusdt
714,2019-09-09 07:00:29,1534.4295,ethusdt
715,2019-09-09 07:00:31,9480.0105,ethbtc
720,2019-09-09 07:00:32,4490.123,ltcbtc
718,2019-09-09 07:00:34,1729.7652,etcusdt
710,2019-09-09 07:00:36,22.6206,wtceth
717,2019-09-09 07:00:38,1766.4133,omgusdt
717,2019-09-09 07:00:38,155.0564,zrxusdt
720,2019-09-09 07:00:43,9.9052,aeeth
714,2019-09-09 07:00:45,5042.3911,ltcusdt
723,2019-09-09 07:00:45,1.2122,mcoeth
716,2019-09-09 07:00:58,2525.4709,ethbtc
722,2019-09-09 07:01:02,23.466,gntusdt
715,2019-09-09 07:01:03,10531.5658,ethusdt
719,2019-09-09 07:01:10,1474.6034,etcusdt
718,2019-09-09 07:01:10,16528.1732,btcusdt
711,2019-09-09 07:01:10,43.5283,wtceth
721,2019-09-09 07:01:16,3912.9442,ltcbtc
721,2019-09-09 07:01:22,9.1852,aeeth
718,2019-09-09 07:01:23,2689.0049,omgusdt
715,2019-09-09 07:01:23,4821.2328,ltcusdt
718,2019-09-09 07:01:23,4.906,zrxusdt
724,2019-09-09 07:01:25,0.2564,mcoeth
717,2019-09-09 07:01:25,8560.1475,ethbtc
716,2019-09-09 07:01:34,14610.163,ethusdt
719,2019-09-09 07:01:41,15996.4152,btcusdt
720,2019-09-09 07:01:43,1476.2377,etcusdt
723,2019-09-09 07:01:47,12.7606,gntusdt
719,2019-09-09 07:01:48,146.2265,zrxusdt
722,2019-09-09 07:01:49,13.9269,aeeth
712,2019-09-09 07:01:54,7.9773,wtceth
725,2019-09-09 07:01:58,1.3202,mcoeth
722,2019-09-09 07:01:58,5557.4048,ltcbtc
719,2019-09-09 07:02:01,2473.6771,omgusdt
716,2019-09-09 07:02:03,1765.4963,ltcusdt
718,2019-09-09 07:02:03,10797.0459,ethbtc
720,2019-09-09 07:02:07,57241.7532,btcusdt
721,2019-09-09 07:02:11,2347.0756,etcusdt
724,2019-09-09 07:02:14,13.35,gntusdt
717,2019-09-09 07:02:14,34.2005,ethusdt
723,2019-09-09 07:02:18,11.6362,aeeth
713,2019-09-09 07:02:26,18.615,wtceth
723,2019-09-09 07:02:27,5539.5645,ltcbtc
719,2019-09-09 07:02:33,8791.1873,ethbtc
720,2019-09-09 07:02:33,177.1796,zrxusdt
721,2019-09-09 07:02:38,59505.5543,btcusdt
722,2019-09-09 07:02:38,2287.4083,etcusdt
720,2019-09-09 07:02:38,107.2474,omgusdt
726,2019-09-09 07:02:38,0.4634,mcoeth
717,2019-09-09 07:02:39,5455.9402,ltcusdt
718,2019-09-09 07:02:43,3082.592,ethusdt
724,2019-09-09 07:02:44,2.2223,aeeth
725,2019-09-09 07:02:48,13.67,gntusdt
724,2019-09-09 07:02:58,1738.9361,ltcbtc
721,2019-09-09 07:03:00,127.8787,zrxusdt
727,2019-09-09 07:03:04,0.0977,mcoeth
714,2019-09-09 07:03:05,12.6587,wtceth
722,2019-09-09 07:03:08,16558.5047,btcusdt
720,2019-09-09 07:03:12,2367.4572,ethbtc
718,2019-09-09 07:03:16,4620.9865,ltcusdt
723,2019-09-09 07:03:21,2092.3404,etcusdt
721,2019-09-09 07:03:22,4383.6433,omgusdt
725,2019-09-09 07:03:23,10.0047,aeeth
726,2019-09-09 07:03:24,10.0638,gntusdt
725,2019-09-09 07:03:25,2563.502,ltcbtc
719,2019-09-09 07:03:28,1031.9927,ethusdt
715,2019-09-09 07:03:33,68.659,wtceth
722,2019-09-09 07:03:37,26.2369,zrxusdt
723,2019-09-09 07:03:38,24205.2324,btcusdt
728,2019-09-09 07:03:39,0.9483,mcoeth
719,2019-09-09 07:03:47,349.834,ltcusdt
722,2019-09-09 07:03:48,574.7024,omgusdt
726,2019-09-09 07:03:50,595.2969,ltcbtc
721,2019-09-09 07:03:52,2514.5147,ethbtc
726,2019-09-09 07:03:56,16.0569,aeeth
724,2019-09-09 07:03:57,205.2763,etcusdt
727,2019-09-09 07:03:58,10.571,gntusdt
720,2019-09-09 07:04:03,12336.6414,ethusdt
729,2019-09-09 07:04:11,0.7702,mcoeth
716,2019-09-09 07:04:14,56.5072,wtceth
723,2019-09-09 07:04:15,2994.7613,omgusdt
727,2019-09-09 07:04:17,4542.4415,ltcbtc
723,2019-09-09 07:04:18,53.373,zrxusdt
724,2019-09-09 07:04:22,9100.0697,btcusdt
722,2019-09-09 07:04:23,3156.8151,ethbtc
728,2019-09-09 07:04:26,25.5377,gntusdt
727,2019-09-09 07:04:29,10.7212,aeeth
721,2019-09-09 07:04:29,9492.6728,ethusdt
720,2019-09-09 07:04:32,2377.7353,ltcusdt
730,2019-09-09 07:04:36,0.1069,mcoeth
725,2019-09-09 07:04:41,2749.1747,etcusdt
724,2019-09-09 07:04:50,564.3511,omgusdt
724,2019-09-09 07:04:51,124.1377,zrxusdt
725,2019-09-09 07:04:55,29976.3661,btcusdt
722,2019-09-09 07:04:56,6151.9906,ethusdt
723,2019-09-09 07:04:56,11254.5702,ethbtc
717,2019-09-09 07:04:57,58.5928,wtceth
728,2019-09-09 07:05:02,3667.3671,ltcbtc
721,2019-09-09 07:05:05,3306.911,ltcusdt
729,2019-09-09 07:05:06,23.4451,gntusdt
731,2019-09-09 07:05:13,0.5387,mcoeth
728,2019-09-09 07:05:14,9.2873,aeeth
725,2019-09-09 07:05:18,186.7866,zrxusdt
725,2019-09-09 07:05:21,3556.1246,omgusdt
726,2019-09-09 07:05:26,3385.6636,etcusdt
726,2019-09-09 07:05:27,8121.8673,btcusdt
718,2019-09-09 07:05:30,38.1395,wtceth
724,2019-09-09 07:05:33,4589.7148,ethbtc
723,2019-09-09 07:05:35,15707.6677,ethusdt
729,2019-09-09 07:05:41,1108.0656,ltcbtc
732,2019-09-09 07:05:43,1.0542,mcoeth
722,2019-09-09 07:05:49,2785.9978,ltcusdt
730,2019-09-09 07:05:51,2.5348,gntusdt
727,2019-09-09 07:05:56,32458.5919,btcusdt
729,2019-09-09 07:05:59,2.984,aeeth
726,2019-09-09 07:06:00,41.861,zrxusdt
726,2019-09-09 07:06:00,1594.6188,omgusdt
725,2019-09-09 07:06:04,777.9994,ethbtc
727,2019-09-09 07:06:04,27.6184,etcusdt
719,2019-09-09 07:06:07,22.5432,wtceth
733,2019-09-09 07:06:12,0.0703,mcoeth
724,2019-09-09 07:06:19,961.3622,ethusdt
728,2019-09-09 07:06:21,4807.7418,btcusdt
730,2019-09-09 07:06:21,2750.6644,ltcbtc
723,2019-09-09 07:06:25,3290.8261,ltcusdt
727,2019-09-09 07:06:31,72.2361,zrxusdt
730,2019-09-09 07:06:34,3.323,aeeth
731,2019-09-09 07:06:35,22.6788,gntusdt
728,2019-09-09 07:06:35,2962.0095,etcusdt
727,2019-09-09 07:06:43,2600.7202,omgusdt
720,2019-09-09 07:06:44,20.9444,wtceth
726,2019-09-09 07:06:44,11635.1131,ethbtc
725,2019-09-09 07:06:49,14417.1885,ethusdt
734,2019-09-09 07:06:55,0.6231,mcoeth
728,2019-09-09 07:06:56,121.6436,zrxusdt
731,2019-09-09 07:06:58,1615.8023,ltcbtc
732,2019-09-09 07:07:00,19.9896,gntusdt
729,2019-09-09 07:07:01,30023.3213,btcusdt
724,2019-09-09 07:07:02,1502.8321,ltcusdt
729,2019-09-09 07:07:02,2804.6089,etcusdt
731,2019-09-09 07:07:02,16.599,aeeth
728,2019-09-09 07:07:19,1047.7019,omgusdt
735,2019-09-09 07:07:21,0.4291,mcoeth
726,2019-09-09 07:07:22,6030.5671,ethusdt
727,2019-09-09 07:07:24,3954.1963,ethbtc
730,2019-09-09 07:07:26,48214.9327,btcusdt
732,2019-09-09 07:07:28,2.8515,aeeth
721,2019-09-09 07:07:29,43.4752,wtceth
732,2019-09-09 07:07:34,4403.8211,ltcbtc
729,2019-09-09 07:07:35,50.9516,zrxusdt
730,2019-09-09 07:07:37,712.9686,etcusdt
733,2019-09-09 07:07:42,3.7586,gntusdt
725,2019-09-09 07:07:42,4760.8704,ltcusdt
728,2019-09-09 07:07:53,11072.077,ethbtc
736,2019-09-09 07:07:54,0.5219,mcoeth
722,2019-09-09 07:07:54,66.515,wtceth
731,2019-09-09 07:07:57,48815.2283,btcusdt
729,2019-09-09 07:08:00,377.7232,omgusdt
731,2019-09-09 07:08:02,628.3651,etcusdt
727,2019-09-09 07:08:02,13573.2035,ethusdt
733,2019-09-09 07:08:05,14.8095,aeeth
730,2019-09-09 07:08:10,124.0018,zrxusdt
733,2019-09-09 07:08:14,485.8265,ltcbtc
726,2019-09-09 07:08:18,939.0068,ltcusdt
734,2019-09-09 07:08:18,3.3839,gntusdt
729,2019-09-09 07:08:25,11717.1177,ethbtc
723,2019-09-09 07:08:28,36.5442,wtceth
732,2019-09-09 07:08:33,30823.1865,btcusdt
734,2019-09-09 07:08:37,16.8455,aeeth
737,2019-09-09 07:08:37,0.916,mcoeth
728,2019-09-09 07:08:40,7078.2784,ethusdt
731,2019-09-09 07:08:42,174.9716,zrxusdt
730,2019-09-09 07:08:43,1869.7078,omgusdt
735,2019-09-09 07:08:45,11.6629,gntusdt
732,2019-09-09 07:08:47,2050.6242,etcusdt
727,2019-09-09 07:08:52,4537.5027,ltcusdt
734,2019-09-09 07:08:55,5621.1607,ltcbtc
724,2019-09-09 07:08:57,20.6793,wtceth
733,2019-09-09 07:09:07,32717.2788,btcusdt
735,2019-09-09 07:09:08,0.7975,aeeth
730,2019-09-09 07:09:10,4117.9035,ethbtc
738,2019-09-09 07:09:12,0.3533,mcoeth
736,2019-09-09 07:09:13,5.6759,gntusdt
732,2019-09-09 07:09:14,63.1631,zrxusdt
731,2019-09-09 07:09:15,1637.5089,omgusdt
728,2019-09-09 07:09:18,4414.6298,ltcusdt
729,2019-09-09 07:09:20,8376.9646,ethusdt
733,2019-09-09 07:09:25,2866.3852,etcusdt
725,2019-09-09 07:09:31,41.8767,wtceth
735,2019-09-09 07:09:37,1849.0171,ltcbtc
737,2019-09-09 07:09:40,1.2475,gntusdt
731,2019-09-09 07:09:41,3622.0541,ethbtc
734,2019-09-09 07:09:46,23107.94,btcusdt
739,2019-09-09 07:09:48,1.2509,mcoeth
730,2019-09-09 07:09:51,3261.8458,ethusdt
736,2019-09-09 07:09:52,10.5216,aeeth
732,2019-09-09 07:09:57,138.3405,omgusdt
733,2019-09-09 07:09:57,186.8462,zrxusdt
729,2019-09-09 07:09:59,2968.2924,ltcusdt
726,2019-09-09 07:10:00,44.8033,wtceth
734,2019-09-09 07:10:06,1618.4994,etcusdt
736,2019-09-09 07:10:17,2917.0913,ltcbtc
740,2019-09-09 07:10:18,1.2176,mcoeth
732,2019-09-09 07:10:21,11192.0199,ethbtc
738,2019-09-09 07:10:24,22.3814,gntusdt
731,2019-09-09 07:10:26,6126.0243,ethusdt
727,2019-09-09 07:10:27,3.065,wtceth
734,2019-09-09 07:10:27,45.8726,zrxusdt
735,2019-09-09 07:10:29,28494.6261,btcusdt
730,2019-09-09 07:10:30,2161.0817,ltcusdt
737,2019-09-09 07:10:31,1.9505,aeeth
733,2019-09-09 07:10:41,914.4538,omgusdt
737,2019-09-09 07:10:47,4116.0439,ltcbtc
741,2019-09-09 07:10:49,0.176,mcoeth
735,2019-09-09 07:10:50,1220.1655,etcusdt
731,2019-09-09 07:10:55,5090.0668,ltcusdt
728,2019-09-09 07:10:57,13.4403,wtceth
732,2019-09-09 07:10:58,3577.3328,ethusdt
739,2019-09-09 07:11:01,6.213,gntusdt
733,2019-09-09 07:11:06,8438.2958,ethbtc
735,2019-09-09 07:11:06,54.3466,zrxusdt
738,2019-09-09 07:11:10,2.8415,aeeth
734,2019-09-09 07:11:12,3876.5539,omgusdt
738,2019-09-09 07:11:13,1426.2313,ltcbtc
736,2019-09-09 07:11:13,10448.2116,btcusdt
732,2019-09-09 07:11:20,5320.7666,ltcusdt
736,2019-09-09 07:11:26,2378.3685,etcusdt
742,2019-09-09 07:11:30,1.1477,mcoeth
729,2019-09-09 07:11:31,52.8849,wtceth
734,2019-09-09 07:11:32,7885.1309,ethbtc
733,2019-09-09 07:11:36,12983.562,ethusdt
739,2019-09-09 07:11:42,2413.565,ltcbtc
735,2019-09-09 07:11:45,434.8162,omgusdt
737,2019-09-09 07:11:45,59405.2848,btcusdt
740,2019-09-09 07:11:46,1.3875,gntusdt
736,2019-09-09 07:11:47,88.7495,zrxusdt
739,2019-09-09 07:11:54,12.0305,aeeth
730,2019-09-09 07:11:59,34.7757,wtceth
743,2019-09-09 07:11:59,1.1128,mcoeth
733,2019-09-09 07:12:00,3937.5109,ltcusdt
737,2019-09-09 07:12:00,2468.8885,etcusdt
740,2019-09-09 07:12:08,3985.7387,ltcbtc
735,2019-09-09 07:12:11,10707.4178,ethbtc
741,2019-09-09 07:12:12,11.9039,gntusdt
734,2019-09-09 07:12:15,5322.0124,ethusdt
738,2019-09-09 07:12:25,277.5799,etcusdt
738,2019-09-09 07:12:27,29361.7078,btcusdt
737,2019-09-09 07:12:30,166.0137,zrxusdt
736,2019-09-09 07:12:30,2384.4549,omgusdt
734,2019-09-09 07:12:32,5519.3789,ltcusdt
740,2019-09-09 07:12:37,5.0781,aeeth
731,2019-09-09 07:12:37,15.499,wtceth
735,2019-09-09 07:12:42,7013.4252,ethusdt
744,2019-09-09 07:12:43,0.6118,mcoeth
736,2019-09-09 07:12:49,7288.1721,ethbtc
739,2019-09-09 07:12:50,606.0149,etcusdt
741,2019-09-09 07:12:51,1079.9028,ltcbtc
742,2019-09-09 07:12:54,6.5655,gntusdt
737,2019-09-09 07:12:55,3754.1235,omgusdt
739,2019-09-09 07:12:57,51958.5319,btcusdt
732,2019-09-09 07:13:03,13.9777,wtceth
745,2019-09-09 07:13:10,1.1461,mcoeth
738,2019-09-09 07:13:13,73.1888,zrxusdt
741,2019-09-09 07:13:15,1.7681,aeeth
736,2019-09-09 07:13:15,14624.318,ethusdt
735,2019-09-09 07:13:16,1777.9182,ltcusdt
743,2019-09-09 07:13:19,15.129,gntusdt
740,2019-09-09 07:13:19,2818.1804,etcusdt
737,2019-09-09 07:13:21,11266.5386,ethbtc
740,2019-09-09 07:13:28,34523.9421,btcusdt
738,2019-09-09 07:13:33,3631.7877,omgusdt
742,2019-09-09 07:13:33,528.3596,ltcbtc
746,2019-09-09 07:13:38,0.0103,mcoeth
744,2019-09-09 07:13:45,21.3322,gntusdt
733,2019-09-09 07:13:46,42.808,wtceth
736,2019-09-09 07:13:46,3361.3479,ltcusdt
737,2019-09-09 07:13:47,433.1895,ethusdt
742,2019-09-09 07:13:47,9.3009,aeeth
739,2019-09-09 07:13:50,17.4495,zrxusdt
738,2019-09-09 07:13:52,608.9047,ethbtc
741,2019-09-09 07:13:59,36456.965,btcusdt
741,2019-09-09 07:14:03,157.9874,etcusdt
739,2019-09-09 07:14:04,3381.4372,omgusdt
743,2019-09-09 07:14:10,4287.1386,ltcbtc
743,2019-09-09 07:14:14,2.2249,aeeth
738,2019-09-09 07:14:17,11162.7357,ethusdt
745,2019-09-09 07:14:19,9.3246,gntusdt
747,2019-09-09 07:14:19,1.2082,mcoeth
737,2019-09-09 07:14:19,1496.6301,ltcusdt
739,2019-09-09 07:14:25,10534.9026,ethbtc
734,2019-09-09 07:14:31,47.143,wtceth
742,2019-09-09 07:14:32,1978.7441,etcusdt
740,2019-09-09 07:14:34,21.6341,zrxusdt
742,2019-09-09 07:14:40,19926.6274,btcusdt
740,2019-09-09 07:14:41,434.1267,omgusdt
739,2019-09-09 07:14:43,15727.6724,ethusdt
744,2019-09-09 07:14:47,1460.386,ltcbtc
748,2019-09-09 07:14:51,0.5468,mcoeth
744,2019-09-09 07:14:52,17.0578,aeeth
738,2019-09-09 07:14:52,4072.5118,ltcusdt
740,2019-09-09 07:14:52,9205.2867,ethbtc
743,2019-09-09 07:14:59,3222.9418,etcusdt
746,2019-09-09 07:15:02,11.9938,gntusdt
741,2019-09-09 07:15:08,105.0339,zrxusdt
735,2019-09-09 07:15:09,37.7461,wtceth
743,2019-09-09 07:15:14,47418.3137,btcusdt
741,2019-09-09 07:15:16,4324.712,omgusdt
745,2019-09-09 07:15:19,3244.6717,ltcbtc
749,2019-09-09 07:15:21,0.1073,mcoeth
741,2019-09-09 07:15:24,6613.1819,ethbtc
740,2019-09-09 07:15:25,13974.8216,ethusdt
745,2019-09-09 07:15:26,13.2506,aeeth
747,2019-09-09 07:15:27,11.3888,gntusdt
739,2019-09-09 07:15:28,3983.6312,ltcusdt
744,2019-09-09 07:15:33,1534.5727,etcusdt
742,2019-09-09 07:15:39,142.6186,zrxusdt
742,2019-09-09 07:15:47,3236.6133,omgusdt
750,2019-09-09 07:15:48,1.1658,mcoeth
741,2019-09-09 07:15:51,3867.8466,ethusdt
736,2019-09-09 07:15:52,32.1827,wtceth
744,2019-09-09 07:15:52,443.2881,btcusdt
746,2019-09-09 07:15:54,5833.4554,ltcbtc
742,2019-09-09 07:15:55,8589.2692,ethbtc
748,2019-09-09 07:15:56,7.469,gntusdt
746,2019-09-09 07:15:59,18.2087,aeeth
745,2019-09-09 07:16:00,1935.2572,etcusdt
740,2019-09-09 07:16:09,3770.3648,ltcusdt
743,2019-09-09 07:16:17,158.2786,zrxusdt
742,2019-09-09 07:16:18,15565.281,ethusdt
745,2019-09-09 07:16:20,11941.1648,btcusdt
751,2019-09-09 07:16:22,1.0236,mcoeth
737,2019-09-09 07:16:25,44.1856,wtceth
747,2019-09-09 07:16:26,12.7336,aeeth
743,2019-09-09 07:16:30,3387.3776,omgusdt
747,2019-09-09 07:16:33,1537.7617,ltcbtc
743,2019-09-09 07:16:34,7902.9006,ethbtc
746,2019-09-09 07:16:34,805.9606,etcusdt
749,2019-09-09 07:16:41,3.1658,gntusdt
741,2019-09-09 07:16:42,4336.8319,ltcusdt
744,2019-09-09 07:16:44,114.9221,zrxusdt
746,2019-09-09 07:16:52,13091.55,btcusdt
743,2019-09-09 07:16:53,14632.4596,ethusdt
748,2019-09-09 07:16:57,17.6421,aeeth
748,2019-09-09 07:16:58,2424.0974,ltcbtc
747,2019-09-09 07:16:59,1695.5502,etcusdt
752,2019-09-09 07:17:04,1.0724,mcoeth
744,2019-09-09 07:17:05,2967.5437,omgusdt
744,2019-09-09 07:17:05,8246.988,ethbtc
738,2019-09-09 07:17:08,7.4954,wtceth
742,2019-09-09 07:17:12,3412.166,ltcusdt
750,2019-09-09 07:17:16,4.2585,gntusdt
745,2019-09-09 07:17:18,177.8403,zrxusdt
744,2019-09-09 07:17:24,331.5456,ethusdt
749,2019-09-09 07:17:32,7.2454,aeeth
745,2019-09-09 07:17:33,2883.1224,omgusdt
739,2019-09-09 07:17:33,74.4852,wtceth
747,2019-09-09 07:17:34,44591.3108,btcusdt
749,2019-09-09 07:17:38,4902.4499,ltcbtc
748,2019-09-09 07:17:39,2538.385,etcusdt
746,2019-09-09 07:17:45,105.6289,zrxusdt
745,2019-09-09 07:17:45,11467.2358,ethbtc
743,2019-09-09 07:17:45,3506.62,ltcusdt
753,2019-09-09 07:17:49,0.6923,mcoeth
745,2019-09-09 07:17:56,11043.9724,ethusdt
751,2019-09-09 07:17:58,11.9877,gntusdt
750,2019-09-09 07:18:01,12.3713,aeeth
740,2019-09-09 07:18:03,69.2731,wtceth
746,2019-09-09 07:18:07,3849.8996,omgusdt
748,2019-09-09 07:18:10,15367.8297,btcusdt
746,2019-09-09 07:18:13,1984.1803,ethbtc
744,2019-09-09 07:18:15,4541.2023,ltcusdt
750,2019-09-09 07:18:18,2727.2947,ltcbtc
749,2019-09-09 07:18:21,1281.9714,etcusdt
746,2019-09-09 07:18:21,2430.4705,ethusdt
747,2019-09-09 07:18:25,104.5383,zrxusdt
754,2019-09-09 07:18:28,1.1173,mcoeth
747,2019-09-09 07:18:33,1923.8725,omgusdt
752,2019-09-09 07:18:39,26.5538,gntusdt
751,2019-09-09 07:18:40,17.2547,aeeth
745,2019-09-09 07:18:44,875.0442,ltcusdt
741,2019-09-09 07:18:44,27.6656,wtceth
747,2019-09-09 07:18:46,10514.145,ethusdt
749,2019-09-09 07:18:54,5248.742,btcusdt
751,2019-09-09 07:18:56,3535.5035,ltcbtc
748,2019-09-09 07:18:57,185.6236,zrxusdt
747,2019-09-09 07:18:58,5670.8098,ethbtc
750,2019-09-09 07:18:59,3579.6392,etcusdt
755,2019-09-09 07:19:02,1.0217,mcoeth
748,2019-09-09 07:19:09,4623.1175,omgusdt
742,2019-09-09 07:19:11,31.8462,wtceth
746,2019-09-09 07:19:11,4079.4355,ltcusdt
752,2019-09-09 07:19:18,10.7253,aeeth
753,2019-09-09 07:19:21,2.8119,gntusdt
748,2019-09-09 07:19:23,4598.4313,ethusdt
751,2019-09-09 07:19:28,1369.6461,etcusdt
752,2019-09-09 07:19:29,445.6863,ltcbtc
748,2019-09-09 07:19:32,240.7282,ethbtc
750,2019-09-09 07:19:35,59006.837,btcusdt
749,2019-09-09 07:19:36,192.3875,zrxusdt
756,2019-09-09 07:19:37,0.8169,mcoeth
747,2019-09-09 07:19:44,2920.8581,ltcusdt
754,2019-09-09 07:19:47,14.7794,gntusdt
743,2019-09-09 07:19:48,53.588,wtceth
749,2019-09-09 07:19:49,10972.0325,ethusdt
749,2019-09-09 07:19:53,696.948,omgusdt
753,2019-09-09 07:19:59,11.9925,aeeth
751,2019-09-09 07:20:00,56329.9826,btcusdt
753,2019-09-09 07:20:02,1040.7741,ltcbtc
749,2019-09-09 07:20:05,11376.0104,ethbtc
752,2019-09-09 07:20:10,2810.2991,etcusdt
755,2019-09-09 07:20:16,21.2591,gntusdt
750,2019-09-09 07:20:17,53.3707,zrxusdt
757,2019-09-09 07:20:20,0.6423,mcoeth
748,2019-09-09 07:20:23,732.0726,ltcusdt
744,2019-09-09 07:20:25,47.6684,wtceth
750,2019-09-09 07:20:30,2657.8155,ethusdt
752,2019-09-09 07:20:32,16443.6841,btcusdt
750,2019-09-09 07:20:33,2547.6687,omgusdt
754,2019-09-09 07:20:34,14.3218,aeeth
754,2019-09-09 07:20:37,4595.0645,ltcbtc
753,2019-09-09 07:20:45,681.8979,etcusdt
750,2019-09-09 07:20:47,11460.2071,ethbtc
751,2019-09-09 07:20:47,48.016,zrxusdt
745,2019-09-09 07:20:52,15.3573,wtceth
756,2019-09-09 07:20:56,1.118,gntusdt
753,2019-09-09 07:20:58,47793.7627,btcusdt
758,2019-09-09 07:21:00,1.2937,mcoeth
755,2019-09-09 07:21:01,6.183,aeeth
751,2019-09-09 07:21:05,10686.7084,ethusdt
749,2019-09-09 07:21:06,4341.7365,ltcusdt
751,2019-09-09 07:21:08,1230.6331,omgusdt
751,2019-09-09 07:21:14,3175.52,ethbtc
752,2019-09-09 07:21:18,146.2205,zrxusdt
755,2019-09-09 07:21:20,28.9562,ltcbtc
757,2019-09-09 07:21:27,28.4177,gntusdt
754,2019-09-09 07:21:27,3214.1702,etcusdt
756,2019-09-09 07:21:28,13.4248,aeeth
754,2019-09-09 07:21:29,46929.6902,btcusdt
752,2019-09-09 07:21:35,13006.4457,ethusdt
746,2019-09-09 07:21:36,49.893,wtceth
759,2019-09-09 07:21:36,1.1561,mcoeth
752,2019-09-09 07:21:40,2343.5728,omgusdt
750,2019-09-09 07:21:42,2448.9858,ltcusdt
756,2019-09-09 07:21:48,3578.0324,ltcbtc
755,2019-09-09 07:21:56,35643.0009,btcusdt
757,2019-09-09 07:21:56,5.5939,aeeth
753,2019-09-09 07:21:58,195.5541,zrxusdt
752,2019-09-09 07:21:58,10437.2333,ethbtc
758,2019-09-09 07:22:00,21.2411,gntusdt
755,2019-09-09 07:22:08,1292.0224,etcusdt
747,2019-09-09 07:22:11,36.1504,wtceth
753,2019-09-09 07:22:11,2350.0898,omgusdt
757,2019-09-09 07:22:13,5712.4041,ltcbtc
753,2019-09-09 07:22:13,3918.727,ethusdt
760,2019-09-09 07:22:14,1.0237,mcoeth
751,2019-09-09 07:22:24,605.0963,ltcusdt
756,2019-09-09 07:22:25,4436.0054,btcusdt
758,2019-09-09 07:22:25,17.309,aeeth
759,2019-09-09 07:22:32,19.5257,gntusdt
754,2019-09-09 07:22:37,98.2526,zrxusdt
753,2019-09-09 07:22:41,1042.4085,ethbtc
758,2019-09-09 07:22:43,1567.7103,ltcbtc
754,2019-09-09 07:22:45,12416.9865,ethusdt
754,2019-09-09 07:22:48,2259.7063,omgusdt
748,2019-09-09 07:22:49,16.2891,wtceth
756,2019-09-09 07:22:50,2743.096,etcusdt
759,2019-09-09 07:22:53,7.1345,aeeth
752,2019-09-09 07:22:53,4250.2071,ltcusdt
761,2019-09-09 07:22:56,0.1917,mcoeth
755,2019-09-09 07:23:02,25.7824,zrxusdt
757,2019-09-09 07:23:07,1697.1174,btcusdt
760,2019-09-09 07:23:12,6.8428,gntusdt
749,2019-09-09 07:23:14,73.6596,wtceth
754,2019-09-09 07:23:21,8081.949,ethbtc
757,2019-09-09 07:23:22,2087.5571,etcusdt
760,2019-09-09 07:23:23,11.7758,aeeth
755,2019-09-09 07:23:27,14737.0446,ethusdt
759,2019-09-09 07:23:28,4923.6493,ltcbtc
755,2019-09-09 07:23:31,3404.4461,omgusdt
753,2019-09-09 07:23:32,1072.4335,ltcusdt
762,2019-09-09 07:23:35,0.043,mcoeth
761,2019-09-09 07:23:40,26.474,gntusdt
756,2019-09-09 07:23:44,91.9356,zrxusdt
750,2019-09-09 07:23:47,46.7339,wtceth
758,2019-09-09 07:23:51,16700.3933,btcusdt
758,2019-09-09 07:23:53,862.8653,etcusdt
755,2019-09-09 07:23:56,3435.6085,ethbtc
760,2019-09-09 07:23:58,919.5854,ltcbtc
761,2019-09-09 07:24:00,0.6018,aeeth
756,2019-09-09 07:24:05,13276.4632,ethusdt
754,2019-09-09 07:24:06,1871.0164,ltcusdt
756,2019-09-09 07:24:08,3671.5008,omgusdt
762,2019-09-09 07:24:12,2.0275,gntusdt
763,2019-09-09 07:24:16,0.0208,mcoeth
759,2019-09-09 07:24:16,17431.6409,btcusdt
757,2019-09-09 07:24:20,32.0257,zrxusdt
759,2019-09-09 07:24:23,663.7938,etcusdt
755,2019-09-09 07:24:31,4538.4812,ltcusdt
751,2019-09-09 07:24:31,53.7254,wtceth
762,2019-09-09 07:24:36,16.9226,aeeth
756,2019-09-09 07:24:37,8026.9358,ethbtc
757,2019-09-09 07:24:38,14727.1737,ethusdt
761,2019-09-09 07:24:39,1646.6651,ltcbtc
757,2019-09-09 07:24:41,2080.0942,omgusdt
763,2019-09-09 07:24:42,5.2115,gntusdt
760,2019-09-09 07:24:42,27497.953,btcusdt
764,2019-09-09 07:24:49,0.6693,mcoeth
758,2019-09-09 07:24:59,56.8344,zrxusdt
756,2019-09-09 07:25:02,4586.3388,ltcusdt
752,2019-09-09 07:25:02,27.5806,wtceth
760,2019-09-09 07:25:03,3191.7925,etcusdt
758,2019-09-09 07:25:09,2821.661,ethusdt
763,2019-09-09 07:25:16,3.085,aeeth
762,2019-09-09 07:25:17,5751.3816,ltcbtc
761,2019-09-09 07:25:18,47592.8663,btcusdt
765,2019-09-09 07:25:20,0.0703,mcoeth
757,2019-09-09 07:25:21,4380.1484,ethbtc
764,2019-09-09 07:25:21,14.8057,gntusdt
759,2019-09-09 07:25:25,84.9192,zrxusdt
758,2019-09-09 07:25:25,2871.4905,omgusdt
753,2019-09-09 07:25:32,4.0186,wtceth
757,2019-09-09 07:25:34,4919.5895,ltcusdt
759,2019-09-09 07:25:38,75.7881,ethusdt
764,2019-09-09 07:25:43,15.1262,aeeth
761,2019-09-09 07:25:44,2446.7939,etcusdt
758,2019-09-09 07:25:47,10749.1584,ethbtc
762,2019-09-09 07:25:48,40650.1444,btcusdt
766,2019-09-09 07:25:54,0.8733,mcoeth
754,2019-09-09 07:25:59,22.6522,wtceth
763,2019-09-09 07:26:00,2996.235,ltcbtc
765,2019-09-09 07:26:01,6.2921,gntusdt
759,2019-09-09 07:26:03,356.528,omgusdt
760,2019-09-09 07:26:06,104.7374,zrxusdt
758,2019-09-09 07:26:11,647.3182,ltcusdt
765,2019-09-09 07:26:13,8.829,aeeth
759,2019-09-09 07:26:15,5040.1137,ethbtc
763,2019-09-09 07:26:18,57034.3449,btcusdt
760,2019-09-09 07:26:23,5779.2123,ethusdt
767,2019-09-09 07:26:26,0.7983,mcoeth
762,2019-09-09 07:26:28,94.6442,etcusdt
761,2019-09-09 07:26:34,24.7506,zrxusdt
760,2019-09-09 07:26:37,3647.0043,omgusdt
755,2019-09-09 07:26:41,53.3478,wtceth
766,2019-09-09 07:26:42,14.1826,aeeth
764,2019-09-09 07:26:43,3536.104,ltcbtc
766,2019-09-09 07:26:44,13.4637,gntusdt
764,2019-09-09 07:26:47,43904.6772,btcusdt
759,2019-09-09 07:26:52,232.0013,ltcusdt
760,2019-09-09 07:26:52,9619.5988,ethbtc
761,2019-09-09 07:26:53,9118.3018,ethusdt
763,2019-09-09 07:26:57,290.8411,etcusdt
768,2019-09-09 07:27:04,1.3464,mcoeth
762,2019-09-09 07:27:08,88.0597,zrxusdt
761,2019-09-09 07:27:08,86.0791,omgusdt
765,2019-09-09 07:27:13,38270.3418,btcusdt
767,2019-09-09 07:27:14,4.0751,aeeth
767,2019-09-09 07:27:15,24.5419,gntusdt
756,2019-09-09 07:27:16,53.8071,wtceth
765,2019-09-09 07:27:18,3436.9231,ltcbtc
764,2019-09-09 07:27:26,399.9058,etcusdt
761,2019-09-09 07:27:29,2482.4079,ethbtc
762,2019-09-09 07:27:30,258.5883,ethusdt
760,2019-09-09 07:27:34,1590.1768,ltcusdt
762,2019-09-09 07:27:37,3341.7909,omgusdt
768,2019-09-09 07:27:41,0.6575,gntusdt
769,2019-09-09 07:27:44,0.3908,mcoeth
757,2019-09-09 07:27:48,19.9832,wtceth
763,2019-09-09 07:27:50,76.2154,zrxusdt
766,2019-09-09 07:27:56,12962.5113,btcusdt
766,2019-09-09 07:27:58,5784.8104,ltcbtc
768,2019-09-09 07:27:58,8.4864,aeeth
765,2019-09-09 07:27:59,2344.5719,etcusdt
769,2019-09-09 07:28:07,6.5145,gntusdt
763,2019-09-09 07:28:07,10945.9946,ethusdt
763,2019-09-09 07:28:08,299.6029,omgusdt
770,2019-09-09 07:28:13,0.3052,mcoeth
762,2019-09-09 07:28:14,4309.4213,ethbtc
761,2019-09-09 07:28:17,4030.8338,ltcusdt
767,2019-09-09 07:28:22,55645.4487,btcusdt
767,2019-09-09 07:28:26,3502.0078,ltcbtc
769,2019-09-09 07:28:27,17.9373,aeeth
766,2019-09-09 07:28:30,3402.4161,etcusdt
758,2019-09-09 07:28:32,36.4265,wtceth
764,2019-09-09 07:28:32,112.3378,zrxusdt
764,2019-09-09 07:28:35,501.4864,ethusdt
764,2019-09-09 07:28:38,3077.0018,omgusdt
770,2019-09-09 07:28:43,13.1751,gntusdt
763,2019-09-09 07:28:44,10506.4873,ethbtc
771,2019-09-09 07:28:49,0.1577,mcoeth
768,2019-09-09 07:28:52,33508.3247,btcusdt
767,2019-09-09 07:28:56,2434.122,etcusdt
765,2019-09-09 07:28:57,26.4056,zrxusdt
770,2019-09-09 07:28:57,4.9912,aeeth
759,2019-09-09 07:29:01,40.5167,wtceth
762,2019-09-09 07:29:01,5235.1174,ltcusdt
768,2019-09-09 07:29:06,1759.3547,ltcbtc
764,2019-09-09 07:29:09,10153.0011,ethbtc
765,2019-09-09 07:29:17,2577.896,omgusdt
769,2019-09-09 07:29:17,59416.101,btcusdt
771,2019-09-09 07:29:17,1.9234,gntusdt
765,2019-09-09 07:29:20,15758.7183,ethusdt
768,2019-09-09 07:29:29,430.1009,etcusdt
771,2019-09-09 07:29:31,6.3628,aeeth
772,2019-09-09 07:29:32,1.276,mcoeth
760,2019-09-09 07:29:33,20.5682,wtceth
765,2019-09-09 07:29:37,977.1501,ethbtc
763,2019-09-09 07:29:37,74.7677,ltcusdt
769,2019-09-09 07:29:39,1782.6012,ltcbtc
766,2019-09-09 07:29:41,169.3623,zrxusdt
766,2019-09-09 07:29:43,3527.7658,omgusdt
772,2019-09-09 07:29:50,14.9423,gntusdt
770,2019-09-09 07:29:52,6814.172,btcusdt
769,2019-09-09 07:29:54,2332.3667,etcusdt
766,2019-09-09 07:29:55,13025.6964,ethusdt
772,2019-09-09 07:29:57,4.5267,aeeth
766,2019-09-09 07:30:06,8078.2272,ethbtc
773,2019-09-09 07:30:07,1.1271,mcoeth
761,2019-09-09 07:30:08,59.7473,wtceth
770,2019-09-09 07:30:10,4831.0486,ltcbtc
773,2019-09-09 07:30:15,27.3225,gntusdt
764,2019-09-09 07:30:19,609.4793,ltcusdt
771,2019-09-09 07:30:19,52292.7204,btcusdt
767,2019-09-09 07:30:22,55.321,zrxusdt
773,2019-09-09 07:30:23,0.5099,aeeth
767,2019-09-09 07:30:25,2950.4452,omgusdt
774,2019-09-09 07:30:32,0.1907,mcoeth
767,2019-09-09 07:30:32,14334.6501,ethusdt
770,2019-09-09 07:30:33,2636.1955,etcusdt
762,2019-09-09 07:30:41,36.7112,wtceth
767,2019-09-09 07:30:46,11109.9541,ethbtc
774,2019-09-09 07:30:52,26.923,gntusdt
765,2019-09-09 07:30:53,2878.5407,ltcusdt
771,2019-09-09 07:30:54,3519.8781,ltcbtc
774,2019-09-09 07:30:57,7.8901,aeeth
768,2019-09-09 07:30:57,779.0991,omgusdt
768,2019-09-09 07:30:58,177.3988,zrxusdt
771,2019-09-09 07:31:00,222.6528,etcusdt
772,2019-09-09 07:31:03,2386.0118,btcusdt
775,2019-09-09 07:31:03,0.1414,mcoeth
768,2019-09-09 07:31:06,9223.2675,ethusdt
763,2019-09-09 07:31:23,41.0667,wtceth
768,2019-09-09 07:31:25,7638.2993,ethbtc
766,2019-09-09 07:31:26,1588.0954,ltcusdt
772,2019-09-09 07:31:26,3060.2815,ltcbtc
775,2019-09-09 07:31:27,18.1242,gntusdt
769,2019-09-09 07:31:29,1311.727,omgusdt
775,2019-09-09 07:31:30,11.3816,aeeth
776,2019-09-09 07:31:32,0.5714,mcoeth
772,2019-09-09 07:31:36,2462.1989,etcusdt
773,2019-09-09 07:31:38,27552.4345,btcusdt
769,2019-09-09 07:31:41,1192.9488,ethusdt
769,2019-09-09 07:31:43,56.0774,zrxusdt
764,2019-09-09 07:31:51,32.1977,wtceth
770,2019-09-09 07:31:55,3919.8939,omgusdt
773,2019-09-09 07:31:57,5240.9871,ltcbtc
776,2019-09-09 07:32:00,27.9341,gntusdt
777,2019-09-09 07:32:00,0.4661,mcoeth
769,2019-09-09 07:32:01,6631.9862,ethbtc
774,2019-09-09 07:32:05,5429.6199,btcusdt
767,2019-09-09 07:32:07,4906.3995,ltcusdt
776,2019-09-09 07:32:08,0.4703,aeeth
773,2019-09-09 07:32:09,2607.522,etcusdt
770,2019-09-09 07:32:23,54.6523,zrxusdt
770,2019-09-09 07:32:24,12847.8968,ethusdt
771,2019-09-09 07:32:24,2877.3286,omgusdt
770,2019-09-09 07:32:29,3419.6187,ethbtc
778,2019-09-09 07:32:30,0.2316,mcoeth
765,2019-09-09 07:32:34,43.6467,wtceth
774,2019-09-09 07:32:34,2947.8728,ltcbtc
777,2019-09-09 07:32:35,7.6118,gntusdt
774,2019-09-09 07:32:36,2516.6419,etcusdt
777,2019-09-09 07:32:36,2.3657,aeeth
768,2019-09-09 07:32:38,1137.0352,ltcusdt
775,2019-09-09 07:32:42,16847.4542,btcusdt
771,2019-09-09 07:32:49,249.2877,ethusdt
772,2019-09-09 07:33:03,183.3546,omgusdt
771,2019-09-09 07:33:04,108.041,zrxusdt
769,2019-09-09 07:33:04,1886.6143,ltcusdt
779,2019-09-09 07:33:07,0.7125,mcoeth
766,2019-09-09 07:33:08,68.8894,wtceth
771,2019-09-09 07:33:11,11304.9303,ethbtc
775,2019-09-09 07:33:12,791.3924,ltcbtc
778,2019-09-09 07:33:13,12.6906,gntusdt
775,2019-09-09 07:33:14,3317.0045,etcusdt
778,2019-09-09 07:33:14,0.5205,aeeth
776,2019-09-09 07:33:20,40809.9297,btcusdt
772,2019-09-09 07:33:24,8169.9159,ethusdt
773,2019-09-09 07:33:32,3092.0532,omgusdt
776,2019-09-09 07:33:39,1533.4484,ltcbtc
779,2019-09-09 07:33:43,6.7596,gntusdt
779,2019-09-09 07:33:45,8.6101,aeeth
777,2019-09-09 07:33:46,51730.9985,btcusdt
770,2019-09-09 07:33:46,3183.9316,ltcusdt
772,2019-09-09 07:33:47,182.33,zrxusdt
767,2019-09-09 07:33:52,26.4509,wtceth
780,2019-09-09 07:33:52,0.6794,mcoeth
772,2019-09-09 07:33:53,9439.4309,ethbtc
773,2019-09-09 07:33:53,5896.7049,ethusdt
776,2019-09-09 07:33:57,3319.5621,etcusdt
774,2019-09-09 07:33:58,1299.4927,omgusdt
771,2019-09-09 07:34:17,4270.2951,ltcusdt
773,2019-09-09 07:34:19,31.6227,zrxusdt
778,2019-09-09 07:34:20,14392.6775,btcusdt
777,2019-09-09 07:34:21,5363.5967,ltcbtc
781,2019-09-09 07:34:22,1.2442,mcoeth
780,2019-09-09 07:34:24,11.8055,aeeth
780,2019-09-09 07:34:25,10.0856,gntusdt
775,2019-09-09 07:34:27,2124.9804,omgusdt
773,2019-09-09 07:34:31,9980.2531,ethbtc
777,2019-09-09 07:34:34,355.0538,etcusdt
768,2019-09-09 07:34:34,50.5462,wtceth
774,2019-09-09 07:34:36,15555.3583,ethusdt
781,2019-09-09 07:34:49,11.5023,aeeth
772,2019-09-09 07:34:50,3387.9986,ltcusdt
779,2019-09-09 07:34:53,51186.9953,btcusdt
782,2019-09-09 07:34:55,0.6812,mcoeth
774,2019-09-09 07:34:56,162.1411,zrxusdt
778,2019-09-09 07:35:02,1717.7938,ltcbtc
776,2019-09-09 07:35:03,1517.5344,omgusdt
781,2019-09-09 07:35:07,8.5166,gntusdt
775,2019-09-09 07:35:09,2845.4941,ethusdt
774,2019-09-09 07:35:12,834.0387,ethbtc
769,2019-09-09 07:35:15,20.6187,wtceth
778,2019-09-09 07:35:15,2076.774,etcusdt
775,2019-09-09 07:35:21,86.1799,zrxusdt
780,2019-09-09 07:35:23,41235.5923,btcusdt
773,2019-09-09 07:35:27,3878.277,ltcusdt
779,2019-09-09 07:35:28,5061.8203,ltcbtc
783,2019-09-09 07:35:34,1.0159,mcoeth
782,2019-09-09 07:35:34,15.6862,aeeth
775,2019-09-09 07:35:38,8473.9573,ethbtc
777,2019-09-09 07:35:39,1642.7588,omgusdt
770,2019-09-09 07:35:45,55.9257,wtceth
776,2019-09-09 07:35:46,15753.0042,ethusdt
782,2019-09-09 07:35:47,12.6744,gntusdt
776,2019-09-09 07:35:51,182.1767,zrxusdt
779,2019-09-09 07:35:59,609.7114,etcusdt
780,2019-09-09 07:35:59,2802.6614,ltcbtc
774,2019-09-09 07:36:06,3383.0151,ltcusdt
781,2019-09-09 07:36:06,22212.8603,btcusdt
771,2019-09-09 07:36:10,63.8136,wtceth
776,2019-09-09 07:36:14,1811.2618,ethbtc
777,2019-09-09 07:36:15,3665.8175,ethusdt
784,2019-09-09 07:36:15,0.5253,mcoeth
783,2019-09-09 07:36:16,1.6569,aeeth
783,2019-09-09 07:36:16,27.7057,gntusdt
778,2019-09-09 07:36:24,4485.8858,omgusdt
777,2019-09-09 07:36:27,166.1519,zrxusdt
780,2019-09-09 07:36:31,2294.2652,etcusdt
781,2019-09-09 07:36:35,5069.5638,ltcbtc
772,2019-09-09 07:36:40,43.1341,wtceth
777,2019-09-09 07:36:40,5016.8336,ethbtc
782,2019-09-09 07:36:40,27763.2399,btcusdt
778,2019-09-09 07:36:44,2432.3731,ethusdt
785,2019-09-09 07:36:45,0.3872,mcoeth
775,2019-09-09 07:36:46,3626.6241,ltcusdt
784,2019-09-09 07:36:55,3.9346,aeeth
778,2019-09-09 07:36:57,124.2915,zrxusdt
784,2019-09-09 07:37:00,15.9801,gntusdt
781,2019-09-09 07:37:04,693.0682,etcusdt
783,2019-09-09 07:37:08,17088.3967,btcusdt
782,2019-09-09 07:37:09,5401.9263,ltcbtc
779,2019-09-09 07:37:09,3918.7978,omgusdt
773,2019-09-09 07:37:17,32.2225,wtceth
779,2019-09-09 07:37:18,15490.054,ethusdt
778,2019-09-09 07:37:25,6622.1461,ethbtc
776,2019-09-09 07:37:25,4167.7441,ltcusdt
786,2019-09-09 07:37:27,1.0575,mcoeth
779,2019-09-09 07:37:35,128.6643,zrxusdt
785,2019-09-09 07:37:36,11.3239,aeeth
785,2019-09-09 07:37:39,24.7557,gntusdt
780,2019-09-09 07:37:43,2729.9859,omgusdt
782,2019-09-09 07:37:47,3004.2612,etcusdt
783,2019-09-09 07:37:49,5617.3232,ltcbtc
780,2019-09-09 07:37:51,2019.7886,ethusdt
784,2019-09-09 07:37:52,27506.5463,btcusdt
774,2019-09-09 07:37:55,65.1146,wtceth
787,2019-09-09 07:37:56,0.6705,mcoeth
779,2019-09-09 07:38:01,10153.8659,ethbtc
777,2019-09-09 07:38:04,4051.3075,ltcusdt
786,2019-09-09 07:38:12,3.9386,aeeth
781,2019-09-09 07:38:14,1023.2313,omgusdt
780,2019-09-09 07:38:14,87.5704,zrxusdt
784,2019-09-09 07:38:17,1359.6585,ltcbtc
786,2019-09-09 07:38:18,12.7371,gntusdt
781,2019-09-09 07:38:18,12294.022,ethusdt
785,2019-09-09 07:38:23,52563.121,btcusdt
775,2019-09-09 07:38:23,3.0413,wtceth
783,2019-09-09 07:38:25,939.5992,etcusdt
778,2019-09-09 07:38:29,1393.1623,ltcusdt
788,2019-09-09 07:38:30,1.0698,mcoeth
787,2019-09-09 07:38:43,20.8702,gntusdt
780,2019-09-09 07:38:44,5095.7921,ethbtc
787,2019-09-09 07:38:50,10.4594,aeeth
782,2019-09-09 07:38:50,2368.1047,omgusdt
785,2019-09-09 07:38:53,5209.7725,ltcbtc
782,2019-09-09 07:38:55,5360.5427,ethusdt
781,2019-09-09 07:38:55,119.706,zrxusdt
784,2019-09-09 07:38:57,2081.3714,etcusdt
776,2019-09-09 07:39:03,69.562,wtceth
786,2019-09-09 07:39:06,9.7559,btcusdt
779,2019-09-09 07:39:12,1730.1123,ltcusdt
789,2019-09-09 07:39:14,0.9741,mcoeth
788,2019-09-09 07:39:18,15.9109,gntusdt
781,2019-09-09 07:39:21,779.0094,ethbtc
782,2019-09-09 07:39:22,48.9507,zrxusdt
788,2019-09-09 07:39:23,7.2094,aeeth
785,2019-09-09 07:39:28,2195.2417,etcusdt
777,2019-09-09 07:39:31,33.7331,wtceth
783,2019-09-09 07:39:32,13439.0645,ethusdt
787,2019-09-09 07:39:32,6658.3293,btcusdt
786,2019-09-09 07:39:32,4072.9303,ltcbtc
783,2019-09-09 07:39:35,4154.2122,omgusdt
790,2019-09-09 07:39:44,0.3683,mcoeth
783,2019-09-09 07:39:48,81.7745,zrxusdt
780,2019-09-09 07:39:50,2730.5143,ltcusdt
789,2019-09-09 07:39:59,1.3354,aeeth
789,2019-09-09 07:39:59,20.1813,gntusdt
778,2019-09-09 07:40:00,13.4346,wtceth
782,2019-09-09 07:40:04,9519.6225,ethbtc
788,2019-09-09 07:40:04,16912.1115,btcusdt
784,2019-09-09 07:40:06,12558.8639,ethusdt
786,2019-09-09 07:40:09,1377.4954,etcusdt
791,2019-09-09 07:40:11,0.3573,mcoeth
787,2019-09-09 07:40:14,4517.9929,ltcbtc
784,2019-09-09 07:40:18,2534.0968,omgusdt
781,2019-09-09 07:40:20,3199.8221,ltcusdt
784,2019-09-09 07:40:23,6.2701,zrxusdt
789,2019-09-09 07:40:36,50539.9591,btcusdt
783,2019-09-09 07:40:39,7206.8115,ethbtc
790,2019-09-09 07:40:40,8.3311,aeeth
785,2019-09-09 07:40:42,377.2671,ethusdt
790,2019-09-09 07:40:42,21.6475,gntusdt
779,2019-09-09 07:40:44,5.9202,wtceth
787,2019-09-09 07:40:50,3162.3038,etcusdt
785,2019-09-09 07:40:51,127.5357,zrxusdt
788,2019-09-09 07:40:51,73.1247,ltcbtc
782,2019-09-09 07:40:52,5090.4861,ltcusdt
792,2019-09-09 07:40:53,0.6157,mcoeth
785,2019-09-09 07:41:02,832.1663,omgusdt
791,2019-09-09 07:41:07,8.4079,aeeth
790,2019-09-09 07:41:13,41675.5811,btcusdt
791,2019-09-09 07:41:16,3.7423,gntusdt
793,2019-09-09 07:41:18,0.1407,mcoeth
784,2019-09-09 07:41:18,346.8661,ethbtc
786,2019-09-09 07:41:19,10218.1558,ethusdt
788,2019-09-09 07:41:19,1010.9592,etcusdt
786,2019-09-09 07:41:26,108.2562,zrxusdt
783,2019-09-09 07:41:26,4899.1127,ltcusdt
780,2019-09-09 07:41:28,46.6293,wtceth
789,2019-09-09 07:41:29,3828.1512,ltcbtc
792,2019-09-09 07:41:33,1.078,aeeth
786,2019-09-09 07:41:41,4619.0787,omgusdt
787,2019-09-09 07:41:48,6362.8511,ethusdt
794,2019-09-09 07:41:49,0.5205,mcoeth
791,2019-09-09 07:41:53,59623.1798,btcusdt
792,2019-09-09 07:41:54,25.8202,gntusdt
787,2019-09-09 07:41:59,19.1446,zrxusdt
785,2019-09-09 07:42:03,2459.543,ethbtc
784,2019-09-09 07:42:04,5275.7471,ltcusdt
789,2019-09-09 07:42:04,3471.3053,etcusdt
781,2019-09-09 07:42:07,42.3471,wtceth
790,2019-09-09 07:42:13,253.0196,ltcbtc
793,2019-09-09 07:42:18,8.4696,aeeth
792,2019-09-09 07:42:19,30655.3397,btcusdt
787,2019-09-09 07:42:19,4580.6184,omgusdt
788,2019-09-09 07:42:24,14821.5653,ethusdt
795,2019-09-09 07:42:24,1.1663,mcoeth
788,2019-09-09 07:42:30,4.4901,zrxusdt
786,2019-09-09 07:42:32,8514.912,ethbtc
785,2019-09-09 07:42:33,4187.4673,ltcusdt
793,2019-09-09 07:42:37,8.2921,gntusdt
782,2019-09-09 07:42:43,4.5452,wtceth
791,2019-09-09 07:42:44,4752.6628,ltcbtc
790,2019-09-09 07:42:46,2521.2102,etcusdt
793,2019-09-09 07:42:55,25060.0211,btcusdt
794,2019-09-09 07:42:56,11.6632,aeeth
796,2019-09-09 07:42:58,0.0189,mcoeth
788,2019-09-09 07:43:03,1428.4488,omgusdt
786,2019-09-09 07:43:03,3279.3388,ltcusdt
794,2019-09-09 07:43:05,3.9054,gntusdt
787,2019-09-09 07:43:05,9989.3511,ethbtc
789,2019-09-09 07:43:08,338.5362,ethusdt
789,2019-09-09 07:43:09,194.0635,zrxusdt
792,2019-09-09 07:43:12,3060.452,ltcbtc
791,2019-09-09 07:43:21,1173.766,etcusdt
783,2019-09-09 07:43:22,55.7157,wtceth
795,2019-09-09 07:43:27,8.2805,aeeth
794,2019-09-09 07:43:30,37779.8117,btcusdt
789,2019-09-09 07:43:31,4612.4201,omgusdt
788,2019-09-09 07:43:32,5527.5326,ethbtc
787,2019-09-09 07:43:35,1920.6411,ltcusdt
795,2019-09-09 07:43:36,0.1549,gntusdt
797,2019-09-09 07:43:39,0.8214,mcoeth
790,2019-09-09 07:43:46,10601.1137,ethusdt
784,2019-09-09 07:43:52,12.9398,wtceth
790,2019-09-09 07:43:53,123.8476,zrxusdt
793,2019-09-09 07:43:56,3741.785,ltcbtc
792,2019-09-09 07:43:58,1828.2911,etcusdt
796,2019-09-09 07:44:07,4.1288,aeeth
788,2019-09-09 07:44:12,2053.6864,ltcusdt
795,2019-09-09 07:44:13,52932.0575,btcusdt
789,2019-09-09 07:44:14,3336.6204,ethbtc
798,2019-09-09 07:44:15,1.1061,mcoeth
790,2019-09-09 07:44:16,3470.7754,omgusdt
785,2019-09-09 07:44:19,18.8317,wtceth
791,2019-09-09 07:44:19,13934.2065,ethusdt
796,2019-09-09 07:44:21,25.5204,gntusdt
793,2019-09-09 07:44:26,1493.3022,etcusdt
791,2019-09-09 07:44:26,26.4647,zrxusdt
794,2019-09-09 07:44:27,586.7938,ltcbtc
789,2019-09-09 07:44:42,3758.5776,ltcusdt
797,2019-09-09 07:44:42,16.4475,aeeth
792,2019-09-09 07:44:44,11148.0659,ethusdt
797,2019-09-09 07:44:50,7.2509,gntusdt
791,2019-09-09 07:44:50,876.9666,omgusdt
786,2019-09-09 07:44:52,14.9358,wtceth
795,2019-09-09 07:44:55,2985.5075,ltcbtc
790,2019-09-09 07:44:56,10043.1577,ethbtc
792,2019-09-09 07:44:57,71.1991,zrxusdt
796,2019-09-09 07:44:57,20040.4799,btcusdt
799,2019-09-09 07:44:59,0.5184,mcoeth
794,2019-09-09 07:45:02,383.5395,etcusdt
793,2019-09-09 07:45:13,10811.7435,ethusdt
798,2019-09-09 07:45:16,27.5811,gntusdt
792,2019-09-09 07:45:21,819.906,omgusdt
798,2019-09-09 07:45:24,14.7372,aeeth
797,2019-09-09 07:45:24,6486.0867,btcusdt
796,2019-09-09 07:45:25,3379.6345,ltcbtc
790,2019-09-09 07:45:26,3137.8679,ltcusdt
800,2019-09-09 07:45:28,0.6095,mcoeth
787,2019-09-09 07:45:31,49.2839,wtceth
793,2019-09-09 07:45:34,59.9779,zrxusdt
795,2019-09-09 07:45:36,1946.7921,etcusdt
791,2019-09-09 07:45:38,2963.8003,ethbtc
793,2019-09-09 07:45:48,3011.5536,omgusdt
794,2019-09-09 07:45:51,14460.719,ethusdt
801,2019-09-09 07:45:55,1.2724,mcoeth
799,2019-09-09 07:45:57,6.4782,gntusdt
798,2019-09-09 07:45:57,29164.1138,btcusdt
796,2019-09-09 07:46:02,3415.3804,etcusdt
792,2019-09-09 07:46:04,10035.9701,ethbtc
797,2019-09-09 07:46:06,3441.4107,ltcbtc
794,2019-09-09 07:46:07,104.5303,zrxusdt
799,2019-09-09 07:46:09,17.5005,aeeth
791,2019-09-09 07:46:11,4974.9894,ltcusdt
788,2019-09-09 07:46:15,54.4097,wtceth
802,2019-09-09 07:46:21,0.7199,mcoeth
800,2019-09-09 07:46:24,15.0614,gntusdt
794,2019-09-09 07:46:24,4042.8464,omgusdt
799,2019-09-09 07:46:30,26307.4917,btcusdt
797,2019-09-09 07:46:33,19.3438,etcusdt
795,2019-09-09 07:46:34,7271.3339,ethusdt
793,2019-09-09 07:46:36,6575.7588,ethbtc
792,2019-09-09 07:46:38,4766.7676,ltcusdt
800,2019-09-09 07:46:41,7.7517,aeeth
798,2019-09-09 07:46:41,3519.181,ltcbtc
795,2019-09-09 07:46:49,198.129,zrxusdt
789,2019-09-09 07:46:57,16.4078,wtceth
803,2019-09-09 07:47:00,0.4745,mcoeth
795,2019-09-09 07:47:01,3245.8921,omgusdt
801,2019-09-09 07:47:02,0.1167,gntusdt
800,2019-09-09 07:47:03,59826.247,btcusdt
794,2019-09-09 07:47:04,7726.3897,ethbtc
796,2019-09-09 07:47:07,13987.4334,ethusdt
793,2019-09-09 07:47:13,3486.7584,ltcusdt
799,2019-09-09 07:47:14,4116.6708,ltcbtc
798,2019-09-09 07:47:17,691.3358,etcusdt
801,2019-09-09 07:47:18,10.6702,aeeth
796,2019-09-09 07:47:18,55.4933,zrxusdt
790,2019-09-09 07:47:28,10.9807,wtceth
804,2019-09-09 07:47:33,1.0244,mcoeth
795,2019-09-09 07:47:33,5916.1104,ethbtc
801,2019-09-09 07:47:42,36562.9798,btcusdt
794,2019-09-09 07:47:42,3185.1352,ltcusdt
802,2019-09-09 07:47:42,24.366,gntusdt
796,2019-09-09 07:47:45,4437.5865,omgusdt
797,2019-09-09 07:47:45,14086.7081,ethusdt
799,2019-09-09 07:47:48,1724.7935,etcusdt
797,2019-09-09 07:47:48,151.7475,zrxusdt
800,2019-09-09 07:47:50,1199.1532,ltcbtc
791,2019-09-09 07:47:53,73.5653,wtceth
802,2019-09-09 07:47:56,11.2125,aeeth
805,2019-09-09 07:48:10,0.8855,mcoeth
802,2019-09-09 07:48:12,24006.3624,btcusdt
798,2019-09-09 07:48:12,838.8674,ethusdt
798,2019-09-09 07:48:13,5.6797,zrxusdt
796,2019-09-09 07:48:17,3187.2953,ethbtc
797,2019-09-09 07:48:18,1923.3173,omgusdt
795,2019-09-09 07:48:19,2180.0243,ltcusdt
803,2019-09-09 07:48:23,10.0876,gntusdt
801,2019-09-09 07:48:24,225.7296,ltcbtc
792,2019-09-09 07:48:25,21.34,wtceth
800,2019-09-09 07:48:27,3567.9049,etcusdt
803,2019-09-09 07:48:32,3.5462,aeeth
799,2019-09-09 07:48:39,168.9639,ethusdt
797,2019-09-09 07:48:44,4888.3521,ethbtc
799,2019-09-09 07:48:45,145.8465,zrxusdt
798,2019-09-09 07:48:46,2396.295,omgusdt
803,2019-09-09 07:48:48,31800.684,btcusdt
806,2019-09-09 07:48:52,1.1818,mcoeth
802,2019-09-09 07:48:55,3222.9856,ltcbtc
793,2019-09-09 07:48:57,7.0637,wtceth
804,2019-09-09 07:49:00,7.6841,gntusdt
796,2019-09-09 07:49:01,3530.7576,ltcusdt
801,2019-09-09 07:49:07,326.8948,etcusdt
800,2019-09-09 07:49:12,7369.5427,ethusdt
804,2019-09-09 07:49:15,10.7661,aeeth
799,2019-09-09 07:49:23,3312.4167,omgusdt
798,2019-09-09 07:49:27,9283.295,ethbtc
800,2019-09-09 07:49:28,43.3203,zrxusdt
803,2019-09-09 07:49:29,76.4462,ltcbtc
794,2019-09-09 07:49:29,11.6878,wtceth
804,2019-09-09 07:49:33,47668.3016,btcusdt
797,2019-09-09 07:49:35,374.9149,ltcusdt
807,2019-09-09 07:49:37,0.7441,mcoeth
805,2019-09-09 07:49:43,26.5416,gntusdt
802,2019-09-09 07:49:52,3178.1715,etcusdt
799,2019-09-09 07:49:52,5076.1808,ethbtc
801,2019-09-09 07:49:55,2613.7157,ethusdt
805,2019-09-09 07:49:55,16.0242,aeeth
804,2019-09-09 07:49:56,2709.1804,ltcbtc
805,2019-09-09 07:49:58,41107.6185,btcusdt
801,2019-09-09 07:50:01,173.1047,zrxusdt
800,2019-09-09 07:50:06,1657.3223,omgusdt
795,2019-09-09 07:50:12,67.5137,wtceth
808,2019-09-09 07:50:18,1.0917,mcoeth
798,2019-09-09 07:50:20,4121.2192,ltcusdt
802,2019-09-09 07:50:23,7684.5629,ethusdt
800,2019-09-09 07:50:25,7801.8644,ethbtc
805,2019-09-09 07:50:25,1593.0884,ltcbtc
806,2019-09-09 07:50:27,3.9528,gntusdt
803,2019-09-09 07:50:29,3.9938,etcusdt
806,2019-09-09 07:50:29,24447.872,btcusdt
802,2019-09-09 07:50:32,8.5452,zrxusdt
806,2019-09-09 07:50:36,1.0112,aeeth
801,2019-09-09 07:50:45,3448.1406,omgusdt
796,2019-09-09 07:50:47,6.4485,wtceth
799,2019-09-09 07:50:52,2615.6458,ltcusdt
807,2019-09-09 07:50:54,30357.6551,btcusdt
807,2019-09-09 07:50:56,27.1228,gntusdt
809,2019-09-09 07:50:59,0.5437,mcoeth
803,2019-09-09 07:51:02,88.3922,zrxusdt
801,2019-09-09 07:51:04,11803.9506,ethbtc
806,2019-09-09 07:51:04,1110.9742,ltcbtc
803,2019-09-09 07:51:07,10254.5903,ethusdt
804,2019-09-09 07:51:14,1873.1332,etcusdt
807,2019-09-09 07:51:15,16.9268,aeeth
797,2019-09-09 07:51:20,25.798,wtceth
802,2019-09-09 07:51:26,2147.904,omgusdt
800,2019-09-09 07:51:27,2088.1789,ltcusdt
808,2019-09-09 07:51:28,44001.5064,btcusdt
810,2019-09-09 07:51:34,1.0389,mcoeth
807,2019-09-09 07:51:39,869.2619,ltcbtc
805,2019-09-09 07:51:40,1325.9098,etcusdt
808,2019-09-09 07:51:41,15.4107,gntusdt
804,2019-09-09 07:51:43,109.6623,zrxusdt
798,2019-09-09 07:51:47,65.8511,wtceth
802,2019-09-09 07:51:48,2521.6827,ethbtc
808,2019-09-09 07:51:51,4.802,aeeth
804,2019-09-09 07:51:52,12039.8224,ethusdt
803,2019-09-09 07:52:03,371.5699,omgusdt
811,2019-09-09 07:52:07,0.8108,mcoeth
809,2019-09-09 07:52:08,52263.8214,btcusdt
805,2019-09-09 07:52:11,44.0625,zrxusdt
808,2019-09-09 07:52:12,1893.6528,ltcbtc
801,2019-09-09 07:52:12,4823.499,ltcusdt
799,2019-09-09 07:52:17,6.7483,wtceth
806,2019-09-09 07:52:18,1124.9896,etcusdt
809,2019-09-09 07:52:23,7.6755,gntusdt
809,2019-09-09 07:52:26,1.3706,aeeth
805,2019-09-09 07:52:32,5264.3659,ethusdt
812,2019-09-09 07:52:32,0.6981,mcoeth
803,2019-09-09 07:52:32,5145.1403,ethbtc
804,2019-09-09 07:52:36,3860.651,omgusdt
806,2019-09-09 07:52:37,137.8554,zrxusdt
802,2019-09-09 07:52:41,5194.561,ltcusdt
800,2019-09-09 07:52:44,75.4353,wtceth
809,2019-09-09 07:52:45,2724.9124,ltcbtc
807,2019-09-09 07:52:46,2601.9341,etcusdt
810,2019-09-09 07:52:50,7845.7755,btcusdt
810,2019-09-09 07:52:52,4.1009,aeeth
810,2019-09-09 07:52:54,4.2224,gntusdt
806,2019-09-09 07:52:59,10744.9331,ethusdt
813,2019-09-09 07:53:04,0.2957,mcoeth
805,2019-09-09 07:53:08,68.6747,omgusdt
804,2019-09-09 07:53:09,238.5202,ethbtc
803,2019-09-09 07:53:15,885.4442,ltcusdt
801,2019-09-09 07:53:17,69.4239,wtceth
807,2019-09-09 07:53:19,126.1098,zrxusdt
810,2019-09-09 07:53:25,3881.8432,ltcbtc
808,2019-09-09 07:53:27,923.1653,etcusdt
811,2019-09-09 07:53:30,38101.9638,btcusdt
811,2019-09-09 07:53:35,7.1402,aeeth
814,2019-09-09 07:53:36,1.3604,mcoeth
811,2019-09-09 07:53:36,16.545,gntusdt
807,2019-09-09 07:53:44,12780.5696,ethusdt
804,2019-09-09 07:53:44,2849.5718,ltcusdt
805,2019-09-09 07:53:48,6218.6689,ethbtc
806,2019-09-09 07:53:50,733.4029,omgusdt
809,2019-09-09 07:53:53,354.318,etcusdt
812,2019-09-09 07:53:58,62352.3875,btcusdt
802,2019-09-09 07:54:00,13.375,wtceth
808,2019-09-09 07:54:03,25.5879,zrxusdt
811,2019-09-09 07:54:04,1936.4631,ltcbtc
812,2019-09-09 07:54:05,20.9953,gntusdt
812,2019-09-09 07:54:05,14.5953,aeeth
815,2019-09-09 07:54:07,0.1905,mcoeth
805,2019-09-09 07:54:14,4450.9716,ltcusdt
808,2019-09-09 07:54:20,2199.3009,ethusdt
806,2019-09-09 07:54:22,276.4568,ethbtc
807,2019-09-09 07:54:23,406.7948,omgusdt
812,2019-09-09 07:54:30,897.2709,ltcbtc
813,2019-09-09 07:54:33,55640.8211,btcusdt
803,2019-09-09 07:54:35,10.1389,wtceth
809,2019-09-09 07:54:35,68.2664,zrxusdt
810,2019-09-09 07:54:36,1821.0102,etcusdt
813,2019-09-09 07:54:44,14.8598,aeeth
813,2019-09-09 07:54:47,9.23,gntusdt
816,2019-09-09 07:54:48,0.0206,mcoeth
809,2019-09-09 07:54:49,7052.4872,ethusdt
806,2019-09-09 07:54:52,3087.4919,ltcusdt
808,2019-09-09 07:54:55,137.7608,omgusdt
814,2019-09-09 07:55:02,48505.0785,btcusdt
804,2019-09-09 07:55:02,19.0471,wtceth
807,2019-09-09 07:55:03,7709.0455,ethbtc
811,2019-09-09 07:55:05,2300.0659,etcusdt
813,2019-09-09 07:55:11,684.7883,ltcbtc
807,2019-09-09 07:55:18,5154.99,ltcusdt
810,2019-09-09 07:55:19,72.575,zrxusdt
810,2019-09-09 07:55:22,4146.1001,ethusdt
809,2019-09-09 07:55:26,1832.9414,omgusdt
814,2019-09-09 07:55:28,3.5978,aeeth
814,2019-09-09 07:55:28,14.6247,gntusdt
815,2019-09-09 07:55:30,17713.2665,btcusdt
817,2019-09-09 07:55:33,1.2862,mcoeth
805,2019-09-09 07:55:36,72.4364,wtceth
808,2019-09-09 07:55:41,10725.0468,ethbtc
812,2019-09-09 07:55:43,1926.5352,etcusdt
808,2019-09-09 07:55:44,1476.9755,ltcusdt
811,2019-09-09 07:55:53,120.7805,zrxusdt
814,2019-09-09 07:55:54,3066.0646,ltcbtc
816,2019-09-09 07:55:56,35944.6424,btcusdt
818,2019-09-09 07:55:59,1.1771,mcoeth
810,2019-09-09 07:56:02,555.8483,omgusdt
811,2019-09-09 07:56:06,6464.1223,ethusdt
815,2019-09-09 07:56:10,6.2521,aeeth
815,2019-09-09 07:56:11,3.5302,gntusdt
809,2019-09-09 07:56:13,6381.9604,ethbtc
806,2019-09-09 07:56:18,51.0832,wtceth
809,2019-09-09 07:56:19,4408.2828,ltcusdt
819,2019-09-09 07:56:25,0.4092,mcoeth
813,2019-09-09 07:56:26,2633.1396,etcusdt
812,2019-09-09 07:56:33,18.0052,zrxusdt
817,2019-09-09 07:56:34,47258.0159,btcusdt
811,2019-09-09 07:56:34,1900.6227,omgusdt
815,2019-09-09 07:56:36,4986.5184,ltcbtc
816,2019-09-09 07:56:36,8.0781,gntusdt
812,2019-09-09 07:56:41,7005.298,ethusdt
816,2019-09-09 07:56:49,9.156,aeeth
810,2019-09-09 07:56:53,1048.3083,ltcusdt
807,2019-09-09 07:56:54,32.2857,wtceth
810,2019-09-09 07:56:54,7059.8978,ethbtc
820,2019-09-09 07:56:58,0.0652,mcoeth
813,2019-09-09 07:56:58,159.0801,zrxusdt
812,2019-09-09 07:57:01,3918.0446,omgusdt
816,2019-09-09 07:57:01,3750.6239,ltcbtc
814,2019-09-09 07:57:06,1426.1027,etcusdt
817,2019-09-09 07:57:14,8.3524,aeeth
818,2019-09-09 07:57:17,18637.5756,btcusdt
817,2019-09-09 07:57:21,27.7968,gntusdt
814,2019-09-09 07:57:24,170.6481,zrxusdt
813,2019-09-09 07:57:25,8504.2492,ethusdt
808,2019-09-09 07:57:27,32.8691,wtceth
817,2019-09-09 07:57:28,5192.2272,ltcbtc
811,2019-09-09 07:57:36,3053.0429,ltcusdt
821,2019-09-09 07:57:37,1.1642,mcoeth
813,2019-09-09 07:57:37,3508.8383,omgusdt
811,2019-09-09 07:57:38,9318.3252,ethbtc
815,2019-09-09 07:57:38,1736.0891,etcusdt
818,2019-09-09 07:57:44,6.1082,aeeth
819,2019-09-09 07:57:49,8318.8628,btcusdt
818,2019-09-09 07:57:58,6.0306,gntusdt
815,2019-09-09 07:58:01,131.5766,zrxusdt
812,2019-09-09 07:58:05,7974.1026,ethbtc
818,2019-09-09 07:58:06,585.1475,ltcbtc
814,2019-09-09 07:58:06,2249.9956,ethusdt
809,2019-09-09 07:58:11,13.0336,wtceth
822,2019-09-09 07:58:15,0.8644,mcoeth
819,2019-09-09 07:58:16,18.0537,aeeth
820,2019-09-09 07:58:17,48012.9143,btcusdt
812,2019-09-09 07:58:17,410.4307,ltcusdt
814,2019-09-09 07:58:21,1608.5714,omgusdt
816,2019-09-09 07:58:23,2788.7127,etcusdt
819,2019-09-09 07:58:23,26.3078,gntusdt
813,2019-09-09 07:58:30,184.7497,ethbtc
815,2019-09-09 07:58:33,12997.5178,ethusdt
816,2019-09-09 07:58:36,96.993,zrxusdt
821,2019-09-09 07:58:42,24279.1199,btcusdt
820,2019-09-09 07:58:43,1.4479,aeeth
823,2019-09-09 07:58:44,0.0113,mcoeth
815,2019-09-09 07:58:47,3562.5987,omgusdt
819,2019-09-09 07:58:48,3461.5786,ltcbtc
813,2019-09-09 07:58:48,900.1621,ltcusdt
810,2019-09-09 07:58:56,7.0671,wtceth
817,2019-09-09 07:58:59,1476.9468,etcusdt
817,2019-09-09 07:59:01,178.8968,zrxusdt
820,2019-09-09 07:59:05,13.6889,gntusdt
814,2019-09-09 07:59:08,9756.9537,ethbtc
816,2019-09-09 07:59:12,3417.5078,ethusdt
820,2019-09-09 07:59:15,2660.9901,ltcbtc
822,2019-09-09 07:59:17,12680.3756,btcusdt
816,2019-09-09 07:59:20,2272.6242,omgusdt
824,2019-09-09 07:59:22,0.2634,mcoeth
814,2019-09-09 07:59:24,3068.2759,ltcusdt
821,2019-09-09 07:59:28,8.8601,aeeth
811,2019-09-09 07:59:30,38.932,wtceth
821,2019-09-09 07:59:30,9.3712,gntusdt
818,2019-09-09 07:59:37,1838.9723,etcusdt
815,2019-09-09 07:59:43,11420.7795,ethbtc
818,2019-09-09 07:59:46,4.122,zrxusdt
825,2019-09-09 07:59:47,1.1534,mcoeth
817,2019-09-09 07:59:47,11354.5521,ethusdt
817,2019-09-09 07:59:51,2270.2455,omgusdt
821,2019-09-09 07:59:52,4699.1058,ltcbtc
815,2019-09-09 07:59:54,2476.1114,ltcusdt
823,2019-09-09 07:59:59,45497.576,btcusdt
824,2019-09-09 08:00:26,26387.3494,btcusdt
812,2019-09-09 08:00:28,21.2244,wtceth
816,2019-09-09 08:00:30,3790.8304,ltcusdt
818,2019-09-09 08:00:30,20953.8301,ethusdt
818,2019-09-09 08:00:31,1380.0995,omgusdt
819,2019-09-09 08:00:33,27.2416,zrxusdt
822,2019-09-09 08:00:35,14.2532,aeeth
819,2019-09-09 08:00:39,4256.5918,etcusdt
826,2019-09-09 08:00:42,0.0603,mcoeth
822,2019-09-09 08:00:42,23.0945,gntusdt
822,2019-09-09 08:00:43,3631.6583,ltcbtc
816,2019-09-09 08:00:43,9404.3707,ethbtc
817,2019-09-09 08:01:00,1613.65,ltcusdt
819,2019-09-09 08:01:04,282.8688,omgusdt
813,2019-09-09 08:01:07,24.2858,wtceth
823,2019-09-09 08:01:08,6.4631,aeeth
825,2019-09-09 08:01:10,3004.3307,btcusdt
820,2019-09-09 08:01:10,48.5969,zrxusdt
823,2019-09-09 08:01:12,2163.6307,ltcbtc
819,2019-09-09 08:01:14,15637.0728,ethusdt
827,2019-09-09 08:01:16,0.2693,mcoeth
820,2019-09-09 08:01:18,3728.5872,etcusdt
817,2019-09-09 08:01:19,775.7452,ethbtc
823,2019-09-09 08:01:20,20.6722,gntusdt
821,2019-09-09 08:01:35,178.8225,zrxusdt
818,2019-09-09 08:01:35,2568.3135,ltcusdt
820,2019-09-09 08:01:41,7074.9924,ethusdt
820,2019-09-09 08:01:42,1041.1888,omgusdt
818,2019-09-09 08:01:44,4328.4409,ethbtc
814,2019-09-09 08:01:45,45.0129,wtceth
826,2019-09-09 08:01:46,46186.3712,btcusdt
824,2019-09-09 08:01:49,4.892,aeeth
821,2019-09-09 08:01:51,1064.2837,etcusdt
824,2019-09-09 08:01:55,492.5338,ltcbtc
819,2019-09-09 08:02:00,5739.5573,ltcusdt
824,2019-09-09 08:02:00,4.6872,gntusdt
828,2019-09-09 08:02:01,1.0997,mcoeth
821,2019-09-09 08:02:06,8256.0006,ethusdt
822,2019-09-09 08:02:06,149.645,zrxusdt
815,2019-09-09 08:02:17,11.9723,wtceth
827,2019-09-09 08:02:17,1231.2929,btcusdt
819,2019-09-09 08:02:18,575.7536,ethbtc
825,2019-09-09 08:02:23,1711.9802,ltcbtc
821,2019-09-09 08:02:23,2064.576,omgusdt
822,2019-09-09 08:02:26,4241.3925,etcusdt
825,2019-09-09 08:02:28,0.3925,aeeth
829,2019-09-09 08:02:29,1.1164,mcoeth
825,2019-09-09 08:02:31,18.8294,gntusdt
820,2019-09-09 08:02:34,3041.4186,ltcusdt
823,2019-09-09 08:02:38,134.6076,zrxusdt
816,2019-09-09 08:02:47,45.4432,wtceth
822,2019-09-09 08:02:50,16180.517,ethusdt
826,2019-09-09 08:02:51,4448.4779,ltcbtc
820,2019-09-09 08:02:59,2683.9815,ethbtc
828,2019-09-09 08:03:00,52129.4341,btcusdt
822,2019-09-09 08:03:02,510.8492,omgusdt
826,2019-09-09 08:03:06,0.1833,aeeth
830,2019-09-09 08:03:08,0.9392,mcoeth
823,2019-09-09 08:03:08,2734.7729,etcusdt
826,2019-09-09 08:03:08,8.2369,gntusdt
824,2019-09-09 08:03:09,192.2865,zrxusdt
827,2019-09-09 08:03:16,5050.3797,ltcbtc
821,2019-09-09 08:03:18,4853.4878,ltcusdt
823,2019-09-09 08:03:24,7925.5817,ethusdt
817,2019-09-09 08:03:25,70.6654,wtceth
823,2019-09-09 08:03:30,2562.1971,omgusdt
827,2019-09-09 08:03:33,9.7363,aeeth
821,2019-09-09 08:03:34,1879.9515,ethbtc
825,2019-09-09 08:03:35,150.7282,zrxusdt
829,2019-09-09 08:03:41,29606.7868,btcusdt
822,2019-09-09 08:03:44,4842.5588,ltcusdt
827,2019-09-09 08:03:45,29.0203,gntusdt
828,2019-09-09 08:03:46,2611.9171,ltcbtc
824,2019-09-09 08:03:47,1394.9571,etcusdt
831,2019-09-09 08:03:52,1.3537,mcoeth
824,2019-09-09 08:04:01,15257.697,ethusdt
824,2019-09-09 08:04:01,2450.4751,omgusdt
818,2019-09-09 08:04:02,61.0933,wtceth
822,2019-09-09 08:04:13,2658.4845,ethbtc
828,2019-09-09 08:04:13,5.8555,aeeth
826,2019-09-09 08:04:14,199.069,zrxusdt
823,2019-09-09 08:04:15,2932.0346,ltcusdt
828,2019-09-09 08:04:17,24.3102,gntusdt
825,2019-09-09 08:04:18,1770.1337,etcusdt
832,2019-09-09 08:04:18,0.596,mcoeth
829,2019-09-09 08:04:21,746.9784,ltcbtc
830,2019-09-09 08:04:24,45756.6256,btcusdt
825,2019-09-09 08:04:29,10397.5477,ethusdt
825,2019-09-09 08:04:42,1021.8267,omgusdt
823,2019-09-09 08:04:42,5734.3162,ethbtc
819,2019-09-09 08:04:42,48.8774,wtceth
827,2019-09-09 08:04:48,65.5391,zrxusdt
826,2019-09-09 08:04:51,2047.8676,etcusdt
833,2019-09-09 08:04:53,0.6528,mcoeth
829,2019-09-09 08:04:54,4.01,aeeth
829,2019-09-09 08:04:55,12.7678,gntusdt
824,2019-09-09 08:04:58,5112.5881,ltcusdt
831,2019-09-09 08:04:58,71609.7503,btcusdt
830,2019-09-09 08:05:03,1085.548,ltcbtc
826,2019-09-09 08:05:10,16929.384,ethusdt
824,2019-09-09 08:05:12,7500.3218,ethbtc
820,2019-09-09 08:05:17,40.8932,wtceth
826,2019-09-09 08:05:19,463.0629,omgusdt
827,2019-09-09 08:05:21,3629.0071,etcusdt
830,2019-09-09 08:05:22,10.2306,aeeth
830,2019-09-09 08:05:23,15.8508,gntusdt
832,2019-09-09 08:05:27,58291.0685,btcusdt
834,2019-09-09 08:05:27,0.3216,mcoeth
828,2019-09-09 08:05:33,187.2003,zrxusdt
827,2019-09-09 08:05:38,13130.18,ethusdt
825,2019-09-09 08:05:42,362.3641,ltcusdt
828,2019-09-09 08:05:46,2046.8715,etcusdt
831,2019-09-09 08:05:46,2512.6875,ltcbtc
825,2019-09-09 08:05:48,3577.8409,ethbtc
821,2019-09-09 08:05:57,26.1253,wtceth
827,2019-09-09 08:05:59,2786.0138,omgusdt
831,2019-09-09 08:06:01,24.3009,gntusdt
829,2019-09-09 08:06:06,6.4791,zrxusdt
831,2019-09-09 08:06:07,0.8299,aeeth
833,2019-09-09 08:06:08,46627.5553,btcusdt
835,2019-09-09 08:06:08,0.88,mcoeth
828,2019-09-09 08:06:12,5339.5515,ethusdt
826,2019-09-09 08:06:16,1457.9125,ltcusdt
822,2019-09-09 08:06:29,29.1017,wtceth
829,2019-09-09 08:06:29,166.7493,etcusdt
832,2019-09-09 08:06:30,3213.1604,ltcbtc
826,2019-09-09 08:06:30,3936.6236,ethbtc
832,2019-09-09 08:06:33,9.0794,gntusdt
828,2019-09-09 08:06:36,621.3969,omgusdt
832,2019-09-09 08:06:38,1.7418,aeeth
836,2019-09-09 08:06:38,0.3192,mcoeth
834,2019-09-09 08:06:39,57392.6686,btcusdt
827,2019-09-09 08:06:42,2895.4288,ltcusdt
830,2019-09-09 08:06:51,58.4196,zrxusdt
829,2019-09-09 08:06:56,5822.8023,ethusdt
833,2019-09-09 08:07:01,9.74,gntusdt
833,2019-09-09 08:07:01,4081.6674,ltcbtc
828,2019-09-09 08:07:07,3899.3622,ltcusdt
829,2019-09-09 08:07:07,1232.7036,omgusdt
827,2019-09-09 08:07:10,11667.9366,ethbtc
835,2019-09-09 08:07:14,37570.2782,btcusdt
830,2019-09-09 08:07:14,3598.8891,etcusdt
823,2019-09-09 08:07:14,18.4282,wtceth
837,2019-09-09 08:07:19,0.8694,mcoeth
833,2019-09-09 08:07:19,4.4285,aeeth
830,2019-09-09 08:07:25,2620.5434,ethusdt
831,2019-09-09 08:07:30,170.0393,zrxusdt
834,2019-09-09 08:07:32,4438.0687,ltcbtc
830,2019-09-09 08:07:33,2090.619,omgusdt
829,2019-09-09 08:07:34,1628.7693,ltcusdt
834,2019-09-09 08:07:44,0.6668,gntusdt
836,2019-09-09 08:07:44,48651.7731,btcusdt
831,2019-09-09 08:07:45,4050.6906,etcusdt
824,2019-09-09 08:07:46,46.4448,wtceth
834,2019-09-09 08:07:47,11.3455,aeeth
828,2019-09-09 08:07:47,9438.8808,ethbtc
831,2019-09-09 08:07:53,11972.7299,ethusdt
832,2019-09-09 08:07:56,130.9802,zrxusdt
838,2019-09-09 08:08:03,1.0709,mcoeth
825,2019-09-09 08:08:12,76.3755,wtceth
831,2019-09-09 08:08:13,1732.0651,omgusdt
832,2019-09-09 08:08:14,188.4548,etcusdt
830,2019-09-09 08:08:16,3655.9113,ltcusdt
835,2019-09-09 08:08:17,1201.4233,ltcbtc
832,2019-09-09 08:08:20,12570.4768,ethusdt
837,2019-09-09 08:08:22,61532.9325,btcusdt
835,2019-09-09 08:08:25,32.1268,gntusdt
833,2019-09-09 08:08:25,137.4967,zrxusdt
829,2019-09-09 08:08:25,7897.8542,ethbtc
835,2019-09-09 08:08:29,9.0019,aeeth
839,2019-09-09 08:08:36,1.1156,mcoeth
833,2019-09-09 08:08:39,1466.9239,etcusdt
831,2019-09-09 08:08:42,3990.2817,ltcusdt
836,2019-09-09 08:08:46,1668.695,ltcbtc
830,2019-09-09 08:08:51,2053.5522,ethbtc
826,2019-09-09 08:08:51,27.2852,wtceth
833,2019-09-09 08:08:53,12253.3278,ethusdt
832,2019-09-09 08:08:54,499.1466,omgusdt
834,2019-09-09 08:08:58,128.8657,zrxusdt
838,2019-09-09 08:09:01,37387.0122,btcusdt
836,2019-09-09 08:09:07,5.9347,gntusdt
834,2019-09-09 08:09:07,1918.304,etcusdt
832,2019-09-09 08:09:08,5028.4348,ltcusdt
836,2019-09-09 08:09:13,8.4081,aeeth
840,2019-09-09 08:09:17,0.5306,mcoeth
831,2019-09-09 08:09:23,8862.7796,ethbtc
835,2019-09-09 08:09:24,151.1149,zrxusdt
837,2019-09-09 08:09:26,1694.2286,ltcbtc
839,2019-09-09 08:09:31,21302.1589,btcusdt
833,2019-09-09 08:09:34,1895.2788,ltcusdt
827,2019-09-09 08:09:35,40.9952,wtceth
833,2019-09-09 08:09:37,2910.8607,omgusdt
834,2019-09-09 08:09:38,1623.0886,ethusdt
837,2019-09-09 08:09:38,7.9847,aeeth
837,2019-09-09 08:09:42,28.122,gntusdt
835,2019-09-09 08:09:42,51.7529,etcusdt
838,2019-09-09 08:09:55,3560.7323,ltcbtc
832,2019-09-09 08:09:56,11065.3235,ethbtc
840,2019-09-09 08:09:56,24064.2761,btcusdt
841,2019-09-09 08:09:58,0.4721,mcoeth
836,2019-09-09 08:10:04,199.6352,zrxusdt
834,2019-09-09 08:10:05,1249.2758,ltcusdt
834,2019-09-09 08:10:07,3492.4575,omgusdt
838,2019-09-09 08:10:08,4.7499,aeeth
838,2019-09-09 08:10:09,7.6001,gntusdt
828,2019-09-09 08:10:12,24.2384,wtceth
835,2019-09-09 08:10:19,19809.3572,ethusdt
836,2019-09-09 08:10:19,187.7277,etcusdt
833,2019-09-09 08:10:24,9720.4417,ethbtc
841,2019-09-09 08:10:30,50034.5605,btcusdt
835,2019-09-09 08:10:31,5273.9951,ltcusdt
835,2019-09-09 08:10:32,3721.1613,omgusdt
829,2019-09-09 08:10:37,69.2959,wtceth
842,2019-09-09 08:10:37,0.5048,mcoeth
839,2019-09-09 08:10:38,27.2734,gntusdt
839,2019-09-09 08:10:40,1966.0831,ltcbtc
839,2019-09-09 08:10:44,7.8017,aeeth
837,2019-09-09 08:10:48,146.4725,zrxusdt
837,2019-09-09 08:10:53,391.2476,etcusdt
834,2019-09-09 08:10:56,9011.5099,ethbtc
842,2019-09-09 08:10:58,27615.4799,btcusdt
836,2019-09-09 08:11:01,16044.4945,ethusdt
836,2019-09-09 08:11:05,1378.0368,omgusdt
840,2019-09-09 08:11:12,25.4932,gntusdt
836,2019-09-09 08:11:14,1019.7357,ltcusdt
830,2019-09-09 08:11:17,74.5323,wtceth
843,2019-09-09 08:11:22,0.8664,mcoeth
840,2019-09-09 08:11:23,407.7426,ltcbtc
838,2019-09-09 08:11:26,231.7382,etcusdt
838,2019-09-09 08:11:28,80.8406,zrxusdt
840,2019-09-09 08:11:28,11.2466,aeeth
843,2019-09-09 08:11:31,12853.3289,btcusdt
835,2019-09-09 08:11:37,1737.4842,ethbtc
837,2019-09-09 08:11:38,4578.3295,ethusdt
841,2019-09-09 08:11:42,11.0214,gntusdt
837,2019-09-09 08:11:43,2077.125,omgusdt
837,2019-09-09 08:11:51,2578.6154,ltcusdt
839,2019-09-09 08:11:55,50.6787,zrxusdt
831,2019-09-09 08:11:57,81.1247,wtceth
841,2019-09-09 08:12:01,14.4526,aeeth
839,2019-09-09 08:12:02,1248.1721,etcusdt
841,2019-09-09 08:12:02,1550.2434,ltcbtc
844,2019-09-09 08:12:03,0.9096,mcoeth
838,2019-09-09 08:12:07,7159.7872,ethusdt
842,2019-09-09 08:12:14,10.4506,gntusdt
836,2019-09-09 08:12:16,13077.3787,ethbtc
844,2019-09-09 08:12:16,22609.048,btcusdt
840,2019-09-09 08:12:20,119.1297,zrxusdt
838,2019-09-09 08:12:20,2594.6689,omgusdt
838,2019-09-09 08:12:29,4244.4974,ltcusdt
839,2019-09-09 08:12:34,15955.6037,ethusdt
832,2019-09-09 08:12:34,0.8067,wtceth
842,2019-09-09 08:12:35,1643.0877,ltcbtc
845,2019-09-09 08:12:42,1.1799,mcoeth
842,2019-09-09 08:12:43,2.1228,aeeth
840,2019-09-09 08:12:47,3170.1344,etcusdt
845,2019-09-09 08:12:51,7070.2593,btcusdt
843,2019-09-09 08:12:55,29.3231,gntusdt
837,2019-09-09 08:12:57,5259.7741,ethbtc
839,2019-09-09 08:12:57,418.1599,ltcusdt
839,2019-09-09 08:13:01,3371.9059,omgusdt
841,2019-09-09 08:13:01,104.3449,zrxusdt
833,2019-09-09 08:13:01,11.9278,wtceth
840,2019-09-09 08:13:07,6205.4566,ethusdt
846,2019-09-09 08:13:11,1.1943,mcoeth
841,2019-09-09 08:13:14,1497.5013,etcusdt
843,2019-09-09 08:13:15,3726.0627,ltcbtc
843,2019-09-09 08:13:18,9.3181,aeeth
834,2019-09-09 08:13:34,77.128,wtceth
842,2019-09-09 08:13:34,187.6669,zrxusdt
846,2019-09-09 08:13:35,44870.2175,btcusdt
838,2019-09-09 08:13:36,4144.6021,ethbtc
840,2019-09-09 08:13:36,1682.9696,omgusdt
844,2019-09-09 08:13:36,21.6822,gntusdt
841,2019-09-09 08:13:38,16742.7148,ethusdt
840,2019-09-09 08:13:42,5664.6491,ltcusdt
847,2019-09-09 08:13:49,0.9311,mcoeth
844,2019-09-09 08:13:51,203.7319,ltcbtc
842,2019-09-09 08:13:52,4135.0713,etcusdt
844,2019-09-09 08:13:57,0.7659,aeeth
839,2019-09-09 08:14:07,13393.1951,ethbtc
847,2019-09-09 08:14:08,59297.5933,btcusdt
841,2019-09-09 08:14:12,2727.568,omgusdt
845,2019-09-09 08:14:13,10.3132,gntusdt
842,2019-09-09 08:14:13,17458.0588,ethusdt
843,2019-09-09 08:14:13,50.6015,zrxusdt
841,2019-09-09 08:14:15,2241.8715,ltcusdt
845,2019-09-09 08:14:17,2192.3281,ltcbtc
835,2019-09-09 08:14:19,3.7576,wtceth
843,2019-09-09 08:14:22,2014.9954,etcusdt
845,2019-09-09 08:14:25,5.461,aeeth
848,2019-09-09 08:14:27,0.7997,mcoeth
840,2019-09-09 08:14:34,10547.7585,ethbtc
836,2019-09-09 08:14:48,21.7566,wtceth
844,2019-09-09 08:14:48,968.639,etcusdt
844,2019-09-09 08:14:50,160.7649,zrxusdt
846,2019-09-09 08:14:50,828.4379,ltcbtc
842,2019-09-09 08:14:50,1759.7415,omgusdt
846,2019-09-09 08:14:52,14.2973,gntusdt
848,2019-09-09 08:14:52,52970.4446,btcusdt
842,2019-09-09 08:14:53,6579.6013,ltcusdt
843,2019-09-09 08:14:54,20481.5484,ethusdt
849,2019-09-09 08:14:56,1.2513,mcoeth
841,2019-09-09 08:15:02,11153.4533,ethbtc
846,2019-09-09 08:15:10,13.5339,aeeth
837,2019-09-09 08:15:13,22.7443,wtceth
847,2019-09-09 08:15:15,4454.7539,ltcbtc
847,2019-09-09 08:15:17,3.4322,gntusdt
843,2019-09-09 08:15:19,5996.1405,ltcusdt
843,2019-09-09 08:15:21,3299.5776,omgusdt
845,2019-09-09 08:15:21,3099.6904,etcusdt
850,2019-09-09 08:15:21,0.2273,mcoeth
845,2019-09-09 08:15:30,17.6501,zrxusdt
849,2019-09-09 08:15:35,16747.0038,btcusdt
844,2019-09-09 08:15:35,14428.8812,ethusdt
847,2019-09-09 08:15:39,8.5146,aeeth
842,2019-09-09 08:15:40,186.448,ethbtc
838,2019-09-09 08:15:44,44.9048,wtceth
844,2019-09-09 08:15:44,6010.2292,ltcusdt
848,2019-09-09 08:15:48,3322.886,ltcbtc
844,2019-09-09 08:15:54,1439.224,omgusdt
851,2019-09-09 08:15:54,0.1186,mcoeth
846,2019-09-09 08:15:57,107.2199,zrxusdt
848,2019-09-09 08:16:01,12.0013,gntusdt
846,2019-09-09 08:16:03,3463.5507,etcusdt
843,2019-09-09 08:16:06,307.2475,ethbtc
850,2019-09-09 08:16:07,39187.5051,btcusdt
845,2019-09-09 08:16:10,8858.9182,ethusdt
845,2019-09-09 08:16:10,5980.684,ltcusdt
839,2019-09-09 08:16:16,73.3418,wtceth
848,2019-09-09 08:16:17,9.9406,aeeth
847,2019-09-09 08:16:24,95.0391,zrxusdt
849,2019-09-09 08:16:25,1437.4659,ltcbtc
845,2019-09-09 08:16:27,758.2102,omgusdt
844,2019-09-09 08:16:33,12733.0474,ethbtc
852,2019-09-09 08:16:34,0.1021,mcoeth
851,2019-09-09 08:16:39,33015.503,btcusdt
849,2019-09-09 08:16:41,8.3043,gntusdt
846,2019-09-09 08:16:42,90.9228,ltcusdt
849,2019-09-09 08:16:43,8.8171,aeeth
847,2019-09-09 08:16:43,739.2074,etcusdt
840,2019-09-09 08:16:45,28.6135,wtceth
846,2019-09-09 08:16:55,6045.3165,ethusdt
850,2019-09-09 08:16:57,1992.0644,ltcbtc
848,2019-09-09 08:17:02,56.5747,zrxusdt
845,2019-09-09 08:17:05,5312.7007,ethbtc
846,2019-09-09 08:17:05,2171.9593,omgusdt
850,2019-09-09 08:17:09,13.4769,aeeth
852,2019-09-09 08:17:09,39474.0977,btcusdt
853,2019-09-09 08:17:13,1.1117,mcoeth
841,2019-09-09 08:17:15,46.0513,wtceth
850,2019-09-09 08:17:21,9.7747,gntusdt
847,2019-09-09 08:17:22,4047.1751,ltcusdt
848,2019-09-09 08:17:23,4555.5763,etcusdt
851,2019-09-09 08:17:29,3018.2931,ltcbtc
847,2019-09-09 08:17:30,883.5639,omgusdt
849,2019-09-09 08:17:30,129.4379,zrxusdt
853,2019-09-09 08:17:39,24231.848,btcusdt
847,2019-09-09 08:17:39,11573.6688,ethusdt
842,2019-09-09 08:17:41,75.5715,wtceth
854,2019-09-09 08:17:49,0.716,mcoeth
846,2019-09-09 08:17:49,3282.2484,ethbtc
851,2019-09-09 08:17:51,15.4837,gntusdt
851,2019-09-09 08:17:53,13.28,aeeth
848,2019-09-09 08:17:58,4077.6656,ltcusdt
852,2019-09-09 08:18:00,3306.3734,ltcbtc
843,2019-09-09 08:18:07,0.8148,wtceth
848,2019-09-09 08:18:07,16088.7981,ethusdt
849,2019-09-09 08:18:08,4459.215,etcusdt
854,2019-09-09 08:18:11,4074.1015,btcusdt
848,2019-09-09 08:18:11,267.6757,omgusdt
850,2019-09-09 08:18:13,10.5901,zrxusdt
852,2019-09-09 08:18:20,10.2336,aeeth
852,2019-09-09 08:18:21,6.6573,gntusdt
855,2019-09-09 08:18:31,0.192,mcoeth
847,2019-09-09 08:18:32,2680.7773,ethbtc
844,2019-09-09 08:18:35,33.3995,wtceth
850,2019-09-09 08:18:35,2007.2366,etcusdt
849,2019-09-09 08:18:36,9549.1512,ethusdt
849,2019-09-09 08:18:41,3500.756,ltcusdt
855,2019-09-09 08:18:43,2467.7381,btcusdt
851,2019-09-09 08:18:43,39.3669,zrxusdt
853,2019-09-09 08:18:44,5057.4478,ltcbtc
849,2019-09-09 08:18:50,406.2134,omgusdt
853,2019-09-09 08:19:03,5.5175,aeeth
853,2019-09-09 08:19:04,3.5967,gntusdt
856,2019-09-09 08:19:05,1.261,mcoeth
848,2019-09-09 08:19:05,1133.6464,ethbtc
850,2019-09-09 08:19:06,20515.9578,ethusdt
851,2019-09-09 08:19:08,1146.6047,etcusdt
852,2019-09-09 08:19:09,150.5415,zrxusdt
845,2019-09-09 08:19:17,44.2075,wtceth
856,2019-09-09 08:19:18,32884.2582,btcusdt
854,2019-09-09 08:19:18,496.1098,ltcbtc
850,2019-09-09 08:19:26,5592.329,ltcusdt
850,2019-09-09 08:19:31,2993.0731,omgusdt
857,2019-09-09 08:19:33,0.0227,mcoeth
853,2019-09-09 08:19:36,48.9499,zrxusdt
854,2019-09-09 08:19:38,27.4976,gntusdt
849,2019-09-09 08:19:39,8083.9723,ethbtc
852,2019-09-09 08:19:43,2539.9073,etcusdt
854,2019-09-09 08:19:45,13.2497,aeeth
851,2019-09-09 08:19:45,8171.1938,ethusdt
855,2019-09-09 08:19:46,2905.4175,ltcbtc
846,2019-09-09 08:19:47,59.3611,wtceth
857,2019-09-09 08:19:52,3571.7114,btcusdt
851,2019-09-09 08:20:03,1647.8334,ltcusdt
853,2019-09-09 08:20:09,2636.7882,etcusdt
850,2019-09-09 08:20:11,8149.043,ethbtc
854,2019-09-09 08:20:13,47.8835,zrxusdt
851,2019-09-09 08:20:15,2027.2757,omgusdt
858,2019-09-09 08:20:15,0.1897,mcoeth
858,2019-09-09 08:20:18,42728.9985,btcusdt
855,2019-09-09 08:20:19,30.4748,gntusdt
852,2019-09-09 08:20:23,6062.5025,ethusdt
847,2019-09-09 08:20:25,37.3539,wtceth
855,2019-09-09 08:20:28,12.2815,aeeth
856,2019-09-09 08:20:30,3213.9619,ltcbtc
852,2019-09-09 08:20:34,396.6163,ltcusdt
854,2019-09-09 08:20:34,4378.6527,etcusdt
852,2019-09-09 08:20:50,3342.3502,omgusdt
851,2019-09-09 08:20:52,12350.3004,ethbtc
855,2019-09-09 08:20:52,163.7834,zrxusdt
859,2019-09-09 08:20:56,0.7491,mcoeth
853,2019-09-09 08:20:57,10038.8524,ethusdt
856,2019-09-09 08:21:00,15.8036,gntusdt
859,2019-09-09 08:21:01,54586.6122,btcusdt
848,2019-09-09 08:21:02,50.7134,wtceth
856,2019-09-09 08:21:06,4.5373,aeeth
855,2019-09-09 08:21:12,241.0014,etcusdt
857,2019-09-09 08:21:13,4030.6301,ltcbtc
853,2019-09-09 08:21:14,3044.114,ltcusdt
856,2019-09-09 08:21:20,143.7849,zrxusdt
852,2019-09-09 08:21:26,7382.917,ethbtc
854,2019-09-09 08:21:28,9769.251,ethusdt
849,2019-09-09 08:21:30,48.7808,wtceth
860,2019-09-09 08:21:32,0.4107,mcoeth
853,2019-09-09 08:21:34,2780.9089,omgusdt
860,2019-09-09 08:21:36,54450.9025,btcusdt
857,2019-09-09 08:21:39,13.5368,gntusdt
857,2019-09-09 08:21:42,8.0968,aeeth
854,2019-09-09 08:21:42,5767.4062,ltcusdt
858,2019-09-09 08:21:48,2576.622,ltcbtc
857,2019-09-09 08:21:52,157.0781,zrxusdt
856,2019-09-09 08:21:52,2463.0565,etcusdt
855,2019-09-09 08:21:54,1996.0398,ethusdt
850,2019-09-09 08:22:03,36.5249,wtceth
853,2019-09-09 08:22:07,8993.7398,ethbtc
858,2019-09-09 08:22:10,33.3937,gntusdt
861,2019-09-09 08:22:12,0.5645,mcoeth
855,2019-09-09 08:22:14,3563.5691,ltcusdt
858,2019-09-09 08:22:15,9.3411,aeeth
854,2019-09-09 08:22:17,1536.9177,omgusdt
857,2019-09-09 08:22:18,3062.1211,etcusdt
861,2019-09-09 08:22:18,10112.1112,btcusdt
859,2019-09-09 08:22:19,349.1966,ltcbtc
858,2019-09-09 08:22:26,47.707,zrxusdt
856,2019-09-09 08:22:33,6710.3553,ethusdt
851,2019-09-09 08:22:36,51.5888,wtceth
859,2019-09-09 08:22:40,5.4093,gntusdt
854,2019-09-09 08:22:40,4855.1099,ethbtc
860,2019-09-09 08:22:46,2423.9427,ltcbtc
858,2019-09-09 08:22:46,1735.3649,etcusdt
859,2019-09-09 08:22:48,0.8827,aeeth
855,2019-09-09 08:22:48,2163.0986,omgusdt
862,2019-09-09 08:22:55,1.2135,mcoeth
859,2019-09-09 08:22:55,172.0152,zrxusdt
856,2019-09-09 08:22:56,2552.606,ltcusdt
862,2019-09-09 08:22:56,41.2551,btcusdt
857,2019-09-09 08:23:12,2733.6767,ethusdt
861,2019-09-09 08:23:13,3971.5854,ltcbtc
856,2019-09-09 08:23:13,2632.7191,omgusdt
860,2019-09-09 08:23:14,5.1526,aeeth
852,2019-09-09 08:23:15,62.2533,wtceth
860,2019-09-09 08:23:17,33.4558,gntusdt
859,2019-09-09 08:23:20,3399.1271,etcusdt
863,2019-09-09 08:23:21,33443.6158,btcusdt
855,2019-09-09 08:23:25,2334.6602,ethbtc
860,2019-09-09 08:23:26,79.2236,zrxusdt
863,2019-09-09 08:23:31,0.2487,mcoeth
857,2019-09-09 08:23:39,3485.1223,ltcusdt
853,2019-09-09 08:23:41,20.3618,wtceth
858,2019-09-09 08:23:41,14606.3709,ethusdt
857,2019-09-09 08:23:41,3452.9464,omgusdt
861,2019-09-09 08:23:44,27.3836,gntusdt
862,2019-09-09 08:23:45,1038.6605,ltcbtc
861,2019-09-09 08:23:48,13.3983,aeeth
856,2019-09-09 08:23:55,622.5335,ethbtc
864,2019-09-09 08:23:56,35925.4179,btcusdt
860,2019-09-09 08:23:56,1047.5071,etcusdt
864,2019-09-09 08:24:08,1.1406,mcoeth
861,2019-09-09 08:24:09,74.2096,zrxusdt
858,2019-09-09 08:24:12,579.5788,omgusdt
862,2019-09-09 08:24:17,5.132,aeeth
863,2019-09-09 08:24:17,2389.5128,ltcbtc
859,2019-09-09 08:24:19,8704.7328,ethusdt
862,2019-09-09 08:24:22,6.0718,gntusdt
858,2019-09-09 08:24:23,5046.1469,ltcusdt
854,2019-09-09 08:24:24,39.9736,wtceth
861,2019-09-09 08:24:26,1078.083,etcusdt
865,2019-09-09 08:24:28,2368.8622,btcusdt
857,2019-09-09 08:24:28,8383.1548,ethbtc
865,2019-09-09 08:24:34,1.0677,mcoeth
860,2019-09-09 08:24:45,6239.3682,ethusdt
859,2019-09-09 08:24:46,3401.229,omgusdt
862,2019-09-09 08:24:50,91.0474,zrxusdt
864,2019-09-09 08:24:56,3045.595,ltcbtc
858,2019-09-09 08:24:57,6615.0165,ethbtc
859,2019-09-09 08:24:58,1193.99,ltcusdt
863,2019-09-09 08:25:00,31.1195,gntusdt
863,2019-09-09 08:25:01,3.2823,aeeth
855,2019-09-09 08:25:07,82.8837,wtceth
862,2019-09-09 08:25:09,2609.173,etcusdt
866,2019-09-09 08:25:10,61831.655,btcusdt
860,2019-09-09 08:25:11,3417.921,omgusdt
861,2019-09-09 08:25:11,16624.8817,ethusdt
866,2019-09-09 08:25:18,0.8506,mcoeth
863,2019-09-09 08:25:20,12.6183,zrxusdt
860,2019-09-09 08:25:25,4357.1736,ltcusdt
859,2019-09-09 08:25:29,2800.7292,ethbtc
864,2019-09-09 08:25:32,31.5807,gntusdt
867,2019-09-09 08:25:37,46301.9974,btcusdt
862,2019-09-09 08:25:37,20957.0952,ethusdt
864,2019-09-09 08:25:38,1.1353,aeeth
865,2019-09-09 08:25:39,130.5588,ltcbtc
856,2019-09-09 08:25:41,69.2442,wtceth
861,2019-09-09 08:25:46,3117.1715,omgusdt
867,2019-09-09 08:25:51,0.831,mcoeth
863,2019-09-09 08:25:52,841.8798,etcusdt
864,2019-09-09 08:25:53,65.0591,zrxusdt
860,2019-09-09 08:26:00,11127.9076,ethbtc
861,2019-09-09 08:26:00,684.2025,ltcusdt
865,2019-09-09 08:26:06,34.2978,gntusdt
863,2019-09-09 08:26:10,6527.7597,ethusdt
868,2019-09-09 08:26:14,39350.764,btcusdt
862,2019-09-09 08:26:15,795.7405,omgusdt
865,2019-09-09 08:26:18,0.0403,aeeth
866,2019-09-09 08:26:20,3999.8254,ltcbtc
857,2019-09-09 08:26:24,71.3693,wtceth
861,2019-09-09 08:26:28,3538.8074,ethbtc
864,2019-09-09 08:26:31,2692.8291,etcusdt
868,2019-09-09 08:26:34,1.0023,mcoeth
862,2019-09-09 08:26:36,5806.9362,ltcusdt
865,2019-09-09 08:26:36,89.0092,zrxusdt
867,2019-09-09 08:26:45,1181.2368,ltcbtc
869,2019-09-09 08:26:47,2656.6617,btcusdt
866,2019-09-09 08:26:48,0.2919,gntusdt
864,2019-09-09 08:26:50,15412.3783,ethusdt
866,2019-09-09 08:26:54,8.954,aeeth
863,2019-09-09 08:27:00,1040.3584,omgusdt
858,2019-09-09 08:27:04,56.094,wtceth
862,2019-09-09 08:27:08,12228.6421,ethbtc
865,2019-09-09 08:27:08,1021.9904,etcusdt
868,2019-09-09 08:27:10,296.2205,ltcbtc
863,2019-09-09 08:27:14,5125.5769,ltcusdt
866,2019-09-09 08:27:15,125.2853,zrxusdt
867,2019-09-09 08:27:15,12.2909,gntusdt
869,2019-09-09 08:27:18,0.3909,mcoeth
870,2019-09-09 08:27:18,30540.8268,btcusdt
865,2019-09-09 08:27:25,18288.1435,ethusdt
867,2019-09-09 08:27:30,12.0569,aeeth
864,2019-09-09 08:27:37,2989.045,omgusdt
869,2019-09-09 08:27:41,2428.5119,ltcbtc
867,2019-09-09 08:27:43,41.0955,zrxusdt
868,2019-09-09 08:27:44,26.4755,gntusdt
864,2019-09-09 08:27:44,1003.0504,ltcusdt
866,2019-09-09 08:27:46,3273.4811,etcusdt
859,2019-09-09 08:27:47,76.3747,wtceth
863,2019-09-09 08:27:49,12381.5476,ethbtc
870,2019-09-09 08:27:58,0.1424,mcoeth
871,2019-09-09 08:28:03,35484.6476,btcusdt
866,2019-09-09 08:28:09,5538.6605,ethusdt
868,2019-09-09 08:28:10,12.1966,aeeth
870,2019-09-09 08:28:16,220.9728,ltcbtc
864,2019-09-09 08:28:20,3857.3349,ethbtc
865,2019-09-09 08:28:20,2849.4552,ltcusdt
865,2019-09-09 08:28:22,666.8499,omgusdt
868,2019-09-09 08:28:26,91.1652,zrxusdt
867,2019-09-09 08:28:27,2592.8447,etcusdt
860,2019-09-09 08:28:27,71.8017,wtceth
869,2019-09-09 08:28:29,15.6401,gntusdt
871,2019-09-09 08:28:35,0.693,mcoeth
872,2019-09-09 08:28:37,68728.7669,btcusdt
869,2019-09-09 08:28:40,3.3957,aeeth
867,2019-09-09 08:28:43,16232.9963,ethusdt
871,2019-09-09 08:28:47,1108.1725,ltcbtc
865,2019-09-09 08:28:49,3673.6983,ethbtc
869,2019-09-09 08:28:57,108.3471,zrxusdt
866,2019-09-09 08:28:59,1425.1117,ltcusdt
866,2019-09-09 08:29:05,1258.4361,omgusdt
870,2019-09-09 08:29:07,4.0326,gntusdt
861,2019-09-09 08:29:09,26.2669,wtceth
872,2019-09-09 08:29:10,0.5839,mcoeth
868,2019-09-09 08:29:10,1590.1431,etcusdt
870,2019-09-09 08:29:14,5.8214,aeeth
873,2019-09-09 08:29:15,1949.0767,btcusdt
868,2019-09-09 08:29:17,5982.539,ethusdt
866,2019-09-09 08:29:26,7141.5087,ethbtc
872,2019-09-09 08:29:29,3214.9819,ltcbtc
867,2019-09-09 08:29:31,891.6715,omgusdt
867,2019-09-09 08:29:37,5842.7326,ltcusdt
870,2019-09-09 08:29:38,65.9353,zrxusdt
869,2019-09-09 08:29:38,3746.0652,etcusdt
874,2019-09-09 08:29:43,62799.4957,btcusdt
871,2019-09-09 08:29:43,14.3506,gntusdt
873,2019-09-09 08:29:44,0.8,mcoeth
871,2019-09-09 08:29:44,5.3027,aeeth
869,2019-09-09 08:29:45,7581.8444,ethusdt
862,2019-09-09 08:29:49,11.0558,wtceth
867,2019-09-09 08:29:52,11082.3859,ethbtc
871,2019-09-09 08:30:07,12.5887,zrxusdt
868,2019-09-09 08:30:11,477.8023,omgusdt
873,2019-09-09 08:30:12,781.6165,ltcbtc
868,2019-09-09 08:30:12,4284.3101,ltcusdt
875,2019-09-09 08:30:12,43927.7724,btcusdt
870,2019-09-09 08:30:14,1600.2724,etcusdt
872,2019-09-09 08:30:19,16.4247,gntusdt
872,2019-09-09 08:30:21,4.8617,aeeth
874,2019-09-09 08:30:22,0.039,mcoeth
870,2019-09-09 08:30:22,7975.4904,ethusdt
868,2019-09-09 08:30:31,1149.0049,ethbtc
863,2019-09-09 08:30:33,3.1878,wtceth
876,2019-09-09 08:30:38,32530.416,btcusdt
874,2019-09-09 08:30:38,3725.6611,ltcbtc
872,2019-09-09 08:30:42,6.8858,zrxusdt
869,2019-09-09 08:30:43,1543.1853,omgusdt
871,2019-09-09 08:30:47,1068.3222,etcusdt
873,2019-09-09 08:30:48,11.5963,aeeth
873,2019-09-09 08:30:50,18.0357,gntusdt
875,2019-09-09 08:30:51,0.3362,mcoeth
869,2019-09-09 08:30:54,2419.5192,ltcusdt
871,2019-09-09 08:30:55,1570.2638,ethusdt
869,2019-09-09 08:30:57,6618.6823,ethbtc
864,2019-09-09 08:31:04,38.2267,wtceth
877,2019-09-09 08:31:07,61570.6394,btcusdt
875,2019-09-09 08:31:11,4446.1622,ltcbtc
872,2019-09-09 08:31:12,2862.7869,etcusdt
873,2019-09-09 08:31:12,157.7009,zrxusdt
876,2019-09-09 08:31:17,0.051,mcoeth
870,2019-09-09 08:31:20,1567.3085,omgusdt
870,2019-09-09 08:31:25,6782.3563,ltcusdt
872,2019-09-09 08:31:28,3814.2338,ethusdt
870,2019-09-09 08:31:30,5492.001,ethbtc
874,2019-09-09 08:31:32,8.919,gntusdt
865,2019-09-09 08:31:33,30.4781,wtceth
874,2019-09-09 08:31:33,8.6401,aeeth
878,2019-09-09 08:31:34,47944.9524,btcusdt
874,2019-09-09 08:31:37,44.6016,zrxusdt
876,2019-09-09 08:31:51,2353.646,ltcbtc
871,2019-09-09 08:31:52,1614.1202,ltcusdt
871,2019-09-09 08:31:52,845.4395,omgusdt
873,2019-09-09 08:31:54,2160.2385,ethusdt
873,2019-09-09 08:31:55,3118.8744,etcusdt
877,2019-09-09 08:31:57,1.1386,mcoeth
871,2019-09-09 08:32:01,11254.0442,ethbtc
875,2019-09-09 08:32:04,17.6262,gntusdt
879,2019-09-09 08:32:08,29276.8697,btcusdt
866,2019-09-09 08:32:11,77.9621,wtceth
875,2019-09-09 08:32:14,82.5691,zrxusdt
875,2019-09-09 08:32:17,3.6272,aeeth
872,2019-09-09 08:32:19,4705.4844,ltcusdt
874,2019-09-09 08:32:22,17142.3706,ethusdt
874,2019-09-09 08:32:25,3147.5252,etcusdt
872,2019-09-09 08:32:27,539.16,omgusdt
877,2019-09-09 08:32:33,3908.8726,ltcbtc
880,2019-09-09 08:32:36,2280.8594,btcusdt
867,2019-09-09 08:32:37,63.0417,wtceth
878,2019-09-09 08:32:39,0.3872,mcoeth
876,2019-09-09 08:32:39,11.7182,gntusdt
872,2019-09-09 08:32:40,5607.7483,ethbtc
876,2019-09-09 08:32:41,80.9828,zrxusdt
875,2019-09-09 08:32:53,8739.5859,ethusdt
873,2019-09-09 08:32:53,538.5225,ltcusdt
873,2019-09-09 08:32:54,2114.7042,omgusdt
875,2019-09-09 08:32:58,1739.2064,etcusdt
876,2019-09-09 08:33:01,2.2102,aeeth
878,2019-09-09 08:33:06,1008.5475,ltcbtc
879,2019-09-09 08:33:06,0.0386,mcoeth
873,2019-09-09 08:33:11,12392.981,ethbtc
868,2019-09-09 08:33:15,19.619,wtceth
881,2019-09-09 08:33:16,9684.4581,btcusdt
877,2019-09-09 08:33:18,17.0682,gntusdt
877,2019-09-09 08:33:20,122.6491,zrxusdt
874,2019-09-09 08:33:24,4378.0306,ltcusdt
876,2019-09-09 08:33:29,13162.9347,ethusdt
879,2019-09-09 08:33:33,3319.0057,ltcbtc
876,2019-09-09 08:33:33,4424.9527,etcusdt
874,2019-09-09 08:33:35,3074.7111,omgusdt
880,2019-09-09 08:33:39,0.9474,mcoeth
877,2019-09-09 08:33:45,8.4834,aeeth
878,2019-09-09 08:33:46,19.3889,gntusdt
878,2019-09-09 08:33:49,32.3334,zrxusdt
875,2019-09-09 08:33:50,4955.3366,ltcusdt
874,2019-09-09 08:33:50,13113.8921,ethbtc
869,2019-09-09 08:33:57,41.2757,wtceth
882,2019-09-09 08:33:57,7493.7881,btcusdt
877,2019-09-09 08:34:00,2619.8619,etcusdt
877,2019-09-09 08:34:05,2022.4973,ethusdt
881,2019-09-09 08:34:08,0.3521,mcoeth
875,2019-09-09 08:34:11,3494.0869,omgusdt
880,2019-09-09 08:34:14,4352.6931,ltcbtc
878,2019-09-09 08:34:15,4.0935,aeeth
875,2019-09-09 08:34:15,13669.6973,ethbtc
879,2019-09-09 08:34:16,19.1712,gntusdt
879,2019-09-09 08:34:19,176.6204,zrxusdt
870,2019-09-09 08:34:25,45.1675,wtceth
876,2019-09-09 08:34:28,4715.8248,ltcusdt
878,2019-09-09 08:34:29,4449.8377,etcusdt
883,2019-09-09 08:34:31,25484.6282,btcusdt
878,2019-09-09 08:34:37,640.8489,ethusdt
880,2019-09-09 08:34:41,2.1859,gntusdt
876,2019-09-09 08:34:41,11404.5643,ethbtc
876,2019-09-09 08:34:44,1594.1465,omgusdt
881,2019-09-09 08:34:46,2520.7276,ltcbtc
880,2019-09-09 08:34:46,156.1044,zrxusdt
882,2019-09-09 08:34:51,1.1854,mcoeth
871,2019-09-09 08:34:53,33.2229,wtceth
879,2019-09-09 08:34:59,8.2944,aeeth
879,2019-09-09 08:35:04,14772.2075,ethusdt
884,2019-09-09 08:35:05,67154.8061,btcusdt
877,2019-09-09 08:35:09,2381.2073,ltcusdt
879,2019-09-09 08:35:11,106.7561,etcusdt
877,2019-09-09 08:35:14,1364.281,omgusdt
877,2019-09-09 08:35:17,1435.1091,ethbtc
872,2019-09-09 08:35:20,65.8147,wtceth
881,2019-09-09 08:35:23,2.8776,gntusdt
882,2019-09-09 08:35:26,1049.2325,ltcbtc
880,2019-09-09 08:35:28,6.1937,aeeth
881,2019-09-09 08:35:29,124.0649,zrxusdt
885,2019-09-09 08:35:31,12475.1223,btcusdt
883,2019-09-09 08:35:34,0.3679,mcoeth
880,2019-09-09 08:35:44,1328.4712,etcusdt
878,2019-09-09 08:35:46,3630.4203,ltcusdt
880,2019-09-09 08:35:49,12486.7286,ethusdt
878,2019-09-09 08:35:51,3820.8987,omgusdt
878,2019-09-09 08:35:52,4104.0419,ethbtc
873,2019-09-09 08:35:52,71.7707,wtceth
881,2019-09-09 08:35:55,0.3028,aeeth
882,2019-09-09 08:35:58,3.6893,gntusdt
884,2019-09-09 08:36:06,0.8341,mcoeth
883,2019-09-09 08:36:07,1343.9361,ltcbtc
886,2019-09-09 08:36:11,21467.5481,btcusdt
882,2019-09-09 08:36:11,173.0665,zrxusdt
881,2019-09-09 08:36:14,12289.366,ethusdt
879,2019-09-09 08:36:19,6482.2253,ltcusdt
882,2019-09-09 08:36:20,0.5886,aeeth
879,2019-09-09 08:36:24,880.1696,omgusdt
881,2019-09-09 08:36:24,76.3145,etcusdt
883,2019-09-09 08:36:27,2.7735,gntusdt
879,2019-09-09 08:36:27,9341.4943,ethbtc
874,2019-09-09 08:36:34,25.7536,wtceth
887,2019-09-09 08:36:39,51680.4584,btcusdt
883,2019-09-09 08:36:42,89.5732,zrxusdt
884,2019-09-09 08:36:48,2567.7416,ltcbtc
880,2019-09-09 08:36:48,1419.6314,ltcusdt
882,2019-09-09 08:36:51,2632.5119,etcusdt
885,2019-09-09 08:36:51,1.2799,mcoeth
882,2019-09-09 08:36:54,3556.5281,ethusdt
880,2019-09-09 08:36:56,2457.5253,omgusdt
883,2019-09-09 08:36:56,2.649,aeeth
875,2019-09-09 08:37:03,7.3234,wtceth
880,2019-09-09 08:37:09,1853.9253,ethbtc
884,2019-09-09 08:37:11,16.6423,gntusdt
888,2019-09-09 08:37:12,56447.5452,btcusdt
883,2019-09-09 08:37:20,2593.184,etcusdt
885,2019-09-09 08:37:21,1036.2968,ltcbtc
884,2019-09-09 08:37:22,0.5756,aeeth
886,2019-09-09 08:37:23,0.8165,mcoeth
884,2019-09-09 08:37:24,88.7213,zrxusdt
881,2019-09-09 08:37:28,1767.4501,ltcusdt
881,2019-09-09 08:37:32,1657.6852,omgusdt
883,2019-09-09 08:37:33,6798.5925,ethusdt
881,2019-09-09 08:37:42,4381.2699,ethbtc
876,2019-09-09 08:37:44,54.8621,wtceth
889,2019-09-09 08:37:45,249.2413,btcusdt
885,2019-09-09 08:37:50,1.6312,gntusdt
887,2019-09-09 08:37:55,0.6101,mcoeth
884,2019-09-09 08:38:01,3816.0173,etcusdt
885,2019-09-09 08:38:03,6.3014,aeeth
885,2019-09-09 08:38:03,34.305,zrxusdt
886,2019-09-09 08:38:03,3045.2786,ltcbtc
882,2019-09-09 08:38:08,262.4461,ltcusdt
882,2019-09-09 08:38:12,1900.1992,omgusdt
877,2019-09-09 08:38:12,24.1088,wtceth
884,2019-09-09 08:38:17,19320.058,ethusdt
882,2019-09-09 08:38:27,12.294,ethbtc
890,2019-09-09 08:38:28,45968.4521,btcusdt
886,2019-09-09 08:38:31,5.257,aeeth
885,2019-09-09 08:38:32,226.7515,etcusdt
886,2019-09-09 08:38:32,29.3274,gntusdt
888,2019-09-09 08:38:34,0.6834,mcoeth
887,2019-09-09 08:38:35,2158.6162,ltcbtc
878,2019-09-09 08:38:38,78.8747,wtceth
886,2019-09-09 08:38:39,194.8856,zrxusdt
883,2019-09-09 08:38:44,533.4951,omgusdt
883,2019-09-09 08:38:49,6606.8903,ltcusdt
885,2019-09-09 08:38:51,10365.0722,ethusdt
891,2019-09-09 08:38:54,22251.8214,btcusdt
887,2019-09-09 08:39:00,8.6067,aeeth
888,2019-09-09 08:39:02,2731.7163,ltcbtc
883,2019-09-09 08:39:08,2156.3994,ethbtc
889,2019-09-09 08:39:11,0.8898,mcoeth
879,2019-09-09 08:39:15,77.1767,wtceth
886,2019-09-09 08:39:15,1125.0666,etcusdt
887,2019-09-09 08:39:17,13.0049,gntusdt
884,2019-09-09 08:39:20,805.2965,ltcusdt
887,2019-09-09 08:39:23,106.9014,zrxusdt
884,2019-09-09 08:39:24,1626.1685,omgusdt
886,2019-09-09 08:39:28,912.2525,ethusdt
888,2019-09-09 08:39:33,4.1733,aeeth
884,2019-09-09 08:39:36,12567.0839,ethbtc
892,2019-09-09 08:39:37,46723.8512,btcusdt
889,2019-09-09 08:39:37,397.281,ltcbtc
887,2019-09-09 08:39:44,2095.6051,etcusdt
890,2019-09-09 08:39:46,0.5017,mcoeth
888,2019-09-09 08:39:46,22.5451,gntusdt
885,2019-09-09 08:39:47,5579.6807,ltcusdt
880,2019-09-09 08:39:52,61.51,wtceth
888,2019-09-09 08:39:53,21.4813,zrxusdt
885,2019-09-09 08:40:01,3745.3771,omgusdt
887,2019-09-09 08:40:02,12385.8029,ethusdt
889,2019-09-09 08:40:05,0.524,aeeth
893,2019-09-09 08:40:07,8148.9578,btcusdt
890,2019-09-09 08:40:12,2790.2464,ltcbtc
885,2019-09-09 08:40:13,1159.2378,ethbtc
889,2019-09-09 08:40:21,188.2169,zrxusdt
891,2019-09-09 08:40:22,1.3057,mcoeth
881,2019-09-09 08:40:23,31.5156,wtceth
886,2019-09-09 08:40:26,6763.6562,ltcusdt
889,2019-09-09 08:40:27,24.394,gntusdt
888,2019-09-09 08:40:28,4037.4277,etcusdt
888,2019-09-09 08:40:37,11831.4082,ethusdt
891,2019-09-09 08:40:38,788.8767,ltcbtc
890,2019-09-09 08:40:39,10.5159,aeeth
886,2019-09-09 08:40:42,2952.6084,omgusdt
886,2019-09-09 08:40:43,13108.4537,ethbtc
894,2019-09-09 08:40:50,70498.9345,btcusdt
890,2019-09-09 08:40:52,24.0765,zrxusdt
890,2019-09-09 08:40:54,19.5727,gntusdt
882,2019-09-09 08:41:02,66.0312,wtceth
889,2019-09-09 08:41:04,1658.5489,etcusdt
887,2019-09-09 08:41:06,5485.7343,ltcusdt
892,2019-09-09 08:41:07,0.0654,mcoeth
892,2019-09-09 08:41:10,3299.7393,ltcbtc
889,2019-09-09 08:41:17,7483.4593,ethusdt
891,2019-09-09 08:41:18,13.2847,aeeth
887,2019-09-09 08:41:18,3294.4871,omgusdt
887,2019-09-09 08:41:23,5753.0306,ethbtc
895,2019-09-09 08:41:29,41389.9405,btcusdt
891,2019-09-09 08:41:32,20.4242,gntusdt
891,2019-09-09 08:41:33,67.9147,zrxusdt
893,2019-09-09 08:41:33,0.8241,mcoeth
888,2019-09-09 08:41:38,6382.6872,ltcusdt
883,2019-09-09 08:41:42,3.3318,wtceth
890,2019-09-09 08:41:42,608.8742,etcusdt
888,2019-09-09 08:41:49,5879.7286,ethbtc
888,2019-09-09 08:41:50,3192.1942,omgusdt
893,2019-09-09 08:41:50,1336.1344,ltcbtc
890,2019-09-09 08:41:50,2414.6597,ethusdt
892,2019-09-09 08:41:57,3.1198,aeeth
896,2019-09-09 08:42:02,13293.0506,btcusdt
889,2019-09-09 08:42:07,5468.9546,ltcusdt
892,2019-09-09 08:42:09,13.879,gntusdt
892,2019-09-09 08:42:09,36.7154,zrxusdt
884,2019-09-09 08:42:11,50.2998,wtceth
894,2019-09-09 08:42:11,0.3225,mcoeth
889,2019-09-09 08:42:14,1072.4828,ethbtc
891,2019-09-09 08:42:17,2193.921,etcusdt
894,2019-09-09 08:42:18,749.2349,ltcbtc
891,2019-09-09 08:42:22,16846.4039,ethusdt
889,2019-09-09 08:42:27,2818.4476,omgusdt
895,2019-09-09 08:42:36,0.7061,mcoeth
897,2019-09-09 08:42:38,6641.7132,btcusdt
893,2019-09-09 08:42:39,6.4941,aeeth
893,2019-09-09 08:42:41,33.865,gntusdt
890,2019-09-09 08:42:46,1779.1857,ltcusdt
885,2019-09-09 08:42:49,67.6521,wtceth
895,2019-09-09 08:42:54,1380.0992,ltcbtc
893,2019-09-09 08:42:54,105.9182,zrxusdt
890,2019-09-09 08:42:55,12805.9622,ethbtc
892,2019-09-09 08:42:57,561.4258,etcusdt
896,2019-09-09 08:43:01,0.8088,mcoeth
892,2019-09-09 08:43:02,4154.2796,ethusdt
890,2019-09-09 08:43:06,1673.0452,omgusdt
898,2019-09-09 08:43:07,35447.7103,btcusdt
894,2019-09-09 08:43:11,12.6042,aeeth
894,2019-09-09 08:43:13,30.3685,gntusdt
886,2019-09-09 08:43:23,57.7859,wtceth
891,2019-09-09 08:43:27,5607.3717,ltcusdt
893,2019-09-09 08:43:30,2372.5598,etcusdt
899,2019-09-09 08:43:32,57662.9873,btcusdt
897,2019-09-09 08:43:33,0.5717,mcoeth
891,2019-09-09 08:43:34,8322.0898,ethbtc
894,2019-09-09 08:43:35,104.0682,zrxusdt
896,2019-09-09 08:43:36,4510.1265,ltcbtc
891,2019-09-09 08:43:37,2322.8394,omgusdt
895,2019-09-09 08:43:38,9.9973,gntusdt
895,2019-09-09 08:43:41,11.062,aeeth
893,2019-09-09 08:43:46,14941.9923,ethusdt
887,2019-09-09 08:44:01,19.7367,wtceth
892,2019-09-09 08:44:01,12980.3771,ethbtc
892,2019-09-09 08:44:02,4479.2401,ltcusdt
894,2019-09-09 08:44:03,4678.7,etcusdt
896,2019-09-09 08:44:10,13.5502,aeeth
898,2019-09-09 08:44:10,0.8079,mcoeth
900,2019-09-09 08:44:12,12659.4433,btcusdt
896,2019-09-09 08:44:12,17.5484,gntusdt
892,2019-09-09 08:44:14,2173.2696,omgusdt
894,2019-09-09 08:44:17,19088.9921,ethusdt
895,2019-09-09 08:44:20,98.5354,zrxusdt
897,2019-09-09 08:44:21,4267.8337,ltcbtc
893,2019-09-09 08:44:28,6783.5836,ltcusdt
888,2019-09-09 08:44:29,19.4836,wtceth
895,2019-09-09 08:44:31,1316.4398,etcusdt
901,2019-09-09 08:44:39,57534.6773,btcusdt
893,2019-09-09 08:44:40,10589.3947,ethbtc
895,2019-09-09 08:44:42,9987.9296,ethusdt
897,2019-09-09 08:44:45,2.574,aeeth
897,2019-09-09 08:44:47,8.8381,gntusdt
896,2019-09-09 08:44:48,17.7126,zrxusdt
893,2019-09-09 08:44:50,1721.7302,omgusdt
899,2019-09-09 08:44:54,0.3866,mcoeth
894,2019-09-09 08:45:01,3967.733,ltcusdt
898,2019-09-09 08:45:01,2775.8382,ltcbtc
889,2019-09-09 08:45:08,57.4134,wtceth
894,2019-09-09 08:45:11,8895.8934,ethbtc
896,2019-09-09 08:45:11,2410.4954,etcusdt
898,2019-09-09 08:45:15,3.7806,aeeth
898,2019-09-09 08:45:18,16.7275,gntusdt
902,2019-09-09 08:45:22,50712.5342,btcusdt
896,2019-09-09 08:45:22,12301.3788,ethusdt
894,2019-09-09 08:45:27,2802.606,omgusdt
897,2019-09-09 08:45:32,25.975,zrxusdt
900,2019-09-09 08:45:34,0.1882,mcoeth
890,2019-09-09 08:45:34,80.571,wtceth
895,2019-09-09 08:45:42,3790.0538,ltcusdt
899,2019-09-09 08:45:42,3.8504,aeeth
899,2019-09-09 08:45:42,1608.22,ltcbtc
897,2019-09-09 08:45:44,2542.4148,etcusdt
895,2019-09-09 08:45:46,4126.7378,ethbtc
903,2019-09-09 08:45:58,2015.6435,btcusdt
899,2019-09-09 08:45:58,2.837,gntusdt
897,2019-09-09 08:46:04,10340.3007,ethusdt
895,2019-09-09 08:46:06,2025.3589,omgusdt
900,2019-09-09 08:46:09,2322.3687,ltcbtc
900,2019-09-09 08:46:14,7.8244,aeeth
896,2019-09-09 08:46:14,11351.9776,ethbtc
898,2019-09-09 08:46:14,147.5743,zrxusdt
891,2019-09-09 08:46:15,60.9668,wtceth
901,2019-09-09 08:46:17,0.0698,mcoeth
898,2019-09-09 08:46:23,3555.6222,etcusdt
900,2019-09-09 08:46:24,0.9814,gntusdt
896,2019-09-09 08:46:24,6317.466,ltcusdt
904,2019-09-09 08:46:26,12294.8177,btcusdt
901,2019-09-09 08:46:38,388.856,ltcbtc
901,2019-09-09 08:46:39,4.8601,aeeth
896,2019-09-09 08:46:40,3416.0201,omgusdt
898,2019-09-09 08:46:45,13962.5305,ethusdt
892,2019-09-09 08:46:49,81.1834,wtceth
897,2019-09-09 08:46:51,3188.5753,ethbtc
897,2019-09-09 08:46:51,6572.944,ltcusdt
899,2019-09-09 08:46:51,3881.9066,etcusdt
902,2019-09-09 08:46:52,0.2734,mcoeth
899,2019-09-09 08:46:54,153.1299,zrxusdt
901,2019-09-09 08:46:56,20.0489,gntusdt
905,2019-09-09 08:46:58,42957.2239,btcusdt
902,2019-09-09 08:47:04,2696.8851,ltcbtc
899,2019-09-09 08:47:14,13391.4113,ethusdt
893,2019-09-09 08:47:16,11.1601,wtceth
897,2019-09-09 08:47:18,65.9999,omgusdt
898,2019-09-09 08:47:20,4938.8642,ltcusdt
902,2019-09-09 08:47:21,8.7249,aeeth
898,2019-09-09 08:47:23,5834.2845,ethbtc
900,2019-09-09 08:47:24,3639.2949,etcusdt
900,2019-09-09 08:47:25,29.4859,zrxusdt
906,2019-09-09 08:47:33,35437.4176,btcusdt
903,2019-09-09 08:47:37,0.9123,mcoeth
903,2019-09-09 08:47:39,4778.4316,ltcbtc
902,2019-09-09 08:47:40,28.9748,gntusdt
898,2019-09-09 08:47:52,3650.5228,omgusdt
903,2019-09-09 08:47:53,1.3551,aeeth
899,2019-09-09 08:47:57,9416.6375,ethbtc
900,2019-09-09 08:47:57,17230.4196,ethusdt
894,2019-09-09 08:47:58,3.778,wtceth
907,2019-09-09 08:48:00,35085.8726,btcusdt
901,2019-09-09 08:48:02,38.8725,zrxusdt
901,2019-09-09 08:48:05,1563.6964,etcusdt
899,2019-09-09 08:48:05,3204.3133,ltcusdt
904,2019-09-09 08:48:06,2641.739,ltcbtc
904,2019-09-09 08:48:17,0.7875,mcoeth
901,2019-09-09 08:48:22,778.468,ethusdt
899,2019-09-09 08:48:23,3850.027,omgusdt
903,2019-09-09 08:48:25,31.5238,gntusdt
902,2019-09-09 08:48:30,11.2558,zrxusdt
895,2019-09-09 08:48:32,56.26,wtceth
902,2019-09-09 08:48:32,3348.9105,etcusdt
908,2019-09-09 08:48:35,22390.3042,btcusdt
904,2019-09-09 08:48:36,3.7872,aeeth
905,2019-09-09 08:48:36,3280.7503,ltcbtc
900,2019-09-09 08:48:39,13760.608,ethbtc
900,2019-09-09 08:48:43,1818.5354,ltcusdt
904,2019-09-09 08:48:55,18.3872,gntusdt
905,2019-09-09 08:48:58,1.1,mcoeth
906,2019-09-09 08:49:03,216.9806,ltcbtc
903,2019-09-09 08:49:04,134.9981,zrxusdt
905,2019-09-09 08:49:04,0.9394,aeeth
896,2019-09-09 08:49:06,20.2428,wtceth
902,2019-09-09 08:49:07,7365.5162,ethusdt
900,2019-09-09 08:49:07,1694.9134,omgusdt
903,2019-09-09 08:49:11,3016.768,etcusdt
901,2019-09-09 08:49:12,2776.8248,ethbtc
909,2019-09-09 08:49:16,15133.2878,btcusdt
901,2019-09-09 08:49:19,513.0057,ltcusdt
906,2019-09-09 08:49:27,0.2404,mcoeth
905,2019-09-09 08:49:29,32.9588,gntusdt
906,2019-09-09 08:49:31,9.304,aeeth
897,2019-09-09 08:49:32,63.1531,wtceth
901,2019-09-09 08:49:33,17.5831,omgusdt
903,2019-09-09 08:49:36,18412.8063,ethusdt
907,2019-09-09 08:49:38,4134.8005,ltcbtc
902,2019-09-09 08:49:44,5968.9323,ethbtc
904,2019-09-09 08:49:44,12.6858,zrxusdt
904,2019-09-09 08:49:55,1346.5855,etcusdt
906,2019-09-09 08:50:00,27.3858,gntusdt
910,2019-09-09 08:50:00,64873.0836,btcusdt
902,2019-09-09 08:50:04,937.3186,ltcusdt
898,2019-09-09 08:50:07,40.7174,wtceth
908,2019-09-09 08:50:08,4748.0376,ltcbtc
902,2019-09-09 08:50:09,2615.046,omgusdt
905,2019-09-09 08:50:09,130.4867,zrxusdt
907,2019-09-09 08:50:10,9.9082,aeeth
904,2019-09-09 08:50:10,7491.4965,ethusdt
903,2019-09-09 08:50:11,3320.029,ethbtc
907,2019-09-09 08:50:11,0.1051,mcoeth
903,2019-09-09 08:50:29,724.0362,ltcusdt
906,2019-09-09 08:50:34,138.2526,zrxusdt
907,2019-09-09 08:50:34,1.4011,gntusdt
903,2019-09-09 08:50:35,3185.5535,omgusdt
905,2019-09-09 08:50:35,4056.1294,ethusdt
908,2019-09-09 08:50:37,2.2422,aeeth
899,2019-09-09 08:50:37,38.5002,wtceth
905,2019-09-09 08:50:38,2987.0658,etcusdt
908,2019-09-09 08:50:42,0.5748,mcoeth
911,2019-09-09 08:50:44,22792.5596,btcusdt
904,2019-09-09 08:50:45,4792.4755,ethbtc
909,2019-09-09 08:50:51,4168.9363,ltcbtc
907,2019-09-09 08:51:04,18.9059,zrxusdt
904,2019-09-09 08:51:08,1690.9328,omgusdt
908,2019-09-09 08:51:13,7.4857,gntusdt
906,2019-09-09 08:51:13,2492.896,etcusdt
904,2019-09-09 08:51:14,4907.9153,ltcusdt
912,2019-09-09 08:51:15,9850.1995,btcusdt
905,2019-09-09 08:51:15,1255.2225,ethbtc
909,2019-09-09 08:51:17,6.1442,aeeth
906,2019-09-09 08:51:17,910.0216,ethusdt
900,2019-09-09 08:51:19,41.9567,wtceth
909,2019-09-09 08:51:19,0.0654,mcoeth
908,2019-09-09 08:51:30,39.569,zrxusdt
905,2019-09-09 08:51:33,1936.4936,omgusdt
910,2019-09-09 08:51:35,848.0173,ltcbtc
907,2019-09-09 08:51:40,1414.1153,etcusdt
913,2019-09-09 08:51:40,32999.368,btcusdt
905,2019-09-09 08:51:46,5709.1477,ltcusdt
906,2019-09-09 08:51:51,7030.1465,ethbtc
910,2019-09-09 08:51:54,10.9627,aeeth
909,2019-09-09 08:51:58,17.7767,gntusdt
907,2019-09-09 08:51:59,16618.0489,ethusdt
901,2019-09-09 08:52:00,6.8811,wtceth
910,2019-09-09 08:52:01,1.0683,mcoeth
909,2019-09-09 08:52:01,110.8224,zrxusdt
906,2019-09-09 08:52:05,398.7989,omgusdt
911,2019-09-09 08:52:06,4247.1986,ltcbtc
914,2019-09-09 08:52:09,39708.24,btcusdt
906,2019-09-09 08:52:15,423.6741,ltcusdt
908,2019-09-09 08:52:18,2962.1784,etcusdt
902,2019-09-09 08:52:28,75.971,wtceth
907,2019-09-09 08:52:29,2921.1892,ethbtc
911,2019-09-09 08:52:30,12.8723,aeeth
908,2019-09-09 08:52:30,3935.9522,ethusdt
911,2019-09-09 08:52:35,0.3079,mcoeth
907,2019-09-09 08:52:36,2743.846,omgusdt
910,2019-09-09 08:52:40,10.4848,gntusdt
910,2019-09-09 08:52:42,95.4738,zrxusdt
907,2019-09-09 08:52:44,5821.2794,ltcusdt
915,2019-09-09 08:52:44,63416.8351,btcusdt
909,2019-09-09 08:52:47,3782.6872,etcusdt
912,2019-09-09 08:52:51,1781.484,ltcbtc
903,2019-09-09 08:52:53,58.2404,wtceth
908,2019-09-09 08:52:56,8159.9235,ethbtc
909,2019-09-09 08:53:02,6951.044,ethusdt
912,2019-09-09 08:53:12,0.6489,mcoeth
912,2019-09-09 08:53:12,13.2965,aeeth
911,2019-09-09 08:53:16,47.6469,zrxusdt
913,2019-09-09 08:53:16,1727.0049,ltcbtc
916,2019-09-09 08:53:19,64069.8912,btcusdt
908,2019-09-09 08:53:21,726.1405,omgusdt
909,2019-09-09 08:53:22,7395.5499,ethbtc
911,2019-09-09 08:53:24,6.8942,gntusdt
908,2019-09-09 08:53:26,1441.2286,ltcusdt
910,2019-09-09 08:53:29,2603.4552,etcusdt
904,2019-09-09 08:53:34,15.0669,wtceth
910,2019-09-09 08:53:35,4887.2274,ethusdt
913,2019-09-09 08:53:41,0.8789,mcoeth
912,2019-09-09 08:53:48,137.8324,zrxusdt
909,2019-09-09 08:53:49,533.5592,omgusdt
913,2019-09-09 08:53:49,3.6608,aeeth
910,2019-09-09 08:53:52,13836.0444,ethbtc
912,2019-09-09 08:53:55,2.098,gntusdt
914,2019-09-09 08:53:59,4947.9434,ltcbtc
917,2019-09-09 08:54:01,35350.795,btcusdt
909,2019-09-09 08:54:04,1819.334,ltcusdt
911,2019-09-09 08:54:04,1885.1215,ethusdt
914,2019-09-09 08:54:10,0.9582,mcoeth
911,2019-09-09 08:54:12,2899.2972,etcusdt
905,2019-09-09 08:54:16,43.7665,wtceth
911,2019-09-09 08:54:19,5322.1063,ethbtc
913,2019-09-09 08:54:19,75.9382,zrxusdt
914,2019-09-09 08:54:23,11.492,aeeth
913,2019-09-09 08:54:25,22.6176,gntusdt
910,2019-09-09 08:54:31,4004.3613,ltcusdt
910,2019-09-09 08:54:31,1229.6805,omgusdt
918,2019-09-09 08:54:35,52464.8318,btcusdt
915,2019-09-09 08:54:44,2097.303,ltcbtc
912,2019-09-09 08:54:47,20614.1577,ethusdt
912,2019-09-09 08:54:48,3675.7005,etcusdt
914,2019-09-09 08:54:51,75.6203,zrxusdt
906,2019-09-09 08:54:53,23.372,wtceth
915,2019-09-09 08:54:53,0.044,mcoeth
914,2019-09-09 08:54:59,9.8075,gntusdt
911,2019-09-09 08:55:00,3100.3055,ltcusdt
912,2019-09-09 08:55:00,6407.5045,ethbtc
919,2019-09-09 08:55:01,53234.4766,btcusdt
911,2019-09-09 08:55:02,318.3146,omgusdt
915,2019-09-09 08:55:03,8.9777,aeeth
916,2019-09-09 08:55:13,2687.7856,ltcbtc
907,2019-09-09 08:55:18,14.6543,wtceth
913,2019-09-09 08:55:18,2263.2344,etcusdt
913,2019-09-09 08:55:22,5818.2939,ethusdt
916,2019-09-09 08:55:24,1.2702,mcoeth
915,2019-09-09 08:55:27,27.7619,gntusdt
916,2019-09-09 08:55:30,12.2362,aeeth
913,2019-09-09 08:55:31,2850.5931,ethbtc
912,2019-09-09 08:55:33,3501.3131,omgusdt
915,2019-09-09 08:55:36,67.5142,zrxusdt
920,2019-09-09 08:55:40,22500.4219,btcusdt
912,2019-09-09 08:55:44,2525.389,ltcusdt
917,2019-09-09 08:55:48,1173.7293,ltcbtc
914,2019-09-09 08:55:49,5433.7759,ethusdt
914,2019-09-09 08:55:56,81.5643,etcusdt
908,2019-09-09 08:55:59,21.3976,wtceth
917,2019-09-09 08:55:59,1.2237,mcoeth
916,2019-09-09 08:56:02,11.8578,gntusdt
916,2019-09-09 08:56:04,6.406,zrxusdt
921,2019-09-09 08:56:07,69128.4774,btcusdt
914,2019-09-09 08:56:08,13231.258,ethbtc
917,2019-09-09 08:56:15,6.0079,aeeth
913,2019-09-09 08:56:15,3071.8443,omgusdt
913,2019-09-09 08:56:21,4248.6445,ltcusdt
915,2019-09-09 08:56:23,16158.4547,ethusdt
915,2019-09-09 08:56:23,1013.9285,etcusdt
918,2019-09-09 08:56:24,0.2389,mcoeth
918,2019-09-09 08:56:32,2490.7103,ltcbtc
909,2019-09-09 08:56:41,21.9278,wtceth
922,2019-09-09 08:56:44,21828.9629,btcusdt
917,2019-09-09 08:56:44,17.7599,gntusdt
917,2019-09-09 08:56:45,172.0049,zrxusdt
918,2019-09-09 08:56:47,7.9911,aeeth
919,2019-09-09 08:56:50,0.3079,mcoeth
914,2019-09-09 08:56:50,2141.131,omgusdt
915,2019-09-09 08:56:51,3433.3135,ethbtc
916,2019-09-09 08:56:53,16996.5328,ethusdt
914,2019-09-09 08:57:03,6138.8605,ltcusdt
919,2019-09-09 08:57:05,3650.2811,ltcbtc
916,2019-09-09 08:57:07,4026.9185,etcusdt
918,2019-09-09 08:57:15,10.3829,gntusdt
915,2019-09-09 08:57:19,1785.8284,omgusdt
919,2019-09-09 08:57:19,13.5996,aeeth
923,2019-09-09 08:57:20,55439.5826,btcusdt
910,2019-09-09 08:57:24,59.989,wtceth
916,2019-09-09 08:57:24,11575.7994,ethbtc
918,2019-09-09 08:57:27,28.1085,zrxusdt
920,2019-09-09 08:57:30,0.7514,mcoeth
920,2019-09-09 08:57:31,4410.4472,ltcbtc
917,2019-09-09 08:57:34,3553.3291,etcusdt
917,2019-09-09 08:57:36,5282.8336,ethusdt
915,2019-09-09 08:57:42,71.3298,ltcusdt
924,2019-09-09 08:57:48,14331.3562,btcusdt
917,2019-09-09 08:57:49,4589.5547,ethbtc
920,2019-09-09 08:57:56,12.7425,aeeth
916,2019-09-09 08:57:56,2391.7726,omgusdt
919,2019-09-09 08:57:59,91.7708,zrxusdt
919,2019-09-09 08:57:59,33.604,gntusdt
918,2019-09-09 08:58:04,1673.9868,ethusdt
911,2019-09-09 08:58:06,73.2629,wtceth
921,2019-09-09 08:58:06,0.0448,mcoeth
916,2019-09-09 08:58:11,4900.6174,ltcusdt
921,2019-09-09 08:58:12,3799.7565,ltcbtc
918,2019-09-09 08:58:17,2126.7162,etcusdt
918,2019-09-09 08:58:17,4747.8493,ethbtc
921,2019-09-09 08:58:25,13.1964,aeeth
917,2019-09-09 08:58:27,2028.4202,omgusdt
920,2019-09-09 08:58:29,120.0871,zrxusdt
925,2019-09-09 08:58:31,14493.2246,btcusdt
922,2019-09-09 08:58:32,1.0433,mcoeth
920,2019-09-09 08:58:33,15.9698,gntusdt
919,2019-09-09 08:58:38,11243.7741,ethusdt
919,2019-09-09 08:58:42,3509.4356,ethbtc
912,2019-09-09 08:58:47,13.3121,wtceth
922,2019-09-09 08:58:53,2344.6188,ltcbtc
917,2019-09-09 08:58:54,1718.016,ltcusdt
919,2019-09-09 08:58:57,4700.2853,etcusdt
922,2019-09-09 08:59:00,6.238,aeeth
921,2019-09-09 08:59:00,81.1762,zrxusdt
918,2019-09-09 08:59:03,1355.982,omgusdt
921,2019-09-09 08:59:05,0.3984,gntusdt
923,2019-09-09 08:59:07,0.4149,mcoeth
926,2019-09-09 08:59:12,52946.7787,btcusdt
920,2019-09-09 08:59:21,11094.8012,ethusdt
920,2019-09-09 08:59:22,1012.4453,etcusdt
920,2019-09-09 08:59:23,8805.8008,ethbtc
918,2019-09-09 08:59:23,2003.0802,ltcusdt
913,2019-09-09 08:59:27,62.0805,wtceth
923,2019-09-09 08:59:31,4.4768,aeeth
924,2019-09-09 08:59:32,0.6978,mcoeth
923,2019-09-09 08:59:33,4253.9478,ltcbtc
922,2019-09-09 08:59:36,26.6137,gntusdt
922,2019-09-09 08:59:39,61.6243,zrxusdt
919,2019-09-09 08:59:43,3486.5699,omgusdt
921,2019-09-09 08:59:48,4126.3251,etcusdt
914,2019-09-09 08:59:53,5.5223,wtceth
919,2019-09-09 08:59:56,5294.4931,ltcusdt
927,2019-09-09 08:59:57,52624.1784,btcusdt
925,2019-09-09 08:59:58,0.1766,mcoeth
920,2019-09-09 09:00:25,1646.4492,omgusdt
915,2019-09-09 09:00:25,25.2633,wtceth
924,2019-09-09 09:00:25,12.487,aeeth
921,2019-09-09 09:00:26,20539.0877,ethusdt
920,2019-09-09 09:00:29,1032.5576,ltcusdt
922,2019-09-09 09:00:29,8.7145,etcusdt
924,2019-09-09 09:00:31,2957.3406,ltcbtc
928,2019-09-09 09:00:37,37010.7486,btcusdt
921,2019-09-09 09:00:42,10327.2658,ethbtc
923,2019-09-09 09:00:43,21.4733,gntusdt
926,2019-09-09 09:00:44,0.6449,mcoeth
923,2019-09-09 09:00:44,75.3853,zrxusdt
925,2019-09-09 09:00:51,12.3801,aeeth
916,2019-09-09 09:00:52,18.7381,wtceth
921,2019-09-09 09:00:58,2470.9232,omgusdt
922,2019-09-09 09:01:00,17306.2934,ethusdt
921,2019-09-09 09:01:00,1680.4659,ltcusdt
923,2019-09-09 09:01:02,1610.6932,etcusdt
929,2019-09-09 09:01:10,35171.3456,btcusdt
924,2019-09-09 09:01:12,78.6788,zrxusdt
925,2019-09-09 09:01:13,4071.2123,ltcbtc
924,2019-09-09 09:01:18,5.3655,gntusdt
927,2019-09-09 09:01:20,0.212,mcoeth
922,2019-09-09 09:01:23,1288.4227,omgusdt
922,2019-09-09 09:01:25,3114.7773,ethbtc
926,2019-09-09 09:01:27,16.9102,aeeth
917,2019-09-09 09:01:28,36.9645,wtceth
922,2019-09-09 09:01:30,5068.5632,ltcusdt
923,2019-09-09 09:01:31,17410.8147,ethusdt
924,2019-09-09 09:01:33,516.6624,etcusdt
925,2019-09-09 09:01:41,19.9093,zrxusdt
930,2019-09-09 09:01:43,18885.4039,btcusdt
926,2019-09-09 09:01:48,677.2523,ltcbtc
923,2019-09-09 09:01:54,465.9975,omgusdt
928,2019-09-09 09:01:55,1.021,mcoeth
923,2019-09-09 09:01:55,6285.8478,ltcusdt
918,2019-09-09 09:01:59,0.2478,wtceth
925,2019-09-09 09:02:03,2.7146,gntusdt
923,2019-09-09 09:02:05,13538.1157,ethbtc
925,2019-09-09 09:02:08,2825.5484,etcusdt
927,2019-09-09 09:02:11,7.2063,aeeth
924,2019-09-09 09:02:15,430.9675,ethusdt
926,2019-09-09 09:02:19,106.9105,zrxusdt
924,2019-09-09 09:02:22,177.4921,omgusdt
931,2019-09-09 09:02:25,69.7598,btcusdt
929,2019-09-09 09:02:28,1.2821,mcoeth
927,2019-09-09 09:02:28,5278.8869,ltcbtc
926,2019-09-09 09:02:31,10.1751,gntusdt
919,2019-09-09 09:02:34,74.5086,wtceth
924,2019-09-09 09:02:36,4152.858,ltcusdt
926,2019-09-09 09:02:38,491.0403,etcusdt
928,2019-09-09 09:02:40,0.5686,aeeth
924,2019-09-09 09:02:49,10096.636,ethbtc
925,2019-09-09 09:02:49,21116.8235,ethusdt
925,2019-09-09 09:02:50,3719.9521,omgusdt
927,2019-09-09 09:03:02,97.1907,zrxusdt
920,2019-09-09 09:03:03,23.2817,wtceth
929,2019-09-09 09:03:05,6.0681,aeeth
925,2019-09-09 09:03:05,3673.5042,ltcusdt
930,2019-09-09 09:03:05,1.3608,mcoeth
927,2019-09-09 09:03:08,11.6675,gntusdt
932,2019-09-09 09:03:09,21848.8458,btcusdt
928,2019-09-09 09:03:12,479.9667,ltcbtc
927,2019-09-09 09:03:12,3571.7264,etcusdt
926,2019-09-09 09:03:18,4332.2345,ethusdt
925,2019-09-09 09:03:18,226.9184,ethbtc
926,2019-09-09 09:03:27,3103.6849,omgusdt
930,2019-09-09 09:03:30,0.1297,aeeth
928,2019-09-09 09:03:30,110.5758,zrxusdt
931,2019-09-09 09:03:32,0.7121,mcoeth
928,2019-09-09 09:03:40,23.7273,gntusdt
929,2019-09-09 09:03:43,5578.7833,ltcbtc
921,2019-09-09 09:03:44,26.1916,wtceth
926,2019-09-09 09:03:45,4936.9758,ltcusdt
933,2019-09-09 09:03:48,8381.9362,btcusdt
928,2019-09-09 09:03:53,2496.4814,etcusdt
926,2019-09-09 09:03:57,12978.8799,ethbtc
932,2019-09-09 09:04:02,0.1176,mcoeth
927,2019-09-09 09:04:03,9920.7155,ethusdt
927,2019-09-09 09:04:03,1410.2564,omgusdt
929,2019-09-09 09:04:05,28.3594,gntusdt
922,2019-09-09 09:04:10,18.6761,wtceth
931,2019-09-09 09:04:11,1.7005,aeeth
929,2019-09-09 09:04:14,112.5265,zrxusdt
927,2019-09-09 09:04:15,416.0674,ltcusdt
934,2019-09-09 09:04:19,7561.231,btcusdt
929,2019-09-09 09:04:23,2864.3553,etcusdt
930,2019-09-09 09:04:26,1827.7887,ltcbtc
927,2019-09-09 09:04:29,5930.9733,ethbtc
930,2019-09-09 09:04:30,28.959,gntusdt
932,2019-09-09 09:04:36,11.3658,aeeth
923,2019-09-09 09:04:37,65.3581,wtceth
933,2019-09-09 09:04:42,0.361,mcoeth
928,2019-09-09 09:04:45,1876.3359,ethusdt
928,2019-09-09 09:04:46,19.4971,omgusdt
930,2019-09-09 09:04:47,14.1402,zrxusdt
928,2019-09-09 09:04:55,6729.546,ethbtc
928,2019-09-09 09:04:57,436.8584,ltcusdt
930,2019-09-09 09:04:57,2789.3313,etcusdt
935,2019-09-09 09:05:00,35647.1042,btcusdt
933,2019-09-09 09:05:01,3.3038,aeeth
931,2019-09-09 09:05:06,23.1235,gntusdt
931,2019-09-09 09:05:07,6689.759,ltcbtc
924,2019-09-09 09:05:16,11.0462,wtceth
929,2019-09-09 09:05:16,10779.0532,ethusdt
931,2019-09-09 09:05:18,21.3128,zrxusdt
934,2019-09-09 09:05:26,1.1647,mcoeth
929,2019-09-09 09:05:26,4018.3191,omgusdt
934,2019-09-09 09:05:27,0.8937,aeeth
932,2019-09-09 09:05:31,13.2387,gntusdt
936,2019-09-09 09:05:37,24047.4489,btcusdt
929,2019-09-09 09:05:40,6495.1226,ethbtc
931,2019-09-09 09:05:42,4593.4536,etcusdt
929,2019-09-09 09:05:42,5435.8976,ltcusdt
932,2019-09-09 09:05:43,49.8053,zrxusdt
925,2019-09-09 09:05:44,75.813,wtceth
930,2019-09-09 09:05:49,6296.0328,ethusdt
932,2019-09-09 09:05:50,4880.0031,ltcbtc
930,2019-09-09 09:06:00,1278.153,omgusdt
935,2019-09-09 09:06:01,0.7535,mcoeth
935,2019-09-09 09:06:01,17.9154,aeeth
937,2019-09-09 09:06:08,53947.0624,btcusdt
926,2019-09-09 09:06:09,51.7921,wtceth
933,2019-09-09 09:06:12,20.3727,zrxusdt
930,2019-09-09 09:06:16,6119.5058,ltcusdt
933,2019-09-09 09:06:16,16.9586,gntusdt
932,2019-09-09 09:06:16,4195.1291,etcusdt
930,2019-09-09 09:06:23,8311.0549,ethbtc
933,2019-09-09 09:06:30,98.9895,ltcbtc
931,2019-09-09 09:06:32,21145.9863,ethusdt
931,2019-09-09 09:06:32,3338.0412,omgusdt
936,2019-09-09 09:06:36,1.1976,mcoeth
936,2019-09-09 09:06:39,10.8881,aeeth
931,2019-09-09 09:06:42,4443.475,ltcusdt
938,2019-09-09 09:06:43,65649.72,btcusdt
927,2019-09-09 09:06:43,67.9329,wtceth
933,2019-09-09 09:06:52,3172.0583,etcusdt
934,2019-09-09 09:06:53,13.8581,gntusdt
931,2019-09-09 09:06:55,12665.3219,ethbtc
934,2019-09-09 09:06:56,59.6747,zrxusdt
932,2019-09-09 09:06:58,19425.2647,ethusdt
937,2019-09-09 09:07:10,12.342,aeeth
932,2019-09-09 09:07:13,87.2141,omgusdt
934,2019-09-09 09:07:14,242.6109,ltcbtc
932,2019-09-09 09:07:14,5819.6476,ltcusdt
939,2019-09-09 09:07:15,69560.4374,btcusdt
928,2019-09-09 09:07:15,63.5707,wtceth
937,2019-09-09 09:07:19,1.1539,mcoeth
934,2019-09-09 09:07:20,1017.4606,etcusdt
935,2019-09-09 09:07:21,25.4341,gntusdt
932,2019-09-09 09:07:26,6907.3181,ethbtc
935,2019-09-09 09:07:26,27.2235,zrxusdt
933,2019-09-09 09:07:36,4016.3906,ethusdt
935,2019-09-09 09:07:39,4984.4757,ltcbtc
933,2019-09-09 09:07:39,201.0715,omgusdt
933,2019-09-09 09:07:41,5786.8661,ltcusdt
935,2019-09-09 09:07:47,4317.0898,etcusdt
940,2019-09-09 09:07:50,53801.9597,btcusdt
938,2019-09-09 09:07:52,10.3948,aeeth
933,2019-09-09 09:07:52,5241.0022,ethbtc
938,2019-09-09 09:07:53,1.369,mcoeth
929,2019-09-09 09:07:56,13.1408,wtceth
936,2019-09-09 09:07:58,63.1375,zrxusdt
936,2019-09-09 09:08:03,2.3364,gntusdt
934,2019-09-09 09:08:07,1470.1326,ltcusdt
936,2019-09-09 09:08:14,1720.0503,ltcbtc
934,2019-09-09 09:08:14,1896.133,omgusdt
936,2019-09-09 09:08:18,2170.3605,etcusdt
939,2019-09-09 09:08:20,8.1652,aeeth
934,2019-09-09 09:08:20,7754.1284,ethusdt
934,2019-09-09 09:08:20,8022.8263,ethbtc
941,2019-09-09 09:08:21,13356.452,btcusdt
939,2019-09-09 09:08:24,0.2169,mcoeth
937,2019-09-09 09:08:29,55.001,zrxusdt
930,2019-09-09 09:08:41,19.9277,wtceth
937,2019-09-09 09:08:41,16.6146,gntusdt
937,2019-09-09 09:08:45,1367.998,etcusdt
935,2019-09-09 09:08:51,4229.7819,ltcusdt
942,2019-09-09 09:08:54,38492.3392,btcusdt
935,2019-09-09 09:08:57,2424.5255,omgusdt
937,2019-09-09 09:08:59,6664.7173,ltcbtc
935,2019-09-09 09:09:01,11916.0523,ethbtc
935,2019-09-09 09:09:02,12494.3295,ethusdt
940,2019-09-09 09:09:03,3.6931,aeeth
931,2019-09-09 09:09:08,28.5923,wtceth
940,2019-09-09 09:09:09,0.0914,mcoeth
938,2019-09-09 09:09:14,74.5666,zrxusdt
938,2019-09-09 09:09:15,693.3194,etcusdt
938,2019-09-09 09:09:22,13.6266,gntusdt
936,2019-09-09 09:09:23,5363.7043,ltcusdt
936,2019-09-09 09:09:33,9819.823,ethbtc
938,2019-09-09 09:09:35,243.7048,ltcbtc
941,2019-09-09 09:09:37,7.1661,aeeth
936,2019-09-09 09:09:38,2433.9564,omgusdt
943,2019-09-09 09:09:38,57693.573,btcusdt
941,2019-09-09 09:09:39,0.85,mcoeth
936,2019-09-09 09:09:44,12445.2142,ethusdt
932,2019-09-09 09:09:46,56.6827,wtceth
939,2019-09-09 09:09:57,59.6775,zrxusdt
939,2019-09-09 09:10:00,2657.2269,etcusdt
939,2019-09-09 09:10:03,2017.3048,ltcbtc
939,2019-09-09 09:10:04,1.6511,gntusdt
937,2019-09-09 09:10:06,4651.3945,ltcusdt
942,2019-09-09 09:10:09,0.7333,mcoeth
942,2019-09-09 09:10:09,8.1198,aeeth
944,2019-09-09 09:10:10,3808.5068,btcusdt
937,2019-09-09 09:10:14,12019.2333,ethbtc
933,2019-09-09 09:10:19,14.5366,wtceth
937,2019-09-09 09:10:21,3623.3427,ethusdt
937,2019-09-09 09:10:23,1546.9722,omgusdt
940,2019-09-09 09:10:32,14.4533,gntusdt
940,2019-09-09 09:10:32,118.5644,zrxusdt
940,2019-09-09 09:10:33,4650.1361,etcusdt
943,2019-09-09 09:10:37,0.8649,mcoeth
940,2019-09-09 09:10:37,4899.6882,ltcbtc
938,2019-09-09 09:10:40,3525.3083,ltcusdt
943,2019-09-09 09:10:40,11.8708,aeeth
938,2019-09-09 09:10:48,3395.3545,ethbtc
945,2019-09-09 09:10:50,65472.9532,btcusdt
938,2019-09-09 09:10:50,3500.5625,ethusdt
938,2019-09-09 09:10:51,3531.5392,omgusdt
934,2019-09-09 09:10:54,39.2389,wtceth
941,2019-09-09 09:11:00,27.1371,gntusdt
941,2019-09-09 09:11:05,88.3598,zrxusdt
941,2019-09-09 09:11:14,5959.9057,ltcbtc
941,2019-09-09 09:11:16,4617.7967,etcusdt
939,2019-09-09 09:11:16,11395.0484,ethbtc
946,2019-09-09 09:11:17,41919.0152,btcusdt
944,2019-09-09 09:11:20,1.7962,aeeth
944,2019-09-09 09:11:21,0.2666,mcoeth
935,2019-09-09 09:11:21,43.972,wtceth
939,2019-09-09 09:11:21,1322.1798,ltcusdt
942,2019-09-09 09:11:30,63.7163,zrxusdt
939,2019-09-09 09:11:31,3097.9093,omgusdt
939,2019-09-09 09:11:33,14707.8713,ethusdt
942,2019-09-09 09:11:35,27.8995,gntusdt
947,2019-09-09 09:11:45,22322.6506,btcusdt
942,2019-09-09 09:11:47,2589.6306,ltcbtc
940,2019-09-09 09:11:48,321.6861,ethbtc
940,2019-09-09 09:11:50,2166.5325,ltcusdt
936,2019-09-09 09:11:55,2.9171,wtceth
945,2019-09-09 09:11:56,1.1373,mcoeth
942,2019-09-09 09:11:59,1854.9453,etcusdt
943,2019-09-09 09:12:00,14.2309,gntusdt
943,2019-09-09 09:12:00,75.1873,zrxusdt
945,2019-09-09 09:12:04,2.2481,aeeth
940,2019-09-09 09:12:07,2217.6947,omgusdt
940,2019-09-09 09:12:09,5989.6363,ethusdt
937,2019-09-09 09:12:20,15.686,wtceth
946,2019-09-09 09:12:24,0.3016,mcoeth
943,2019-09-09 09:12:26,6740.5388,ltcbtc
948,2019-09-09 09:12:29,31217.88,btcusdt
941,2019-09-09 09:12:29,1798.7296,ltcusdt
941,2019-09-09 09:12:30,11777.824,ethbtc
943,2019-09-09 09:12:32,3438.4807,etcusdt
944,2019-09-09 09:12:33,61.73,zrxusdt
944,2019-09-09 09:12:34,25.4579,gntusdt
941,2019-09-09 09:12:34,4284.0646,omgusdt
946,2019-09-09 09:12:43,12.8176,aeeth
941,2019-09-09 09:12:51,17745.184,ethusdt
938,2019-09-09 09:12:52,72.7176,wtceth
947,2019-09-09 09:12:59,0.8365,mcoeth
944,2019-09-09 09:13:01,1754.0309,ltcbtc
944,2019-09-09 09:13:01,390.5466,etcusdt
945,2019-09-09 09:13:02,96.7898,zrxusdt
949,2019-09-09 09:13:02,7897.043,btcusdt
942,2019-09-09 09:13:10,1253.7769,ethbtc
942,2019-09-09 09:13:10,5144.841,ltcusdt
947,2019-09-09 09:13:11,12.8099,aeeth
945,2019-09-09 09:13:16,30.6461,gntusdt
942,2019-09-09 09:13:17,3080.5286,omgusdt
942,2019-09-09 09:13:17,16707.9524,ethusdt
948,2019-09-09 09:13:25,0.5343,mcoeth
939,2019-09-09 09:13:29,10.0012,wtceth
945,2019-09-09 09:13:35,4389.0409,etcusdt
950,2019-09-09 09:13:39,26933.0238,btcusdt
943,2019-09-09 09:13:42,11393.1663,ethbtc
946,2019-09-09 09:13:45,17.4979,gntusdt
945,2019-09-09 09:13:45,3240.3136,ltcbtc
943,2019-09-09 09:13:45,74.1152,ltcusdt
946,2019-09-09 09:13:46,72.4555,zrxusdt
948,2019-09-09 09:13:47,2.7848,aeeth
943,2019-09-09 09:13:52,4529.9304,ethusdt
943,2019-09-09 09:13:52,2079.6811,omgusdt
949,2019-09-09 09:13:59,0.8773,mcoeth
940,2019-09-09 09:14:00,17.8277,wtceth
946,2019-09-09 09:14:08,3894.9236,etcusdt
951,2019-09-09 09:14:10,16897.348,btcusdt
949,2019-09-09 09:14:13,9.6253,aeeth
946,2019-09-09 09:14:16,5290.335,ltcbtc
944,2019-09-09 09:14:17,705.9197,ltcusdt
944,2019-09-09 09:14:18,3690.589,ethbtc
947,2019-09-09 09:14:20,119.9386,zrxusdt
944,2019-09-09 09:14:21,2860.8432,omgusdt
950,2019-09-09 09:14:28,0.5746,mcoeth
947,2019-09-09 09:14:29,3.9643,gntusdt
947,2019-09-09 09:14:33,291.7241,etcusdt
944,2019-09-09 09:14:35,3770.3286,ethusdt
941,2019-09-09 09:14:38,62.9381,wtceth
945,2019-09-09 09:14:43,1244.1183,ltcusdt
952,2019-09-09 09:14:51,8132.0935,btcusdt
951,2019-09-09 09:14:53,0.7908,mcoeth
950,2019-09-09 09:14:54,6.0469,aeeth
945,2019-09-09 09:14:57,2145.4216,omgusdt
945,2019-09-09 09:14:57,13533.6535,ethbtc
948,2019-09-09 09:15:00,5.7041,gntusdt
947,2019-09-09 09:15:00,6537.3316,ltcbtc
945,2019-09-09 09:15:00,20543.4263,ethusdt
948,2019-09-09 09:15:01,131.6662,zrxusdt
942,2019-09-09 09:15:13,36.1264,wtceth
948,2019-09-09 09:15:13,3552.8682,etcusdt
946,2019-09-09 09:15:25,1945.2705,ltcusdt
949,2019-09-09 09:15:29,4.25,zrxusdt
946,2019-09-09 09:15:30,2080.6055,omgusdt
946,2019-09-09 09:15:34,9502.8667,ethbtc
953,2019-09-09 09:15:34,54645.485,btcusdt
951,2019-09-09 09:15:34,13.9429,aeeth
946,2019-09-09 09:15:35,11283.0479,ethusdt
948,2019-09-09 09:15:37,6258.1862,ltcbtc
952,2019-09-09 09:15:37,0.589,mcoeth
949,2019-09-09 09:15:38,819.9728,etcusdt
949,2019-09-09 09:15:41,29.5388,gntusdt
943,2019-09-09 09:15:48,46.9686,wtceth
947,2019-09-09 09:16:01,730.5137,omgusdt
953,2019-09-09 09:16:03,1.3622,mcoeth
954,2019-09-09 09:16:06,12799.9656,btcusdt
947,2019-09-09 09:16:07,2749.8641,ltcusdt
949,2019-09-09 09:16:07,2246.0372,ltcbtc
950,2019-09-09 09:16:11,67.8303,zrxusdt
950,2019-09-09 09:16:11,18.3494,gntusdt
952,2019-09-09 09:16:14,3.0206,aeeth
950,2019-09-09 09:16:14,555.4603,etcusdt
947,2019-09-09 09:16:14,10859.156,ethbtc
947,2019-09-09 09:16:15,16800.7088,ethusdt
950,2019-09-09 09:16:33,2694.6316,ltcbtc
944,2019-09-09 09:16:33,46.3728,wtceth
955,2019-09-09 09:16:36,18487.4569,btcusdt
954,2019-09-09 09:16:39,0.2552,mcoeth
951,2019-09-09 09:16:40,2949.4718,etcusdt
953,2019-09-09 09:16:41,6.1954,aeeth
948,2019-09-09 09:16:44,2493.0541,omgusdt
948,2019-09-09 09:16:46,3921.7236,ltcusdt
951,2019-09-09 09:16:54,84.9424,zrxusdt
951,2019-09-09 09:16:54,2.9483,gntusdt
948,2019-09-09 09:16:55,11248.5139,ethbtc
948,2019-09-09 09:16:59,1819.4884,ethusdt
951,2019-09-09 09:17:02,6779.2454,ltcbtc
954,2019-09-09 09:17:09,16.5853,aeeth
952,2019-09-09 09:17:10,4547.3358,etcusdt
956,2019-09-09 09:17:13,20018.6665,btcusdt
945,2019-09-09 09:17:14,75.8938,wtceth
955,2019-09-09 09:17:22,1.1153,mcoeth
949,2019-09-09 09:17:23,1167.3883,ltcusdt
952,2019-09-09 09:17:29,19.0729,gntusdt
949,2019-09-09 09:17:29,170.1913,omgusdt
952,2019-09-09 09:17:30,6804.1368,ltcbtc
952,2019-09-09 09:17:33,109.5675,zrxusdt
949,2019-09-09 09:17:38,10673.3053,ethbtc
955,2019-09-09 09:17:41,10.1801,aeeth
949,2019-09-09 09:17:42,19975.4908,ethusdt
953,2019-09-09 09:17:51,579.9648,etcusdt
957,2019-09-09 09:17:53,36072.1438,btcusdt
946,2019-09-09 09:17:55,0.2659,wtceth
950,2019-09-09 09:17:56,2393.2659,ltcusdt
953,2019-09-09 09:17:57,12.238,gntusdt
953,2019-09-09 09:17:58,3778.6093,ltcbtc
956,2019-09-09 09:17:59,0.5451,mcoeth
950,2019-09-09 09:18:05,1268.2065,omgusdt
950,2019-09-09 09:18:10,11405.3624,ethbtc
953,2019-09-09 09:18:11,62.6333,zrxusdt
954,2019-09-09 09:18:19,4551.1462,etcusdt
950,2019-09-09 09:18:20,3085.6906,ethusdt
956,2019-09-09 09:18:25,0.741,aeeth
954,2019-09-09 09:18:29,1.7119,gntusdt
947,2019-09-09 09:18:31,53.1692,wtceth
958,2019-09-09 09:18:34,6082.2679,btcusdt
957,2019-09-09 09:18:38,0.4195,mcoeth
951,2019-09-09 09:18:39,5973.5611,ltcusdt
954,2019-09-09 09:18:42,6634.833,ltcbtc
954,2019-09-09 09:18:48,109.7173,zrxusdt
951,2019-09-09 09:18:49,2517.0709,omgusdt
955,2019-09-09 09:18:49,1111.0236,etcusdt
951,2019-09-09 09:18:53,2008.3054,ethbtc
955,2019-09-09 09:18:54,10.2188,gntusdt
957,2019-09-09 09:18:54,4.6525,aeeth
959,2019-09-09 09:19:01,64323.7406,btcusdt
951,2019-09-09 09:19:05,5357.6563,ethusdt
958,2019-09-09 09:19:08,1.4229,mcoeth
952,2019-09-09 09:19:13,1348.732,ltcusdt
948,2019-09-09 09:19:13,68.7735,wtceth
956,2019-09-09 09:19:15,1929.044,etcusdt
955,2019-09-09 09:19:16,137.4126,zrxusdt
955,2019-09-09 09:19:24,4046.5699,ltcbtc
960,2019-09-09 09:19:26,36578.2265,btcusdt
958,2019-09-09 09:19:33,1.1438,aeeth
952,2019-09-09 09:19:33,12337.5508,ethusdt
952,2019-09-09 09:19:34,2674.2848,omgusdt
956,2019-09-09 09:19:35,11.2823,gntusdt
952,2019-09-09 09:19:37,11398.9089,ethbtc
959,2019-09-09 09:19:40,1.1594,mcoeth
953,2019-09-09 09:19:47,6154.6869,ltcusdt
956,2019-09-09 09:19:47,136.0107,zrxusdt
949,2019-09-09 09:19:49,28.5454,wtceth
961,2019-09-09 09:19:56,50733.5856,btcusdt
957,2019-09-09 09:19:58,2594.0398,etcusdt
959,2019-09-09 09:19:58,17.5367,aeeth
956,2019-09-09 09:20:03,5622.0116,ltcbtc
953,2019-09-09 09:20:03,10000.8202,ethbtc
953,2019-09-09 09:20:06,3783.8523,omgusdt
953,2019-09-09 09:20:14,9503.4315,ethusdt
954,2019-09-09 09:20:17,214.5872,ltcusdt
957,2019-09-09 09:20:17,21.7936,gntusdt
960,2019-09-09 09:20:21,0.5144,mcoeth
957,2019-09-09 09:20:26,60.4131,zrxusdt
950,2019-09-09 09:20:29,27.493,wtceth
962,2019-09-09 09:20:30,9872.5437,btcusdt
958,2019-09-09 09:20:30,3893.375,etcusdt
957,2019-09-09 09:20:31,2490.0178,ltcbtc
954,2019-09-09 09:20:40,12176.7746,ethbtc
960,2019-09-09 09:20:43,6.9752,aeeth
954,2019-09-09 09:20:47,1578.33,omgusdt
961,2019-09-09 09:20:53,0.9349,mcoeth
954,2019-09-09 09:20:54,1479.3835,ethusdt
958,2019-09-09 09:20:56,24.6182,zrxusdt
959,2019-09-09 09:20:56,211.7689,etcusdt
955,2019-09-09 09:20:57,333.2075,ltcusdt
958,2019-09-09 09:21:00,21.6546,gntusdt
958,2019-09-09 09:21:09,5494.3996,ltcbtc
955,2019-09-09 09:21:09,10395.807,ethbtc
961,2019-09-09 09:21:10,8.5188,aeeth
951,2019-09-09 09:21:11,70.9864,wtceth
963,2019-09-09 09:21:13,17078.2465,btcusdt
962,2019-09-09 09:21:22,0.2325,mcoeth
955,2019-09-09 09:21:24,13066.713,ethusdt
960,2019-09-09 09:21:26,2098.9674,etcusdt
955,2019-09-09 09:21:29,3256.9745,omgusdt
956,2019-09-09 09:21:32,5105.9573,ltcusdt
959,2019-09-09 09:21:34,130.1441,zrxusdt
964,2019-09-09 09:21:40,56037.5728,btcusdt
959,2019-09-09 09:21:41,4.3647,gntusdt
959,2019-09-09 09:21:43,4505.5535,ltcbtc
962,2019-09-09 09:21:44,18.734,aeeth
956,2019-09-09 09:21:46,6671.6728,ethbtc
952,2019-09-09 09:21:47,4.1929,wtceth
963,2019-09-09 09:21:56,1.0465,mcoeth
960,2019-09-09 09:22:01,128.547,zrxusdt
956,2019-09-09 09:22:02,11338.6437,ethusdt
956,2019-09-09 09:22:02,4037.8227,omgusdt
961,2019-09-09 09:22:11,168.1107,etcusdt
965,2019-09-09 09:22:13,17440.8975,btcusdt
957,2019-09-09 09:22:17,4925.8302,ltcusdt
960,2019-09-09 09:22:18,7.2048,gntusdt
953,2019-09-09 09:22:18,25.9628,wtceth
960,2019-09-09 09:22:18,5849.8887,ltcbtc
957,2019-09-09 09:22:19,8811.4657,ethbtc
963,2019-09-09 09:22:22,4.3236,aeeth
964,2019-09-09 09:22:23,1.418,mcoeth
957,2019-09-09 09:22:34,10319.51,ethusdt
961,2019-09-09 09:22:37,17.3734,zrxusdt
962,2019-09-09 09:22:41,1759.315,etcusdt
957,2019-09-09 09:22:41,2777.8064,omgusdt
966,2019-09-09 09:22:49,20419.9654,btcusdt
961,2019-09-09 09:22:50,22.0697,gntusdt
958,2019-09-09 09:22:51,4003.0901,ltcusdt
958,2019-09-09 09:22:51,7569.0116,ethbtc
954,2019-09-09 09:22:51,57.6571,wtceth
961,2019-09-09 09:22:56,6284.7331,ltcbtc
965,2019-09-09 09:22:58,0.5022,mcoeth
958,2019-09-09 09:22:59,2811.7256,ethusdt
964,2019-09-09 09:23:01,15.0174,aeeth
958,2019-09-09 09:23:15,3421.9571,omgusdt
962,2019-09-09 09:23:17,106.1794,zrxusdt
962,2019-09-09 09:23:18,22.3184,gntusdt
963,2019-09-09 09:23:19,532.1278,etcusdt
967,2019-09-09 09:23:27,36639.157,btcusdt
959,2019-09-09 09:23:28,2077.2138,ethbtc
955,2019-09-09 09:23:29,31.2626,wtceth
959,2019-09-09 09:23:29,5558.5713,ltcusdt
965,2019-09-09 09:23:34,2.4258,aeeth
966,2019-09-09 09:23:37,0.9447,mcoeth
962,2019-09-09 09:23:40,896.9074,ltcbtc
959,2019-09-09 09:23:42,15497.1389,ethusdt
963,2019-09-09 09:23:45,6.1748,gntusdt
959,2019-09-09 09:23:58,3647.1817,omgusdt
963,2019-09-09 09:24:00,35.626,zrxusdt
960,2019-09-09 09:24:02,5465.4283,ethbtc
964,2019-09-09 09:24:02,2502.8776,etcusdt
960,2019-09-09 09:24:03,3585.1512,ltcusdt
967,2019-09-09 09:24:08,1.2686,mcoeth
968,2019-09-09 09:24:12,39722.8785,btcusdt
956,2019-09-09 09:24:14,70.9218,wtceth
963,2019-09-09 09:24:15,56.2575,ltcbtc
966,2019-09-09 09:24:15,12.8231,aeeth
960,2019-09-09 09:24:19,9230.4788,ethusdt
964,2019-09-09 09:24:21,29.6859,gntusdt
965,2019-09-09 09:24:29,3496.1101,etcusdt
961,2019-09-09 09:24:30,5007.2574,ethbtc
964,2019-09-09 09:24:31,137.4855,zrxusdt
960,2019-09-09 09:24:38,2429.8821,omgusdt
961,2019-09-09 09:24:41,3054.5543,ltcusdt
969,2019-09-09 09:24:46,45416.9623,btcusdt
968,2019-09-09 09:24:47,1.2931,mcoeth
967,2019-09-09 09:24:50,11.2323,aeeth
965,2019-09-09 09:24:55,15.4144,gntusdt
962,2019-09-09 09:24:55,4753.2062,ethbtc
957,2019-09-09 09:24:57,74.3959,wtceth
964,2019-09-09 09:24:58,5664.1322,ltcbtc
961,2019-09-09 09:25:02,4748.3382,ethusdt
961,2019-09-09 09:25:03,2157.7929,omgusdt
966,2019-09-09 09:25:11,4352.4374,etcusdt
962,2019-09-09 09:25:14,4951.1678,ltcusdt
965,2019-09-09 09:25:14,117.5966,zrxusdt
968,2019-09-09 09:25:19,8.5789,aeeth
963,2019-09-09 09:25:25,2497.5801,ethbtc
969,2019-09-09 09:25:26,1.1095,mcoeth
962,2019-09-09 09:25:30,2471.782,omgusdt
970,2019-09-09 09:25:31,35641.4837,btcusdt
962,2019-09-09 09:25:35,11498.7521,ethusdt
965,2019-09-09 09:25:37,4175.8425,ltcbtc
958,2019-09-09 09:25:37,75.617,wtceth
966,2019-09-09 09:25:39,23.2055,gntusdt
967,2019-09-09 09:25:40,1474.1587,etcusdt
966,2019-09-09 09:25:54,103.0291,zrxusdt
963,2019-09-09 09:25:54,374.8058,ltcusdt
969,2019-09-09 09:25:59,6.2942,aeeth
964,2019-09-09 09:26:05,10803.0231,ethbtc
970,2019-09-09 09:26:06,0.3983,mcoeth
963,2019-09-09 09:26:06,3881.7016,omgusdt
971,2019-09-09 09:26:07,30712.7988,btcusdt
959,2019-09-09 09:26:12,22.9259,wtceth
966,2019-09-09 09:26:13,3762.2088,ltcbtc
968,2019-09-09 09:26:17,2365.159,etcusdt
967,2019-09-09 09:26:18,15.8746,gntusdt
963,2019-09-09 09:26:19,16104.4322,ethusdt
967,2019-09-09 09:26:24,107.7964,zrxusdt
964,2019-09-09 09:26:25,4108.088,ltcusdt
970,2019-09-09 09:26:37,16.8416,aeeth
964,2019-09-09 09:26:39,3271.0543,omgusdt
971,2019-09-09 09:26:40,1.081,mcoeth
965,2019-09-09 09:26:42,7487.1765,ethbtc
972,2019-09-09 09:26:51,48749.9664,btcusdt
964,2019-09-09 09:26:51,3958.2902,ethusdt
960,2019-09-09 09:26:51,60.8039,wtceth
967,2019-09-09 09:26:53,1933.9182,ltcbtc
965,2019-09-09 09:26:55,1870.3593,ltcusdt
969,2019-09-09 09:26:55,543.6829,etcusdt
968,2019-09-09 09:26:56,53.685,zrxusdt
968,2019-09-09 09:26:57,5.514,gntusdt
966,2019-09-09 09:27:13,3886.4599,ethbtc
971,2019-09-09 09:27:16,9.5004,aeeth
965,2019-09-09 09:27:18,7366.3403,ethusdt
965,2019-09-09 09:27:19,2971.7428,omgusdt
970,2019-09-09 09:27:23,901.3236,etcusdt
972,2019-09-09 09:27:24,1.0724,mcoeth
966,2019-09-09 09:27:25,4022.556,ltcusdt
969,2019-09-09 09:27:25,24.9965,gntusdt
969,2019-09-09 09:27:25,95.0912,zrxusdt
961,2019-09-09 09:27:26,58.6976,wtceth
973,2019-09-09 09:27:34,9997.1786,btcusdt
968,2019-09-09 09:27:35,809.5303,ltcbtc
967,2019-09-09 09:27:44,1269.2445,ethbtc
966,2019-09-09 09:27:47,4177.1919,omgusdt
971,2019-09-09 09:27:54,3004.7021,etcusdt
972,2019-09-09 09:27:56,2.1935,aeeth
973,2019-09-09 09:27:57,0.4091,mcoeth
966,2019-09-09 09:27:59,17793.8828,ethusdt
970,2019-09-09 09:28:01,44.7528,zrxusdt
970,2019-09-09 09:28:05,15.41,gntusdt
962,2019-09-09 09:28:09,12.9852,wtceth
967,2019-09-09 09:28:09,3388.2126,ltcusdt
974,2019-09-09 09:28:13,8942.1247,btcusdt
968,2019-09-09 09:28:16,10494.9994,ethbtc
967,2019-09-09 09:28:18,1113.6854,omgusdt
969,2019-09-09 09:28:19,2744.5331,ltcbtc
973,2019-09-09 09:28:23,11.3351,aeeth
972,2019-09-09 09:28:34,1078.6467,etcusdt
968,2019-09-09 09:28:35,3445.009,ltcusdt
974,2019-09-09 09:28:36,0.2455,mcoeth
967,2019-09-09 09:28:37,6170.4351,ethusdt
971,2019-09-09 09:28:40,118.1387,zrxusdt
971,2019-09-09 09:28:45,25.4118,gntusdt
963,2019-09-09 09:28:50,61.4955,wtceth
968,2019-09-09 09:28:51,3349.3202,omgusdt
974,2019-09-09 09:28:53,0.4178,aeeth
969,2019-09-09 09:28:57,3408.7627,ethbtc
975,2019-09-09 09:28:58,22382.8349,btcusdt
970,2019-09-09 09:28:58,5026.4293,ltcbtc
973,2019-09-09 09:29:01,3164.8977,etcusdt
972,2019-09-09 09:29:05,12.0647,zrxusdt
975,2019-09-09 09:29:10,0.2406,mcoeth
968,2019-09-09 09:29:15,9947.1508,ethusdt
969,2019-09-09 09:29:16,58.6819,ltcusdt
969,2019-09-09 09:29:25,3464.0571,omgusdt
970,2019-09-09 09:29:26,4219.3042,ethbtc
972,2019-09-09 09:29:26,30.7771,gntusdt
971,2019-09-09 09:29:27,3312.8987,ltcbtc
975,2019-09-09 09:29:28,17.8647,aeeth
976,2019-09-09 09:29:31,7726.9076,btcusdt
964,2019-09-09 09:29:34,36.9366,wtceth
976,2019-09-09 09:29:42,0.08,mcoeth
973,2019-09-09 09:29:42,138.1668,zrxusdt
969,2019-09-09 09:29:44,14297.5863,ethusdt
974,2019-09-09 09:29:45,2575.8782,etcusdt
976,2019-09-09 09:29:53,17.7704,aeeth
973,2019-09-09 09:29:58,24.7064,gntusdt
970,2019-09-09 09:29:59,3701.8468,ltcusdt
970,2019-09-09 09:30:05,1877.8351,omgusdt
977,2019-09-09 09:30:07,32410.5843,btcusdt
977,2019-09-09 09:30:09,1.3376,mcoeth
971,2019-09-09 09:30:10,3133.1838,ethbtc
972,2019-09-09 09:30:12,6037.5977,ltcbtc
965,2019-09-09 09:30:17,53.2275,wtceth
974,2019-09-09 09:30:18,129.4557,zrxusdt
975,2019-09-09 09:30:25,1536.7489,etcusdt
970,2019-09-09 09:30:28,11902.6695,ethusdt
977,2019-09-09 09:30:30,11.171,aeeth
974,2019-09-09 09:30:31,14.5834,gntusdt
971,2019-09-09 09:30:32,3979.2642,omgusdt
971,2019-09-09 09:30:37,3245.276,ltcusdt
978,2019-09-09 09:30:44,0.3589,mcoeth
972,2019-09-09 09:30:44,7106.6965,ethbtc
975,2019-09-09 09:30:48,23.1978,zrxusdt
966,2019-09-09 09:30:49,54.6977,wtceth
978,2019-09-09 09:30:49,53121.7283,btcusdt
973,2019-09-09 09:30:54,5256.1012,ltcbtc
971,2019-09-09 09:30:58,12875.6345,ethusdt
976,2019-09-09 09:30:59,3738.9063,etcusdt
975,2019-09-09 09:31:03,15.0774,gntusdt
973,2019-09-09 09:31:09,6245.5115,ethbtc
978,2019-09-09 09:31:10,16.8438,aeeth
972,2019-09-09 09:31:14,3753.8672,omgusdt
972,2019-09-09 09:31:14,4530.6441,ltcusdt
979,2019-09-09 09:31:21,976.1253,btcusdt
977,2019-09-09 09:31:24,320.7996,etcusdt
967,2019-09-09 09:31:25,58.951,wtceth
976,2019-09-09 09:31:26,54.8463,zrxusdt
979,2019-09-09 09:31:26,1.2526,mcoeth
974,2019-09-09 09:31:31,1466.0681,ltcbtc
976,2019-09-09 09:31:37,21.6657,gntusdt
974,2019-09-09 09:31:37,583.1925,ethbtc
973,2019-09-09 09:31:41,258.2847,omgusdt
972,2019-09-09 09:31:41,16543.4687,ethusdt
979,2019-09-09 09:31:44,16.4373,aeeth
968,2019-09-09 09:31:51,35.0594,wtceth
980,2019-09-09 09:31:56,38528.2902,btcusdt
980,2019-09-09 09:31:58,0.627,mcoeth
973,2019-09-09 09:31:58,3311.603,ltcusdt
978,2019-09-09 09:32:02,327.4527,etcusdt
977,2019-09-09 09:32:02,3.6522,gntusdt
975,2019-09-09 09:32:07,1650.4576,ethbtc
973,2019-09-09 09:32:08,10520.5376,ethusdt
977,2019-09-09 09:32:10,37.179,zrxusdt
980,2019-09-09 09:32:11,5.7938,aeeth
975,2019-09-09 09:32:16,3191.6852,ltcbtc
974,2019-09-09 09:32:16,1514.1701,omgusdt
969,2019-09-09 09:32:24,74.4455,wtceth
981,2019-09-09 09:32:31,9.5434,btcusdt
974,2019-09-09 09:32:31,1312.3862,ltcusdt
976,2019-09-09 09:32:33,4332.5826,ethbtc
974,2019-09-09 09:32:37,20288.9432,ethusdt
978,2019-09-09 09:32:37,24.4389,gntusdt
979,2019-09-09 09:32:39,3162.1085,etcusdt
981,2019-09-09 09:32:39,0.7815,mcoeth
978,2019-09-09 09:32:39,6.7467,zrxusdt
976,2019-09-09 09:32:44,4217.355,ltcbtc
981,2019-09-09 09:32:48,12.0576,aeeth
975,2019-09-09 09:32:50,1663.1618,omgusdt
975,2019-09-09 09:33:02,373.7797,ltcusdt
970,2019-09-09 09:33:03,73.1301,wtceth
979,2019-09-09 09:33:04,12.4138,gntusdt
980,2019-09-09 09:33:06,1576.2385,etcusdt
982,2019-09-09 09:33:08,0.5642,mcoeth
982,2019-09-09 09:33:08,24998.7025,btcusdt
979,2019-09-09 09:33:09,129.4197,zrxusdt
977,2019-09-09 09:33:14,3410.5427,ethbtc
975,2019-09-09 09:33:15,3134.7183,ethusdt
977,2019-09-09 09:33:19,874.2377,ltcbtc
982,2019-09-09 09:33:24,13.5303,aeeth
976,2019-09-09 09:33:27,4326.7325,ltcusdt
971,2019-09-09 09:33:31,72.5238,wtceth
981,2019-09-09 09:33:35,4432.9811,etcusdt
976,2019-09-09 09:33:35,3068.3954,omgusdt
980,2019-09-09 09:33:40,4.1751,gntusdt
976,2019-09-09 09:33:40,10243.0994,ethusdt
983,2019-09-09 09:33:43,1.3436,mcoeth
978,2019-09-09 09:33:46,5584.6783,ltcbtc
983,2019-09-09 09:33:50,35560.7736,btcusdt
978,2019-09-09 09:33:51,11799.673,ethbtc
977,2019-09-09 09:33:54,5278.8075,ltcusdt
980,2019-09-09 09:33:54,81.9744,zrxusdt
972,2019-09-09 09:34:02,67.3993,wtceth
983,2019-09-09 09:34:04,2.853,aeeth
977,2019-09-09 09:34:11,3248.7519,omgusdt
981,2019-09-09 09:34:12,8.5542,gntusdt
984,2019-09-09 09:34:13,0.0549,mcoeth
982,2019-09-09 09:34:14,2784.1087,etcusdt
977,2019-09-09 09:34:21,2585.9879,ethusdt
979,2019-09-09 09:34:21,1892.3279,ltcbtc
978,2019-09-09 09:34:22,5893.9175,ltcusdt
981,2019-09-09 09:34:24,37.7688,zrxusdt
984,2019-09-09 09:34:25,17227.9653,btcusdt
979,2019-09-09 09:34:30,9390.4334,ethbtc
984,2019-09-09 09:34:31,0.0737,aeeth
985,2019-09-09 09:34:38,0.7735,mcoeth
973,2019-09-09 09:34:39,43.4844,wtceth
982,2019-09-09 09:34:46,18.7558,gntusdt
979,2019-09-09 09:34:48,3763.8155,ltcusdt
983,2019-09-09 09:34:49,215.4457,etcusdt
978,2019-09-09 09:34:53,1615.5465,omgusdt
982,2019-09-09 09:34:54,13.9063,zrxusdt
978,2019-09-09 09:34:59,13277.8232,ethusdt
985,2019-09-09 09:35:01,2371.6705,btcusdt
980,2019-09-09 09:35:03,5227.5644,ltcbtc
980,2019-09-09 09:35:06,952.7089,ethbtc
985,2019-09-09 09:35:14,0.3097,aeeth
986,2019-09-09 09:35:14,0.6657,mcoeth
979,2019-09-09 09:35:18,2488.7319,omgusdt
980,2019-09-09 09:35:19,3411.0812,ltcusdt
983,2019-09-09 09:35:19,74.6357,zrxusdt
974,2019-09-09 09:35:22,47.1967,wtceth
986,2019-09-09 09:35:28,19214.5988,btcusdt
983,2019-09-09 09:35:29,19.0344,gntusdt
979,2019-09-09 09:35:30,19060.0342,ethusdt
984,2019-09-09 09:35:31,4432.5777,etcusdt
981,2019-09-09 09:35:36,5345.5619,ethbtc
986,2019-09-09 09:35:40,3.4781,aeeth
981,2019-09-09 09:35:45,3568.4764,ltcbtc
980,2019-09-09 09:35:46,3799.7651,omgusdt
987,2019-09-09 09:35:53,0.5994,mcoeth
975,2019-09-09 09:35:55,44.6127,wtceth
984,2019-09-09 09:35:57,13.3263,gntusdt
981,2019-09-09 09:35:57,4402.2762,ltcusdt
984,2019-09-09 09:35:58,60.9524,zrxusdt
987,2019-09-09 09:36:05,10.714,aeeth
985,2019-09-09 09:36:05,4660.1647,etcusdt
987,2019-09-09 09:36:08,21156.2404,btcusdt
982,2019-09-09 09:36:11,563.66,ltcbtc
981,2019-09-09 09:36:11,2947.1626,omgusdt
982,2019-09-09 09:36:14,5608.9506,ethbtc
980,2019-09-09 09:36:15,17406.9028,ethusdt
988,2019-09-09 09:36:20,0.2739,mcoeth
982,2019-09-09 09:36:26,5861.3444,ltcusdt
988,2019-09-09 09:36:32,6.3931,aeeth
986,2019-09-09 09:36:34,4543.8691,etcusdt
988,2019-09-09 09:36:36,38491.509,btcusdt
976,2019-09-09 09:36:37,39.1588,wtceth
982,2019-09-09 09:36:39,194.4545,omgusdt
983,2019-09-09 09:36:39,6276.4506,ethbtc
985,2019-09-09 09:36:40,12.3754,gntusdt
985,2019-09-09 09:36:43,123.589,zrxusdt
983,2019-09-09 09:36:44,2656.1291,ltcbtc
989,2019-09-09 09:36:50,0.6391,mcoeth
981,2019-09-09 09:36:55,4116.2332,ethusdt
987,2019-09-09 09:37:05,714.1318,etcusdt
989,2019-09-09 09:37:08,63251.4042,btcusdt
986,2019-09-09 09:37:08,30.8012,gntusdt
983,2019-09-09 09:37:10,6241.5555,ltcusdt
977,2019-09-09 09:37:11,72.0947,wtceth
986,2019-09-09 09:37:14,118.997,zrxusdt
989,2019-09-09 09:37:14,15.0812,aeeth
984,2019-09-09 09:37:19,1467.4301,ltcbtc
983,2019-09-09 09:37:21,3761.0456,omgusdt
984,2019-09-09 09:37:23,1906.7442,ethbtc
982,2019-09-09 09:37:24,15047.6983,ethusdt
988,2019-09-09 09:37:30,1759.0157,etcusdt
990,2019-09-09 09:37:32,0.1329,mcoeth
987,2019-09-09 09:37:33,8.0198,gntusdt
985,2019-09-09 09:37:48,1586.2672,ltcbtc
990,2019-09-09 09:37:48,32339.0345,btcusdt
978,2019-09-09 09:37:49,64.4245,wtceth
990,2019-09-09 09:37:51,13.9817,aeeth
984,2019-09-09 09:37:53,441.6,ltcusdt
983,2019-09-09 09:37:55,16122.0802,ethusdt
987,2019-09-09 09:37:57,48.3726,zrxusdt
984,2019-09-09 09:38:03,1421.753,omgusdt
985,2019-09-09 09:38:04,1236.8716,ethbtc
989,2019-09-09 09:38:08,4602.6237,etcusdt
991,2019-09-09 09:38:11,0.6411,mcoeth
988,2019-09-09 09:38:15,11.9268,gntusdt
991,2019-09-09 09:38:18,18.1002,aeeth
986,2019-09-09 09:38:26,5364.1658,ltcbtc
979,2019-09-09 09:38:27,30.4443,wtceth
986,2019-09-09 09:38:29,9847.4261,ethbtc
985,2019-09-09 09:38:32,3430.9124,omgusdt
991,2019-09-09 09:38:33,23796.5556,btcusdt
985,2019-09-09 09:38:35,2820.6442,ltcusdt
988,2019-09-09 09:38:37,109.0439,zrxusdt
984,2019-09-09 09:38:38,7147.1139,ethusdt
989,2019-09-09 09:38:44,10.7731,gntusdt
992,2019-09-09 09:38:46,0.1066,mcoeth
990,2019-09-09 09:38:51,3422.3554,etcusdt
980,2019-09-09 09:38:54,65.8404,wtceth
987,2019-09-09 09:38:58,3548.6774,ethbtc
992,2019-09-09 09:39:00,11.9805,aeeth
987,2019-09-09 09:39:02,3611.4073,ltcbtc
986,2019-09-09 09:39:04,2162.8208,omgusdt
985,2019-09-09 09:39:15,16946.6991,ethusdt
989,2019-09-09 09:39:16,110.7224,zrxusdt
992,2019-09-09 09:39:18,17224.8361,btcusdt
990,2019-09-09 09:39:18,28.1698,gntusdt
993,2019-09-09 09:39:19,0.7986,mcoeth
986,2019-09-09 09:39:20,369.6837,ltcusdt
981,2019-09-09 09:39:29,19.9378,wtceth
991,2019-09-09 09:39:29,716.0226,etcusdt
988,2019-09-09 09:39:29,9038.7751,ethbtc
988,2019-09-09 09:39:32,268.4934,ltcbtc
993,2019-09-09 09:39:39,10.5277,aeeth
986,2019-09-09 09:39:41,8171.2102,ethusdt
987,2019-09-09 09:39:43,2289.5441,omgusdt
991,2019-09-09 09:39:50,1.6945,gntusdt
994,2019-09-09 09:39:52,0.5977,mcoeth
987,2019-09-09 09:39:54,526.2735,ltcusdt
989,2019-09-09 09:39:55,10360.0259,ethbtc
990,2019-09-09 09:40:01,118.3708,zrxusdt
993,2019-09-09 09:40:03,43171.4142,btcusdt
982,2019-09-09 09:40:04,44.5708,wtceth
992,2019-09-09 09:40:05,2167.0545,etcusdt
989,2019-09-09 09:40:06,5532.7383,ltcbtc
994,2019-09-09 09:40:17,1.7257,aeeth
992,2019-09-09 09:40:17,25.2839,gntusdt
987,2019-09-09 09:40:20,6242.2525,ethusdt
995,2019-09-09 09:40:21,0.8311,mcoeth
988,2019-09-09 09:40:23,1937.2568,omgusdt
990,2019-09-09 09:40:25,10670.8147,ethbtc
988,2019-09-09 09:40:36,890.0605,ltcusdt
993,2019-09-09 09:40:37,2544.9671,etcusdt
990,2019-09-09 09:40:39,1454.0987,ltcbtc
995,2019-09-09 09:40:42,14.0873,aeeth
991,2019-09-09 09:40:43,3.2742,zrxusdt
983,2019-09-09 09:40:43,71.4429,wtceth
994,2019-09-09 09:40:44,30163.5125,btcusdt
989,2019-09-09 09:40:51,297.5367,omgusdt
993,2019-09-09 09:40:53,16.6885,gntusdt
996,2019-09-09 09:40:54,1.2225,mcoeth
988,2019-09-09 09:40:56,13737.9363,ethusdt
991,2019-09-09 09:41:02,9057.4412,ethbtc
989,2019-09-09 09:41:05,6478.7516,ltcusdt
992,2019-09-09 09:41:14,77.6377,zrxusdt
994,2019-09-09 09:41:17,4246.9262,etcusdt
991,2019-09-09 09:41:23,2858.5487,ltcbtc
995,2019-09-09 09:41:23,22181.6863,btcusdt
984,2019-09-09 09:41:25,30.3526,wtceth
996,2019-09-09 09:41:26,16.7248,aeeth
994,2019-09-09 09:41:31,19.2628,gntusdt
990,2019-09-09 09:41:31,987.691,omgusdt
989,2019-09-09 09:41:32,12544.2633,ethusdt
997,2019-09-09 09:41:33,0.1002,mcoeth
990,2019-09-09 09:41:35,6251.6147,ltcusdt
993,2019-09-09 09:41:41,120.993,zrxusdt
992,2019-09-09 09:41:42,8629.4799,ethbtc
995,2019-09-09 09:41:48,4050.5325,etcusdt
997,2019-09-09 09:41:51,10.5114,aeeth
996,2019-09-09 09:41:52,26311.1404,btcusdt
992,2019-09-09 09:41:54,866.6443,ltcbtc
995,2019-09-09 09:41:57,5.4274,gntusdt
991,2019-09-09 09:41:58,3860.9348,omgusdt
998,2019-09-09 09:41:58,1.4299,mcoeth
990,2019-09-09 09:42:04,18343.7664,ethusdt
985,2019-09-09 09:42:04,44.1536,wtceth
991,2019-09-09 09:42:07,4166.8229,ltcusdt
993,2019-09-09 09:42:12,8920.0616,ethbtc
993,2019-09-09 09:42:20,2308.0526,ltcbtc
994,2019-09-09 09:42:20,11.669,zrxusdt
998,2019-09-09 09:42:22,2.7227,aeeth
992,2019-09-09 09:42:27,277.1836,omgusdt
997,2019-09-09 09:42:27,33062.373,btcusdt
996,2019-09-09 09:42:30,3.5983,gntusdt
996,2019-09-09 09:42:31,1819.3367,etcusdt
999,2019-09-09 09:42:40,1.2274,mcoeth
992,2019-09-09 09:42:42,3740.7437,ltcusdt
994,2019-09-09 09:42:43,4467.1298,ethbtc
986,2019-09-09 09:42:47,40.4745,wtceth
991,2019-09-09 09:42:48,15183.1501,ethusdt
995,2019-09-09 09:42:52,46.5045,zrxusdt
997,2019-09-09 09:42:57,3623.7002,etcusdt
994,2019-09-09 09:42:58,1768.8831,ltcbtc
997,2019-09-09 09:42:58,22.2207,gntusdt
999,2019-09-09 09:43:02,2.5179,aeeth
993,2019-09-09 09:43:06,546.63,omgusdt
998,2019-09-09 09:43:11,6584.0782,btcusdt
987,2019-09-09 09:43:13,52.0785,wtceth
993,2019-09-09 09:43:16,650.9637,ltcusdt
1000,2019-09-09 09:43:19,0.4709,mcoeth
995,2019-09-09 09:43:21,5511.2813,ethbtc
996,2019-09-09 09:43:24,69.1892,zrxusdt
995,2019-09-09 09:43:27,6718.9181,ltcbtc
998,2019-09-09 09:43:29,3840.212,etcusdt
998,2019-09-09 09:43:29,11.1526,gntusdt
992,2019-09-09 09:43:33,2810.046,ethusdt
999,2019-09-09 09:43:38,39555.6453,btcusdt
988,2019-09-09 09:43:43,9.4091,wtceth
994,2019-09-09 09:43:44,5068.1737,ltcusdt
994,2019-09-09 09:43:44,506.74,omgusdt
1000,2019-09-09 09:43:47,8.3216,aeeth
996,2019-09-09 09:43:49,12975.1999,ethbtc
997,2019-09-09 09:43:49,64.2082,zrxusdt
996,2019-09-09 09:43:54,1830.9914,ltcbtc
1001,2019-09-09 09:44:02,0.9669,mcoeth
1000,2019-09-09 09:44:05,45537.0395,btcusdt
999,2019-09-09 09:44:09,3627.8566,etcusdt
999,2019-09-09 09:44:10,3.1129,gntusdt
993,2019-09-09 09:44:12,14006.5798,ethusdt
995,2019-09-09 09:44:24,6091.6079,ltcusdt
989,2019-09-09 09:44:24,64.329,wtceth
995,2019-09-09 09:44:26,4188.6311,omgusdt
998,2019-09-09 09:44:26,21.3435,zrxusdt
1001,2019-09-09 09:44:32,6.6023,aeeth
997,2019-09-09 09:44:34,2521.0213,ethbtc
1002,2019-09-09 09:44:35,0.752,mcoeth
1000,2019-09-09 09:44:36,12.5744,gntusdt
997,2019-09-09 09:44:38,4235.614,ltcbtc
1001,2019-09-09 09:44:47,27293.9411,btcusdt
1000,2019-09-09 09:44:48,3254.1316,etcusdt
994,2019-09-09 09:44:53,10901.8929,ethusdt
996,2019-09-09 09:44:53,3716.4984,omgusdt
999,2019-09-09 09:44:56,48.07,zrxusdt
1002,2019-09-09 09:44:59,4.4553,aeeth
996,2019-09-09 09:45:03,3721.0422,ltcusdt
990,2019-09-09 09:45:09,51.185,wtceth
998,2019-09-09 09:45:12,132.1191,ltcbtc
998,2019-09-09 09:45:16,817.6007,ethbtc
1001,2019-09-09 09:45:16,27.4027,gntusdt
1003,2019-09-09 09:45:19,0.3584,mcoeth
997,2019-09-09 09:45:22,1908.6382,omgusdt
1002,2019-09-09 09:45:26,60852.7866,btcusdt
1001,2019-09-09 09:45:26,339.7719,etcusdt
995,2019-09-09 09:45:27,3827.3433,ethusdt
1000,2019-09-09 09:45:31,34.406,zrxusdt
997,2019-09-09 09:45:35,3515.8129,ltcusdt
1003,2019-09-09 09:45:35,6.8727,aeeth
999,2019-09-09 09:45:44,1735.4142,ltcbtc
999,2019-09-09 09:45:47,10518.028,ethbtc
991,2019-09-09 09:45:48,59.3817,wtceth
1004,2019-09-09 09:45:51,1.334,mcoeth
1002,2019-09-09 09:45:56,1661.3114,etcusdt
1002,2019-09-09 09:46:01,26.4166,gntusdt
996,2019-09-09 09:46:02,4287.1127,ethusdt
998,2019-09-09 09:46:03,1110.3635,omgusdt
1003,2019-09-09 09:46:05,56814.8051,btcusdt
1001,2019-09-09 09:46:08,85.4382,zrxusdt
1004,2019-09-09 09:46:08,0.1808,aeeth
998,2019-09-09 09:46:11,546.9753,ltcusdt
1000,2019-09-09 09:46:16,5120.9406,ltcbtc
992,2019-09-09 09:46:19,35.7134,wtceth
1005,2019-09-09 09:46:24,0.6844,mcoeth
1000,2019-09-09 09:46:29,12069.6311,ethbtc
1003,2019-09-09 09:46:34,3852.2276,etcusdt
1005,2019-09-09 09:46:38,9.5106,aeeth
1003,2019-09-09 09:46:40,2.4421,gntusdt
1004,2019-09-09 09:46:41,21877.346,btcusdt
997,2019-09-09 09:46:44,17334.0703,ethusdt
999,2019-09-09 09:46:45,3063.1741,omgusdt
1002,2019-09-09 09:46:46,129.2229,zrxusdt
993,2019-09-09 09:46:46,24.415,wtceth
999,2019-09-09 09:46:56,4158.7108,ltcusdt
1001,2019-09-09 09:46:56,1998.3194,ltcbtc
1004,2019-09-09 09:47:01,1221.1413,etcusdt
1006,2019-09-09 09:47:04,0.6803,mcoeth
1001,2019-09-09 09:47:06,576.14,ethbtc
1005,2019-09-09 09:47:11,57343.1635,btcusdt
1006,2019-09-09 09:47:12,15.7987,aeeth
1000,2019-09-09 09:47:24,2656.7882,omgusdt
994,2019-09-09 09:47:24,75.1346,wtceth
998,2019-09-09 09:47:24,19532.279,ethusdt
1004,2019-09-09 09:47:25,2.3595,gntusdt
1002,2019-09-09 09:47:27,4144.2738,ltcbtc
1003,2019-09-09 09:47:28,59.29,zrxusdt
1000,2019-09-09 09:47:41,6001.5095,ltcusdt
1005,2019-09-09 09:47:44,2216.3927,etcusdt
1006,2019-09-09 09:47:46,1261.7804,btcusdt
1002,2019-09-09 09:47:47,6135.3447,ethbtc
1007,2019-09-09 09:47:48,1.4063,mcoeth
1001,2019-09-09 09:47:50,321.5227,omgusdt
1005,2019-09-09 09:47:53,24.4597,gntusdt
1007,2019-09-09 09:47:56,16.9889,aeeth
1003,2019-09-09 09:47:59,337.9942,ltcbtc
999,2019-09-09 09:48:02,8439.3193,ethusdt
995,2019-09-09 09:48:03,9.768,wtceth
1004,2019-09-09 09:48:07,135.0703,zrxusdt
1007,2019-09-09 09:48:13,71076.2336,btcusdt
1001,2019-09-09 09:48:14,2002.7093,ltcusdt
1002,2019-09-09 09:48:15,414.6485,omgusdt
1006,2019-09-09 09:48:22,20.1726,gntusdt
1006,2019-09-09 09:48:25,1955.1185,etcusdt
1003,2019-09-09 09:48:27,13420.6381,ethbtc
1004,2019-09-09 09:48:29,739.3397,ltcbtc
1008,2019-09-09 09:48:30,11.6269,aeeth
1008,2019-09-09 09:48:31,1.2455,mcoeth
1000,2019-09-09 09:48:33,9885.8929,ethusdt
1005,2019-09-09 09:48:43,124.1887,zrxusdt
996,2019-09-09 09:48:47,76.1958,wtceth
1002,2019-09-09 09:48:54,3949.0264,ltcusdt
1003,2019-09-09 09:48:55,406.7203,omgusdt
1008,2019-09-09 09:48:57,11826.5976,btcusdt
1007,2019-09-09 09:48:58,25.7537,gntusdt
1005,2019-09-09 09:48:59,2445.9714,ltcbtc
1009,2019-09-09 09:49:00,0.2825,mcoeth
1001,2019-09-09 09:49:05,880.392,ethusdt
1004,2019-09-09 09:49:07,5541.5937,ethbtc
1007,2019-09-09 09:49:08,1369.5774,etcusdt
1009,2019-09-09 09:49:09,2.665,aeeth
1006,2019-09-09 09:49:18,69.7809,zrxusdt
1004,2019-09-09 09:49:25,1969.536,omgusdt
997,2019-09-09 09:49:31,4.5792,wtceth
1009,2019-09-09 09:49:32,41536.4682,btcusdt
1002,2019-09-09 09:49:32,1955.9705,ethusdt
1005,2019-09-09 09:49:33,13636.2269,ethbtc
1006,2019-09-09 09:49:35,1506.5012,ltcbtc
1003,2019-09-09 09:49:37,5113.1728,ltcusdt
1008,2019-09-09 09:49:39,2.3036,gntusdt
1010,2019-09-09 09:49:41,0.2414,mcoeth
1010,2019-09-09 09:49:44,11.043,aeeth
1008,2019-09-09 09:49:45,565.0002,etcusdt
1005,2019-09-09 09:49:51,4334.6398,omgusdt
1006,2019-09-09 09:49:59,11825.4778,ethbtc
1007,2019-09-09 09:50:00,82.3957,zrxusdt
1003,2019-09-09 09:50:03,16282.8792,ethusdt
1007,2019-09-09 09:50:05,933.4574,ltcbtc
1009,2019-09-09 09:50:06,15.0057,gntusdt
1010,2019-09-09 09:50:09,67851.9436,btcusdt
998,2019-09-09 09:50:10,53.1341,wtceth
1011,2019-09-09 09:50:12,1.0644,mcoeth
1004,2019-09-09 09:50:15,4210.426,ltcusdt
1011,2019-09-09 09:50:23,16.8701,aeeth
1008,2019-09-09 09:50:27,17.5275,zrxusdt
1007,2019-09-09 09:50:29,7971.5909,ethbtc
1009,2019-09-09 09:50:30,159.9687,etcusdt
1006,2019-09-09 09:50:35,370.4285,omgusdt
1008,2019-09-09 09:50:38,6542.7818,ltcbtc
1012,2019-09-09 09:50:38,0.0453,mcoeth
1011,2019-09-09 09:50:40,51485.3078,btcusdt
1004,2019-09-09 09:50:42,3839.2833,ethusdt
999,2019-09-09 09:50:45,52.9019,wtceth
1010,2019-09-09 09:50:45,21.6417,gntusdt
1005,2019-09-09 09:50:54,400.4903,ltcusdt
1012,2019-09-09 09:50:55,4.5886,aeeth
1010,2019-09-09 09:51:02,1843.3526,etcusdt
1009,2019-09-09 09:51:02,85.4345,zrxusdt
1009,2019-09-09 09:51:05,5775.36,ltcbtc
1007,2019-09-09 09:51:05,4054.7342,omgusdt
1013,2019-09-09 09:51:10,0.5836,mcoeth
1012,2019-09-09 09:51:10,69145.6493,btcusdt
1005,2019-09-09 09:51:11,772.2209,ethusdt
1008,2019-09-09 09:51:12,7610.8259,ethbtc
1000,2019-09-09 09:51:14,48.1552,wtceth
1011,2019-09-09 09:51:18,9.3045,gntusdt
1011,2019-09-09 09:51:29,4197.9251,etcusdt
1013,2019-09-09 09:51:31,12.1519,aeeth
1006,2019-09-09 09:51:31,4445.5022,ltcusdt
1013,2019-09-09 09:51:35,41692.4582,btcusdt
1008,2019-09-09 09:51:37,3834.5466,omgusdt
1010,2019-09-09 09:51:37,638.3187,ltcbtc
1006,2019-09-09 09:51:38,11468.8676,ethusdt
1009,2019-09-09 09:51:38,9466.9617,ethbtc
1010,2019-09-09 09:51:40,105.0104,zrxusdt
1001,2019-09-09 09:51:51,50.3483,wtceth
1014,2019-09-09 09:51:55,0.3804,mcoeth
1012,2019-09-09 09:51:56,8.4104,gntusdt
1007,2019-09-09 09:51:57,669.7548,ltcusdt
1014,2019-09-09 09:52:06,5.0925,aeeth
1007,2019-09-09 09:52:06,21049.6102,ethusdt
1010,2019-09-09 09:52:10,11307.4826,ethbtc
1012,2019-09-09 09:52:11,3013.5373,etcusdt
1011,2019-09-09 09:52:12,3938.0754,ltcbtc
1011,2019-09-09 09:52:14,70.2586,zrxusdt
1014,2019-09-09 09:52:16,51022.496,btcusdt
1009,2019-09-09 09:52:16,493.754,omgusdt
1013,2019-09-09 09:52:33,7.6352,gntusdt
1015,2019-09-09 09:52:33,14.1092,aeeth
1002,2019-09-09 09:52:33,11.9319,wtceth
1008,2019-09-09 09:52:34,5483.5716,ltcusdt
1013,2019-09-09 09:52:37,2255.2688,etcusdt
1015,2019-09-09 09:52:37,0.2081,mcoeth
1012,2019-09-09 09:52:40,21.2359,zrxusdt
1008,2019-09-09 09:52:41,12913.2857,ethusdt
1012,2019-09-09 09:52:44,4283.4368,ltcbtc
1015,2019-09-09 09:52:47,62677.5582,btcusdt
1011,2019-09-09 09:52:48,11942.5663,ethbtc
1010,2019-09-09 09:52:54,4295.6993,omgusdt
1016,2019-09-09 09:52:58,17.2714,aeeth
1003,2019-09-09 09:53:01,10.5944,wtceth
1013,2019-09-09 09:53:06,85.794,zrxusdt
1014,2019-09-09 09:53:08,1277.9016,etcusdt
1009,2019-09-09 09:53:10,6166.0502,ltcusdt
1013,2019-09-09 09:53:12,4305.272,ltcbtc
1016,2019-09-09 09:53:12,0.1472,mcoeth
1014,2019-09-09 09:53:12,22.6674,gntusdt
1012,2019-09-09 09:53:14,12377.123,ethbtc
1016,2019-09-09 09:53:23,17204.8484,btcusdt
1009,2019-09-09 09:53:26,12428.2261,ethusdt
1004,2019-09-09 09:53:33,59.6413,wtceth
1010,2019-09-09 09:53:36,2418.0347,ltcusdt
1017,2019-09-09 09:53:38,16.6471,aeeth
1011,2019-09-09 09:53:38,3338.9872,omgusdt
1017,2019-09-09 09:53:40,1.3854,mcoeth
1014,2019-09-09 09:53:41,113.0044,zrxusdt
1015,2019-09-09 09:53:41,22.6535,gntusdt
1013,2019-09-09 09:53:49,12576.287,ethbtc
1014,2019-09-09 09:53:49,4325.3474,ltcbtc
1015,2019-09-09 09:53:53,51.9091,etcusdt
1010,2019-09-09 09:53:58,10346.9851,ethusdt
1011,2019-09-09 09:54:03,1824.9441,ltcusdt
1017,2019-09-09 09:54:06,38207.9878,btcusdt
1016,2019-09-09 09:54:07,14.1189,gntusdt
1005,2019-09-09 09:54:10,44.5074,wtceth
1018,2019-09-09 09:54:13,5.1633,aeeth
1012,2019-09-09 09:54:16,1317.6487,omgusdt
1018,2019-09-09 09:54:18,0.7172,mcoeth
1015,2019-09-09 09:54:22,4380.9567,ltcbtc
1015,2019-09-09 09:54:25,103.6805,zrxusdt
1016,2019-09-09 09:54:26,1400.807,etcusdt
1018,2019-09-09 09:54:32,55151.2587,btcusdt
1012,2019-09-09 09:54:33,565.9917,ltcusdt
1014,2019-09-09 09:54:34,6699.5233,ethbtc
1011,2019-09-09 09:54:35,16496.7445,ethusdt
1017,2019-09-09 09:54:36,28.2901,gntusdt
1006,2019-09-09 09:54:38,37.4504,wtceth
1019,2019-09-09 09:54:41,3.3843,aeeth
1013,2019-09-09 09:54:45,1076.4603,omgusdt
1016,2019-09-09 09:54:56,4314.6489,ltcbtc
1016,2019-09-09 09:54:56,108.945,zrxusdt
1019,2019-09-09 09:55:01,0.5107,mcoeth
1017,2019-09-09 09:55:03,327.2237,etcusdt
1013,2019-09-09 09:55:03,5758.5225,ltcusdt
1015,2019-09-09 09:55:06,13406.9438,ethbtc
1007,2019-09-09 09:55:09,4.1705,wtceth
1012,2019-09-09 09:55:14,15041.8105,ethusdt
1019,2019-09-09 09:55:16,48130.4674,btcusdt
1018,2019-09-09 09:55:18,15.8945,gntusdt
1020,2019-09-09 09:55:20,4.6359,aeeth
1014,2019-09-09 09:55:21,3585.3554,omgusdt
1014,2019-09-09 09:55:31,741.8228,ltcusdt
1017,2019-09-09 09:55:33,123.2499,zrxusdt
1020,2019-09-09 09:55:35,1.3434,mcoeth
1018,2019-09-09 09:55:35,3509.3221,etcusdt
1017,2019-09-09 09:55:39,652.2398,ltcbtc
1008,2019-09-09 09:55:45,7.3494,wtceth
1020,2019-09-09 09:55:50,13392.2001,btcusdt
1016,2019-09-09 09:55:50,12898.6493,ethbtc
1015,2019-09-09 09:55:51,2226.6602,omgusdt
1013,2019-09-09 09:55:54,959.6944,ethusdt
1021,2019-09-09 09:55:54,1.9369,aeeth
1018,2019-09-09 09:55:58,72.1413,zrxusdt
1019,2019-09-09 09:55:58,0.0933,gntusdt
1015,2019-09-09 09:56:00,1489.4858,ltcusdt
1019,2019-09-09 09:56:16,1627.5683,etcusdt
1021,2019-09-09 09:56:17,0.4917,mcoeth
1009,2019-09-09 09:56:20,71.8078,wtceth
1018,2019-09-09 09:56:21,1656.1882,ltcbtc
1017,2019-09-09 09:56:25,12375.1712,ethbtc
1016,2019-09-09 09:56:25,244.2083,omgusdt
1014,2019-09-09 09:56:31,15529.9393,ethusdt
1021,2019-09-09 09:56:35,71335.7134,btcusdt
1022,2019-09-09 09:56:36,17.5547,aeeth
1020,2019-09-09 09:56:37,12.5492,gntusdt
1016,2019-09-09 09:56:39,4038.0438,ltcusdt
1019,2019-09-09 09:56:41,104.5238,zrxusdt
1017,2019-09-09 09:56:51,3280.9754,omgusdt
1018,2019-09-09 09:56:51,2557.4381,ethbtc
1010,2019-09-09 09:56:53,37.4737,wtceth
1022,2019-09-09 09:56:54,0.7655,mcoeth
1020,2019-09-09 09:57:01,1279.666,etcusdt
1019,2019-09-09 09:57:05,3460.8275,ltcbtc
1020,2019-09-09 09:57:09,58.2859,zrxusdt
1023,2019-09-09 09:57:09,0.9193,aeeth
1015,2019-09-09 09:57:10,6643.9305,ethusdt
1022,2019-09-09 09:57:12,16298.2063,btcusdt
1021,2019-09-09 09:57:15,20.8821,gntusdt
1017,2019-09-09 09:57:21,4113.3132,ltcusdt
1023,2019-09-09 09:57:23,1.1343,mcoeth
1019,2019-09-09 09:57:24,5463.5585,ethbtc
1011,2019-09-09 09:57:27,76.0148,wtceth
1021,2019-09-09 09:57:31,2066.4003,etcusdt
1018,2019-09-09 09:57:35,4309.3992,omgusdt
1023,2019-09-09 09:57:37,28824.9521,btcusdt
1016,2019-09-09 09:57:40,10013.536,ethusdt
1021,2019-09-09 09:57:42,101.3406,zrxusdt
1020,2019-09-09 09:57:46,4216.5357,ltcbtc
1018,2019-09-09 09:57:50,4145.6364,ltcusdt
1024,2019-09-09 09:57:54,13.3835,aeeth
1022,2019-09-09 09:57:58,15.0215,gntusdt
1019,2019-09-09 09:58:00,3348.0334,omgusdt
1022,2019-09-09 09:58:02,4155.1673,etcusdt
1020,2019-09-09 09:58:02,5711.6331,ethbtc
1024,2019-09-09 09:58:04,0.1448,mcoeth
1024,2019-09-09 09:58:11,10959.3777,btcusdt
1012,2019-09-09 09:58:12,75.8459,wtceth
1022,2019-09-09 09:58:15,60.7764,zrxusdt
1025,2019-09-09 09:58:23,1.2858,aeeth
1017,2019-09-09 09:58:25,12112.3062,ethusdt
1021,2019-09-09 09:58:27,5247.643,ltcbtc
1019,2019-09-09 09:58:29,2279.4539,ltcusdt
1025,2019-09-09 09:58:31,0.5486,mcoeth
1023,2019-09-09 09:58:33,830.8893,etcusdt
1021,2019-09-09 09:58:34,9429.6961,ethbtc
1023,2019-09-09 09:58:34,19.3555,gntusdt
1020,2019-09-09 09:58:43,353.8816,omgusdt
1013,2019-09-09 09:58:45,7.473,wtceth
1023,2019-09-09 09:58:48,44.6831,zrxusdt
1025,2019-09-09 09:58:51,52901.2487,btcusdt
1026,2019-09-09 09:58:56,5.6715,aeeth
1018,2019-09-09 09:59:01,2811.4256,ethusdt
1022,2019-09-09 09:59:10,5120.0068,ltcbtc
1014,2019-09-09 09:59:11,31.6941,wtceth
1026,2019-09-09 09:59:12,1.1948,mcoeth
1024,2019-09-09 09:59:13,1.5706,zrxusdt
1024,2019-09-09 09:59:13,11.1154,gntusdt
1020,2019-09-09 09:59:14,3051.9703,ltcusdt
1022,2019-09-09 09:59:16,10937.1879,ethbtc
1024,2019-09-09 09:59:18,2436.8824,etcusdt
1021,2019-09-09 09:59:24,450.9588,omgusdt
1027,2019-09-09 09:59:29,10.5297,aeeth
1026,2019-09-09 09:59:31,30930.3266,btcusdt
1019,2019-09-09 09:59:31,1439.5276,ethusdt
1023,2019-09-09 09:59:38,2386.9929,ltcbtc
1025,2019-09-09 09:59:41,1.2975,gntusdt
1021,2019-09-09 09:59:42,3252.4714,ltcusdt
1023,2019-09-09 09:59:44,3275.1118,ethbtc
1025,2019-09-09 09:59:48,1292.6004,etcusdt
1027,2019-09-09 09:59:48,1.1907,mcoeth
1025,2019-09-09 09:59:51,95.0152,zrxusdt
1015,2019-09-09 09:59:51,66.8326,wtceth
1022,2019-09-09 09:59:59,4024.7594,omgusdt
1026,2019-09-09 10:00:29,10.8909,gntusdt
1027,2019-09-09 10:00:32,65067.497,btcusdt
1028,2019-09-09 10:00:34,12.7792,aeeth
1026,2019-09-09 10:00:34,98.9856,zrxusdt
1023,2019-09-09 10:00:35,906.7975,omgusdt
1022,2019-09-09 10:00:39,5094.3051,ltcusdt
1020,2019-09-09 10:00:40,10664.2973,ethusdt
1028,2019-09-09 10:00:40,0.5014,mcoeth
1016,2019-09-09 10:00:42,16.0013,wtceth
1024,2019-09-09 10:00:42,1999.0518,ethbtc
1026,2019-09-09 10:00:43,1272.1924,etcusdt
1024,2019-09-09 10:00:43,5003.6781,ltcbtc
1029,2019-09-09 10:01:06,0.0452,mcoeth
1027,2019-09-09 10:01:06,64.1255,zrxusdt
1024,2019-09-09 10:01:07,3192.167,omgusdt
1028,2019-09-09 10:01:07,69585.5619,btcusdt
1025,2019-09-09 10:01:07,12156.6199,ethbtc
1025,2019-09-09 10:01:10,3867.3966,ltcbtc
1021,2019-09-09 10:01:11,6306.2473,ethusdt
1027,2019-09-09 10:01:11,25.1032,gntusdt
1029,2019-09-09 10:01:12,8.1473,aeeth
1017,2019-09-09 10:01:13,28.2456,wtceth
1023,2019-09-09 10:01:19,4146.3009,ltcusdt
1027,2019-09-09 10:01:20,2981.0457,etcusdt
1026,2019-09-09 10:01:32,488.0864,ethbtc
1030,2019-09-09 10:01:40,9.8959,aeeth
1028,2019-09-09 10:01:42,128.1317,zrxusdt
1026,2019-09-09 10:01:44,967.6018,ltcbtc
1022,2019-09-09 10:01:45,5315.0693,ethusdt
1030,2019-09-09 10:01:48,0.7813,mcoeth
1028,2019-09-09 10:01:49,2261.2823,etcusdt
1029,2019-09-09 10:01:50,5430.5949,btcusdt
1025,2019-09-09 10:01:50,3987.1107,omgusdt
1028,2019-09-09 10:01:53,8.1608,gntusdt
1018,2019-09-09 10:01:54,7.9095,wtceth
1024,2019-09-09 10:02:00,6802.3824,ltcusdt
1027,2019-09-09 10:02:00,89.4865,ethbtc
1029,2019-09-09 10:02:09,23.2806,zrxusdt
1031,2019-09-09 10:02:13,11.397,aeeth
1031,2019-09-09 10:02:14,1.0608,mcoeth
1029,2019-09-09 10:02:21,3422.2299,etcusdt
1026,2019-09-09 10:02:21,1422.8195,omgusdt
1030,2019-09-09 10:02:21,23633.1341,btcusdt
1027,2019-09-09 10:02:27,1647.8994,ltcbtc
1023,2019-09-09 10:02:29,2869.4812,ethusdt
1028,2019-09-09 10:02:33,9906.0959,ethbtc
1029,2019-09-09 10:02:35,25.9679,gntusdt
1025,2019-09-09 10:02:37,1900.805,ltcusdt
1019,2019-09-09 10:02:39,46.1838,wtceth
1030,2019-09-09 10:02:46,118.4696,zrxusdt
1032,2019-09-09 10:02:48,0.2125,mcoeth
1030,2019-09-09 10:02:49,1025.6515,etcusdt
1031,2019-09-09 10:02:51,9075.7728,btcusdt
1032,2019-09-09 10:02:54,15.1363,aeeth
1024,2019-09-09 10:02:55,13317.4098,ethusdt
1026,2019-09-09 10:03:02,97.3445,ltcusdt
1029,2019-09-09 10:03:03,6295.5823,ethbtc
1027,2019-09-09 10:03:04,1058.1393,omgusdt
1030,2019-09-09 10:03:11,6.8621,gntusdt
1028,2019-09-09 10:03:12,5088.4191,ltcbtc
1031,2019-09-09 10:03:15,79.5899,zrxusdt
1032,2019-09-09 10:03:16,18958.837,btcusdt
1020,2019-09-09 10:03:17,15.7449,wtceth
1031,2019-09-09 10:03:21,3168.9119,etcusdt
1033,2019-09-09 10:03:28,0.0857,mcoeth
1027,2019-09-09 10:03:30,1791.6759,ltcusdt
1025,2019-09-09 10:03:30,11520.3888,ethusdt
1030,2019-09-09 10:03:34,7973.6455,ethbtc
1033,2019-09-09 10:03:34,15.6605,aeeth
1028,2019-09-09 10:03:42,3650.2049,omgusdt
1021,2019-09-09 10:03:44,17.3685,wtceth
1029,2019-09-09 10:03:45,3503.9776,ltcbtc
1033,2019-09-09 10:03:49,3441.1395,btcusdt
1031,2019-09-09 10:03:53,18.4065,gntusdt
1032,2019-09-09 10:03:54,108.5708,zrxusdt
1034,2019-09-09 10:03:56,0.5386,mcoeth
1032,2019-09-09 10:03:57,1030.1969,etcusdt
1026,2019-09-09 10:04:03,8858.7523,ethusdt
1031,2019-09-09 10:04:08,11358.0195,ethbtc
1029,2019-09-09 10:04:09,2614.9404,omgusdt
1022,2019-09-09 10:04:12,36.9486,wtceth
1028,2019-09-09 10:04:15,6575.1681,ltcusdt
1034,2019-09-09 10:04:15,10.1676,aeeth
1032,2019-09-09 10:04:23,4.1724,gntusdt
1034,2019-09-09 10:04:25,13642.0738,btcusdt
1035,2019-09-09 10:04:26,0.7188,mcoeth
1030,2019-09-09 10:04:27,45.2094,ltcbtc
1033,2019-09-09 10:04:38,176.0534,etcusdt
1033,2019-09-09 10:04:38,45.3292,zrxusdt
1027,2019-09-09 10:04:44,16291.4301,ethusdt
1032,2019-09-09 10:04:49,8809.4947,ethbtc
1023,2019-09-09 10:04:51,13.8526,wtceth
1035,2019-09-09 10:04:52,12.2929,aeeth
1036,2019-09-09 10:04:54,0.2877,mcoeth
1030,2019-09-09 10:04:54,1581.3933,omgusdt
1029,2019-09-09 10:05:00,8188.1142,ltcusdt
1035,2019-09-09 10:05:01,20474.5482,btcusdt
1033,2019-09-09 10:05:07,6.9228,gntusdt
1034,2019-09-09 10:05:08,125.1537,zrxusdt
1031,2019-09-09 10:05:10,4518.723,ltcbtc
1024,2019-09-09 10:05:20,48.3313,wtceth
1034,2019-09-09 10:05:20,1921.2686,etcusdt
1036,2019-09-09 10:05:23,8.882,aeeth
1028,2019-09-09 10:05:24,11390.8938,ethusdt
1037,2019-09-09 10:05:26,0.8956,mcoeth
1033,2019-09-09 10:05:26,13485.9833,ethbtc
1031,2019-09-09 10:05:30,432.2566,omgusdt
1032,2019-09-09 10:05:43,545.338,ltcbtc
1036,2019-09-09 10:05:44,1138.5303,btcusdt
1030,2019-09-09 10:05:44,2656.1604,ltcusdt
1035,2019-09-09 10:05:46,571.6427,etcusdt
1034,2019-09-09 10:05:47,3.5929,gntusdt
1035,2019-09-09 10:05:50,220.9015,zrxusdt
1025,2019-09-09 10:05:54,33.4264,wtceth
1037,2019-09-09 10:05:57,15.4664,aeeth
1034,2019-09-09 10:06:01,88.0367,ethbtc
1029,2019-09-09 10:06:08,7480.7039,ethusdt
1038,2019-09-09 10:06:09,0.3566,mcoeth
1033,2019-09-09 10:06:14,2023.4529,ltcbtc
1032,2019-09-09 10:06:15,3154.8294,omgusdt
1036,2019-09-09 10:06:19,1146.2725,etcusdt
1037,2019-09-09 10:06:25,16057.7922,btcusdt
1036,2019-09-09 10:06:25,61.2924,zrxusdt
1031,2019-09-09 10:06:25,5136.0693,ltcusdt
1038,2019-09-09 10:06:27,4.5595,aeeth
1035,2019-09-09 10:06:30,28.4582,gntusdt
1035,2019-09-09 10:06:34,12112.1388,ethbtc
1039,2019-09-09 10:06:35,0.9462,mcoeth
1026,2019-09-09 10:06:35,32.1836,wtceth
1034,2019-09-09 10:06:41,5201.3948,ltcbtc
1033,2019-09-09 10:06:42,2532.7101,omgusdt
1030,2019-09-09 10:06:45,13255.7537,ethusdt
1037,2019-09-09 10:06:51,266.9144,etcusdt
1039,2019-09-09 10:06:52,1.9083,aeeth
1038,2019-09-09 10:06:57,76458.9095,btcusdt
1032,2019-09-09 10:06:57,3670.3573,ltcusdt
1037,2019-09-09 10:07:05,113.2517,zrxusdt
1035,2019-09-09 10:07:08,5824.2881,ltcbtc
1034,2019-09-09 10:07:10,926.6012,omgusdt
1036,2019-09-09 10:07:12,2.9768,gntusdt
1036,2019-09-09 10:07:12,2678.7572,ethbtc
1040,2019-09-09 10:07:14,0.0339,mcoeth
1027,2019-09-09 10:07:15,27.909,wtceth
1040,2019-09-09 10:07:22,14.7865,aeeth
1031,2019-09-09 10:07:23,3220.9767,ethusdt
1038,2019-09-09 10:07:24,3425.4554,etcusdt
1039,2019-09-09 10:07:26,4969.3018,btcusdt
1033,2019-09-09 10:07:34,6131.4526,ltcusdt
1038,2019-09-09 10:07:40,58.658,zrxusdt
1037,2019-09-09 10:07:45,6953.3128,ethbtc
1037,2019-09-09 10:07:46,24.7193,gntusdt
1041,2019-09-09 10:07:48,0.6371,mcoeth
1032,2019-09-09 10:07:48,4710.91,ethusdt
1036,2019-09-09 10:07:51,647.7823,ltcbtc
1041,2019-09-09 10:07:53,11.3658,aeeth
1035,2019-09-09 10:07:54,1673.4512,omgusdt
1028,2019-09-09 10:08:00,24.8401,wtceth
1040,2019-09-09 10:08:01,78641.2875,btcusdt
1039,2019-09-09 10:08:02,927.1529,etcusdt
1039,2019-09-09 10:08:12,118.7529,zrxusdt
1038,2019-09-09 10:08:16,4471.3174,ethbtc
1037,2019-09-09 10:08:16,1822.3362,ltcbtc
1042,2019-09-09 10:08:16,0.7102,mcoeth
1034,2019-09-09 10:08:19,2355.7289,ltcusdt
1038,2019-09-09 10:08:20,13.2162,gntusdt
1041,2019-09-09 10:08:26,3650.9685,btcusdt
1033,2019-09-09 10:08:33,15253.8806,ethusdt
1042,2019-09-09 10:08:36,15.3384,aeeth
1040,2019-09-09 10:08:38,18.6438,zrxusdt
1036,2019-09-09 10:08:39,3407.9368,omgusdt
1043,2019-09-09 10:08:41,0.1109,mcoeth
1029,2019-09-09 10:08:42,59.9155,wtceth
1039,2019-09-09 10:08:42,3676.7329,ethbtc
1040,2019-09-09 10:08:44,3800.534,etcusdt
1038,2019-09-09 10:08:50,5500.6109,ltcbtc
1042,2019-09-09 10:08:51,2113.4259,btcusdt
1039,2019-09-09 10:08:51,2.4485,gntusdt
1035,2019-09-09 10:08:54,150.3647,ltcusdt
1041,2019-09-09 10:09:03,193.6708,zrxusdt
1037,2019-09-09 10:09:07,909.1783,omgusdt
1043,2019-09-09 10:09:07,15.1142,aeeth
1030,2019-09-09 10:09:12,39.7861,wtceth
1039,2019-09-09 10:09:15,2146.4656,ltcbtc
1034,2019-09-09 10:09:15,6717.4089,ethusdt
1043,2019-09-09 10:09:18,30146.3198,btcusdt
1044,2019-09-09 10:09:21,0.3367,mcoeth
1036,2019-09-09 10:09:22,3001.981,ltcusdt
1041,2019-09-09 10:09:23,1015.223,etcusdt
1040,2019-09-09 10:09:27,4696.6855,ethbtc
1040,2019-09-09 10:09:28,23.3483,gntusdt
1042,2019-09-09 10:09:30,145.2937,zrxusdt
1038,2019-09-09 10:09:38,3872.6344,omgusdt
1044,2019-09-09 10:09:40,7.6601,aeeth
1031,2019-09-09 10:09:44,19.8408,wtceth
1045,2019-09-09 10:09:46,0.0781,mcoeth
1040,2019-09-09 10:09:47,689.6841,ltcbtc
1042,2019-09-09 10:09:52,1644.2031,etcusdt
1035,2019-09-09 10:09:54,9393.9963,ethusdt
1044,2019-09-09 10:09:56,65971.5201,btcusdt
1041,2019-09-09 10:09:56,8944.23,ethbtc
1037,2019-09-09 10:09:56,2038.2625,ltcusdt
1041,2019-09-09 10:09:59,11.6265,gntusdt
1043,2019-09-09 10:10:04,233.2399,zrxusdt
1045,2019-09-09 10:10:07,8.988,aeeth
1039,2019-09-09 10:10:10,1767.0912,omgusdt
1041,2019-09-09 10:10:12,443.549,ltcbtc
1032,2019-09-09 10:10:14,23.3346,wtceth
1038,2019-09-09 10:10:23,3969.1322,ltcusdt
1042,2019-09-09 10:10:31,22.9914,gntusdt
1046,2019-09-09 10:10:31,0.4396,mcoeth
1042,2019-09-09 10:10:32,1721.1136,ethbtc
1036,2019-09-09 10:10:32,8226.302,ethusdt
1043,2019-09-09 10:10:35,3294.0413,etcusdt
1045,2019-09-09 10:10:40,10959.0931,btcusdt
1033,2019-09-09 10:10:41,40.3612,wtceth
1044,2019-09-09 10:10:41,200.4791,zrxusdt
1042,2019-09-09 10:10:42,5969.0233,ltcbtc
1046,2019-09-09 10:10:48,9.9915,aeeth
1039,2019-09-09 10:10:50,3645.6839,ltcusdt
1040,2019-09-09 10:10:52,207.176,omgusdt
1037,2019-09-09 10:11:02,14222.246,ethusdt
1043,2019-09-09 10:11:03,28.3257,gntusdt
1045,2019-09-09 10:11:08,92.1727,zrxusdt
1046,2019-09-09 10:11:09,17637.3805,btcusdt
1047,2019-09-09 10:11:09,0.6823,mcoeth
1043,2019-09-09 10:11:10,11978.3139,ethbtc
1043,2019-09-09 10:11:13,1667.0419,ltcbtc
1044,2019-09-09 10:11:15,2451.0209,etcusdt
1034,2019-09-09 10:11:15,8.1102,wtceth
1041,2019-09-09 10:11:17,2742.9421,omgusdt
1040,2019-09-09 10:11:24,7375.6808,ltcusdt
1038,2019-09-09 10:11:28,2093.9034,ethusdt
1047,2019-09-09 10:11:32,3.3706,aeeth
1044,2019-09-09 10:11:36,11.1965,gntusdt
1044,2019-09-09 10:11:42,5167.7652,ltcbtc
1035,2019-09-09 10:11:45,24.6321,wtceth
1045,2019-09-09 10:11:48,3738.0938,etcusdt
1047,2019-09-09 10:11:49,31839.4876,btcusdt
1048,2019-09-09 10:11:49,0.8625,mcoeth
1046,2019-09-09 10:11:50,194.7324,zrxusdt
1044,2019-09-09 10:11:54,58.6194,ethbtc
1041,2019-09-09 10:11:55,1535.8905,ltcusdt
1042,2019-09-09 10:11:56,2060.6575,omgusdt
1048,2019-09-09 10:12:01,4.4377,aeeth
1039,2019-09-09 10:12:13,12506.7178,ethusdt
1049,2019-09-09 10:12:18,0.6002,mcoeth
1045,2019-09-09 10:12:21,2.9196,gntusdt
1036,2019-09-09 10:12:22,11.6146,wtceth
1043,2019-09-09 10:12:24,2709.8743,omgusdt
1047,2019-09-09 10:12:25,78.2737,zrxusdt
1045,2019-09-09 10:12:26,2129.3881,ltcbtc
1046,2019-09-09 10:12:27,2579.2426,etcusdt
1045,2019-09-09 10:12:31,3377.309,ethbtc
1048,2019-09-09 10:12:34,9179.703,btcusdt
1049,2019-09-09 10:12:35,8.3792,aeeth
1042,2019-09-09 10:12:35,7772.6262,ltcusdt
1040,2019-09-09 10:12:38,142.9244,ethusdt
1050,2019-09-09 10:12:59,0.7273,mcoeth
1048,2019-09-09 10:12:59,118.519,zrxusdt
1037,2019-09-09 10:13:00,26.1998,wtceth
1046,2019-09-09 10:13:04,10236.0372,ethbtc
1046,2019-09-09 10:13:05,4.9361,gntusdt
1047,2019-09-09 10:13:08,1198.3623,etcusdt
1043,2019-09-09 10:13:08,7590.5572,ltcusdt
1050,2019-09-09 10:13:08,11.8145,aeeth
1044,2019-09-09 10:13:09,3450.0916,omgusdt
1046,2019-09-09 10:13:10,2198.2685,ltcbtc
1049,2019-09-09 10:13:13,33577.5589,btcusdt
1041,2019-09-09 10:13:15,107.1219,ethusdt
1049,2019-09-09 10:13:29,220.5538,zrxusdt
1051,2019-09-09 10:13:35,0.9967,mcoeth
1038,2019-09-09 10:13:38,12.4956,wtceth
1048,2019-09-09 10:13:39,1189.9121,etcusdt
1051,2019-09-09 10:13:39,3.0508,aeeth
1047,2019-09-09 10:13:41,18.2925,gntusdt
1047,2019-09-09 10:13:43,13448.4471,ethbtc
1045,2019-09-09 10:13:45,760.3266,omgusdt
1050,2019-09-09 10:13:46,27516.6539,btcusdt
1044,2019-09-09 10:13:51,1901.7184,ltcusdt
1047,2019-09-09 10:13:53,4100.8361,ltcbtc
1050,2019-09-09 10:13:56,116.8455,zrxusdt
1042,2019-09-09 10:14:00,5421.1237,ethusdt
1052,2019-09-09 10:14:09,6.5271,aeeth
1048,2019-09-09 10:14:11,7005.4175,ethbtc
1052,2019-09-09 10:14:11,0.3587,mcoeth
1039,2019-09-09 10:14:13,55.1319,wtceth
1048,2019-09-09 10:14:15,4.0853,gntusdt
1049,2019-09-09 10:14:23,2116.1234,etcusdt
1051,2019-09-09 10:14:23,16837.5445,btcusdt
1051,2019-09-09 10:14:26,108.248,zrxusdt
1046,2019-09-09 10:14:29,791.8584,omgusdt
1045,2019-09-09 10:14:32,6993.8346,ltcusdt
1048,2019-09-09 10:14:38,2135.5223,ltcbtc
1053,2019-09-09 10:14:40,0.1498,mcoeth
1053,2019-09-09 10:14:44,15.0034,aeeth
1049,2019-09-09 10:14:44,8.897,gntusdt
1043,2019-09-09 10:14:45,5823.658,ethusdt
1049,2019-09-09 10:14:47,8175.6019,ethbtc
1040,2019-09-09 10:14:47,57.3501,wtceth
1052,2019-09-09 10:14:53,227.3735,zrxusdt
1052,2019-09-09 10:15:02,4140.407,btcusdt
1050,2019-09-09 10:15:03,3438.2335,etcusdt
1047,2019-09-09 10:15:07,3164.2717,omgusdt
1050,2019-09-09 10:15:10,8.9217,gntusdt
1050,2019-09-09 10:15:16,4435.4025,ethbtc
1046,2019-09-09 10:15:17,5056.9438,ltcusdt
1049,2019-09-09 10:15:19,4674.7305,ltcbtc
1054,2019-09-09 10:15:19,6.8119,aeeth
1054,2019-09-09 10:15:22,0.2576,mcoeth
1041,2019-09-09 10:15:23,29.9046,wtceth
1053,2019-09-09 10:15:23,116.0954,zrxusdt
1044,2019-09-09 10:15:30,1601.1157,ethusdt
1051,2019-09-09 10:15:35,3004.8777,etcusdt
1051,2019-09-09 10:15:38,2.1554,gntusdt
1053,2019-09-09 10:15:44,6037.3373,btcusdt
1051,2019-09-09 10:15:47,8329.9371,ethbtc
1054,2019-09-09 10:15:48,20.8099,zrxusdt
1055,2019-09-09 10:15:48,14.1205,aeeth
1055,2019-09-09 10:15:48,0.6118,mcoeth
1047,2019-09-09 10:15:50,8096.2891,ltcusdt
1048,2019-09-09 10:15:50,71.2375,omgusdt
1050,2019-09-09 10:15:53,5465.6291,ltcbtc
1042,2019-09-09 10:15:56,37.9825,wtceth
1045,2019-09-09 10:16:03,6423.5347,ethusdt
1052,2019-09-09 10:16:06,12.0253,gntusdt
1056,2019-09-09 10:16:17,0.3421,mcoeth
1052,2019-09-09 10:16:18,1192.2254,etcusdt
1049,2019-09-09 10:16:19,3297.3578,omgusdt
1052,2019-09-09 10:16:19,2315.4239,ethbtc
1056,2019-09-09 10:16:22,1.9189,aeeth
1048,2019-09-09 10:16:22,3111.9267,ltcusdt
1054,2019-09-09 10:16:26,37764.423,btcusdt
1055,2019-09-09 10:16:27,172.5108,zrxusdt
1051,2019-09-09 10:16:28,1154.1039,ltcbtc
1046,2019-09-09 10:16:32,2738.5449,ethusdt
1053,2019-09-09 10:16:41,2.4645,gntusdt
1043,2019-09-09 10:16:41,11.0115,wtceth
1050,2019-09-09 10:16:44,3334.8585,omgusdt
1053,2019-09-09 10:16:47,8146.6645,ethbtc
1053,2019-09-09 10:16:50,2560.4328,etcusdt
1052,2019-09-09 10:16:53,3708.5777,ltcbtc
1057,2019-09-09 10:16:55,2.9041,aeeth
1055,2019-09-09 10:16:57,62231.5328,btcusdt
1047,2019-09-09 10:16:57,4342.6026,ethusdt
1049,2019-09-09 10:16:59,7956.1199,ltcusdt
1057,2019-09-09 10:17:02,0.2393,mcoeth
1056,2019-09-09 10:17:07,60.8325,zrxusdt
1044,2019-09-09 10:17:07,60.0152,wtceth
1051,2019-09-09 10:17:11,833.0102,omgusdt
1054,2019-09-09 10:17:19,23.9572,gntusdt
1048,2019-09-09 10:17:22,5811.9172,ethusdt
1054,2019-09-09 10:17:23,2995.9679,etcusdt
1054,2019-09-09 10:17:27,8164.4367,ethbtc
1058,2019-09-09 10:17:31,0.5316,mcoeth
1058,2019-09-09 10:17:31,8.8938,aeeth
1056,2019-09-09 10:17:34,22495.6993,btcusdt
1053,2019-09-09 10:17:37,1520.5001,ltcbtc
1050,2019-09-09 10:17:39,1056.7813,ltcusdt
1052,2019-09-09 10:17:40,1114.0282,omgusdt
1057,2019-09-09 10:17:46,86.1075,zrxusdt
1045,2019-09-09 10:17:50,27.3593,wtceth
1049,2019-09-09 10:17:55,989.7197,ethusdt
1055,2019-09-09 10:17:58,811.9162,etcusdt
1055,2019-09-09 10:17:58,19.998,gntusdt
1059,2019-09-09 10:18:00,0.1913,mcoeth
1055,2019-09-09 10:18:02,11895.2612,ethbtc
1059,2019-09-09 10:18:10,15.7958,aeeth
1058,2019-09-09 10:18:11,54.0665,zrxusdt
1054,2019-09-09 10:18:15,1561.9283,ltcbtc
1051,2019-09-09 10:18:18,2902.4487,ltcusdt
1057,2019-09-09 10:18:18,46389.7992,btcusdt
1053,2019-09-09 10:18:25,1549.6731,omgusdt
1056,2019-09-09 10:18:26,938.8017,etcusdt
1046,2019-09-09 10:18:34,39.6088,wtceth
1056,2019-09-09 10:18:35,19.7701,gntusdt
1060,2019-09-09 10:18:36,0.9191,mcoeth
1050,2019-09-09 10:18:38,10527.6335,ethusdt
1059,2019-09-09 10:18:38,179.5148,zrxusdt
1060,2019-09-09 10:18:40,3.9806,aeeth
1056,2019-09-09 10:18:45,2357.4309,ethbtc
1058,2019-09-09 10:18:48,74205.7824,btcusdt
1054,2019-09-09 10:18:57,1477.8635,omgusdt
1055,2019-09-09 10:18:58,2957.543,ltcbtc
1052,2019-09-09 10:19:01,3103.2015,ltcusdt
1061,2019-09-09 10:19:01,1.0319,mcoeth
1057,2019-09-09 10:19:05,2387.5222,etcusdt
1047,2019-09-09 10:19:07,45.897,wtceth
1061,2019-09-09 10:19:08,2.7543,aeeth
1057,2019-09-09 10:19:11,8.2662,gntusdt
1057,2019-09-09 10:19:13,5490.4717,ethbtc
1051,2019-09-09 10:19:15,4710.6681,ethusdt
1060,2019-09-09 10:19:16,84.6573,zrxusdt
1059,2019-09-09 10:19:17,27619.8881,btcusdt
1062,2019-09-09 10:19:26,0.8172,mcoeth
1055,2019-09-09 10:19:29,2588.0931,omgusdt
1056,2019-09-09 10:19:32,1861.3668,ltcbtc
1058,2019-09-09 10:19:34,2775.1954,etcusdt
1062,2019-09-09 10:19:36,5.0697,aeeth
1053,2019-09-09 10:19:36,3239.6286,ltcusdt
1058,2019-09-09 10:19:39,13.5927,gntusdt
1048,2019-09-09 10:19:44,1.4999,wtceth
1052,2019-09-09 10:19:45,6310.3302,ethusdt
1058,2019-09-09 10:19:51,922.3218,ethbtc
1061,2019-09-09 10:19:51,147.4354,zrxusdt
1060,2019-09-09 10:19:57,3923.4769,btcusdt
1063,2019-09-09 10:20:03,0.3954,mcoeth
1056,2019-09-09 10:20:04,206.8022,omgusdt
1059,2019-09-09 10:20:10,872.0841,etcusdt
1053,2019-09-09 10:20:12,13862.9215,ethusdt
1057,2019-09-09 10:20:13,57.2584,ltcbtc
1063,2019-09-09 10:20:16,6.4671,aeeth
1054,2019-09-09 10:20:16,1224.2497,ltcusdt
1059,2019-09-09 10:20:21,1.0474,gntusdt
1049,2019-09-09 10:20:22,13.628,wtceth
1062,2019-09-09 10:20:26,3.1124,zrxusdt
1064,2019-09-09 10:20:28,0.3988,mcoeth
1059,2019-09-09 10:20:34,1564.642,ethbtc
1054,2019-09-09 10:20:40,13172.7141,ethusdt
1061,2019-09-09 10:20:40,31029.0884,btcusdt
1055,2019-09-09 10:20:41,3542.5217,ltcusdt
1057,2019-09-09 10:20:42,3246.0945,omgusdt
1060,2019-09-09 10:20:46,16.3091,gntusdt
1058,2019-09-09 10:20:46,3896.2637,ltcbtc
1064,2019-09-09 10:20:54,14.3948,aeeth
1060,2019-09-09 10:20:55,316.4136,etcusdt
1065,2019-09-09 10:20:56,0.1542,mcoeth
1060,2019-09-09 10:21:00,4655.1471,ethbtc
1063,2019-09-09 10:21:04,6.0693,zrxusdt
1050,2019-09-09 10:21:06,37.7599,wtceth
1055,2019-09-09 10:21:11,13030.1379,ethusdt
1062,2019-09-09 10:21:14,68810.4636,btcusdt
1056,2019-09-09 10:21:15,3036.458,ltcusdt
1058,2019-09-09 10:21:15,3756.4442,omgusdt
1065,2019-09-09 10:21:21,12.0765,aeeth
1061,2019-09-09 10:21:21,3550.4695,etcusdt
1066,2019-09-09 10:21:23,0.4736,mcoeth
1059,2019-09-09 10:21:27,3727.7004,ltcbtc
1064,2019-09-09 10:21:30,128.0371,zrxusdt
1061,2019-09-09 10:21:31,9.0812,gntusdt
1061,2019-09-09 10:21:33,1312.8531,ethbtc
1051,2019-09-09 10:21:45,42.8637,wtceth
1063,2019-09-09 10:21:46,46465.0449,btcusdt
1059,2019-09-09 10:21:46,529.3311,omgusdt
1066,2019-09-09 10:21:50,4.2387,aeeth
1067,2019-09-09 10:21:51,0.0639,mcoeth
1057,2019-09-09 10:21:52,5223.897,ltcusdt
1056,2019-09-09 10:21:53,1374.829,ethusdt
1062,2019-09-09 10:21:53,3430.0741,etcusdt
1060,2019-09-09 10:22:01,643.703,ltcbtc
1065,2019-09-09 10:22:09,127.895,zrxusdt
1052,2019-09-09 10:22:10,7.914,wtceth
1062,2019-09-09 10:22:12,4037.4876,ethbtc
1062,2019-09-09 10:22:14,25.8847,gntusdt
1064,2019-09-09 10:22:18,9424.1406,btcusdt
1068,2019-09-09 10:22:24,0.0632,mcoeth
1060,2019-09-09 10:22:28,1084.4645,omgusdt
1058,2019-09-09 10:22:29,1652.5229,ltcusdt
1067,2019-09-09 10:22:31,13.9826,aeeth
1057,2019-09-09 10:22:33,14640.9964,ethusdt
1061,2019-09-09 10:22:36,4579.4374,ltcbtc
1063,2019-09-09 10:22:36,3719.3895,etcusdt
1063,2019-09-09 10:22:45,24.5509,gntusdt
1053,2019-09-09 10:22:50,39.6991,wtceth
1066,2019-09-09 10:22:50,130.017,zrxusdt
1063,2019-09-09 10:22:56,9939.3021,ethbtc
1068,2019-09-09 10:22:57,11.843,aeeth
1069,2019-09-09 10:22:59,0.5241,mcoeth
1065,2019-09-09 10:23:00,35190.0098,btcusdt
1059,2019-09-09 10:23:04,5470.5154,ltcusdt
1058,2019-09-09 10:23:09,7836.6424,ethusdt
1064,2019-09-09 10:23:12,1.6323,gntusdt
1061,2019-09-09 10:23:12,1443.2005,omgusdt
1062,2019-09-09 10:23:14,1032.5734,ltcbtc
1064,2019-09-09 10:23:15,2013.0959,etcusdt
1054,2019-09-09 10:23:16,49.2773,wtceth
1064,2019-09-09 10:23:22,3821.4564,ethbtc
1067,2019-09-09 10:23:27,174.1082,zrxusdt
1069,2019-09-09 10:23:31,7.1,aeeth
1060,2019-09-09 10:23:31,3707.49,ltcusdt
1062,2019-09-09 10:23:37,3250.6091,omgusdt
1055,2019-09-09 10:23:41,62.9282,wtceth
1066,2019-09-09 10:23:42,29082.9372,btcusdt
1065,2019-09-09 10:23:42,2996.1562,etcusdt
1070,2019-09-09 10:23:43,0.1045,mcoeth
1065,2019-09-09 10:23:45,8.8703,gntusdt
1059,2019-09-09 10:23:47,8617.3735,ethusdt
1063,2019-09-09 10:23:55,3639.6906,ltcbtc
1068,2019-09-09 10:24:02,33.2687,zrxusdt
1070,2019-09-09 10:24:05,10.2603,aeeth
1065,2019-09-09 10:24:07,9987.5576,ethbtc
1063,2019-09-09 10:24:08,1489.1371,omgusdt
1061,2019-09-09 10:24:12,5490.3001,ltcusdt
1060,2019-09-09 10:24:14,16421.781,ethusdt
1067,2019-09-09 10:24:17,50670.9342,btcusdt
1056,2019-09-09 10:24:18,57.0597,wtceth
1066,2019-09-09 10:24:19,0.226,gntusdt
1066,2019-09-09 10:24:23,987.0812,etcusdt
1071,2019-09-09 10:24:26,0.5088,mcoeth
1069,2019-09-09 10:24:29,110.7404,zrxusdt
1064,2019-09-09 10:24:31,1637.6845,ltcbtc
1071,2019-09-09 10:24:36,7.3465,aeeth
1064,2019-09-09 10:24:37,3882.5339,omgusdt
1066,2019-09-09 10:24:38,1084.6178,ethbtc
1061,2019-09-09 10:24:40,8639.1961,ethusdt
1068,2019-09-09 10:24:42,39283.2496,btcusdt
1067,2019-09-09 10:24:51,2653.8256,etcusdt
1057,2019-09-09 10:24:54,17.443,wtceth
1062,2019-09-09 10:24:56,2279.7565,ltcusdt
1072,2019-09-09 10:24:59,0.8993,mcoeth
1067,2019-09-09 10:24:59,4.1567,gntusdt
1070,2019-09-09 10:24:59,120.0012,zrxusdt
1067,2019-09-09 10:25:13,12147.4709,ethbtc
1065,2019-09-09 10:25:15,5519.958,ltcbtc
1069,2019-09-09 10:25:16,61456.4117,btcusdt
1065,2019-09-09 10:25:17,2607.1206,omgusdt
1072,2019-09-09 10:25:21,8.0623,aeeth
1062,2019-09-09 10:25:23,1657.878,ethusdt
1063,2019-09-09 10:25:28,319.4164,ltcusdt
1068,2019-09-09 10:25:32,1907.59,etcusdt
1058,2019-09-09 10:25:33,2.6137,wtceth
1073,2019-09-09 10:25:34,0.222,mcoeth
1071,2019-09-09 10:25:39,209.0559,zrxusdt
1068,2019-09-09 10:25:40,20.6816,gntusdt
1068,2019-09-09 10:25:43,8987.2892,ethbtc
1066,2019-09-09 10:25:47,2938.73,omgusdt
1066,2019-09-09 10:25:49,605.5277,ltcbtc
1063,2019-09-09 10:25:50,8597.7049,ethusdt
1070,2019-09-09 10:25:59,56637.4859,btcusdt
1064,2019-09-09 10:26:03,6375.3844,ltcusdt
1074,2019-09-09 10:26:05,0.3748,mcoeth
1073,2019-09-09 10:26:05,4.2355,aeeth
1069,2019-09-09 10:26:08,3686.109,etcusdt
1059,2019-09-09 10:26:12,39.5411,wtceth
1072,2019-09-09 10:26:12,156.2423,zrxusdt
1069,2019-09-09 10:26:13,10592.3297,ethbtc
1069,2019-09-09 10:26:16,26.3036,gntusdt
1067,2019-09-09 10:26:20,3878.0596,omgusdt
1067,2019-09-09 10:26:30,2741.2464,ltcbtc
1065,2019-09-09 10:26:30,3961.253,ltcusdt
1064,2019-09-09 10:26:33,8177.6127,ethusdt
1071,2019-09-09 10:26:38,24548.5524,btcusdt
1060,2019-09-09 10:26:40,38.1836,wtceth
1070,2019-09-09 10:26:40,7993.4297,ethbtc
1075,2019-09-09 10:26:45,0.9375,mcoeth
1074,2019-09-09 10:26:46,14.9794,aeeth
1068,2019-09-09 10:26:47,2747.8521,omgusdt
1070,2019-09-09 10:26:48,3104.3591,etcusdt
1070,2019-09-09 10:26:52,15.8321,gntusdt
1068,2019-09-09 10:26:55,3796.7951,ltcbtc
1073,2019-09-09 10:26:57,11.3438,zrxusdt
1061,2019-09-09 10:27:05,56.5183,wtceth
1066,2019-09-09 10:27:09,4071.3206,ltcusdt
1072,2019-09-09 10:27:09,43279.3958,btcusdt
1076,2019-09-09 10:27:11,0.0994,mcoeth
1065,2019-09-09 10:27:14,10137.9818,ethusdt
1071,2019-09-09 10:27:16,106.6505,ethbtc
1075,2019-09-09 10:27:22,4.6744,aeeth
1071,2019-09-09 10:27:23,537.7673,etcusdt
1069,2019-09-09 10:27:26,3288.7878,omgusdt
1074,2019-09-09 10:27:30,35.1597,zrxusdt
1062,2019-09-09 10:27:31,33.1671,wtceth
1071,2019-09-09 10:27:32,8.6595,gntusdt
1077,2019-09-09 10:27:36,0.8768,mcoeth
1069,2019-09-09 10:27:37,4433.8922,ltcbtc
1073,2019-09-09 10:27:44,60257.2885,btcusdt
1067,2019-09-09 10:27:45,7549.7382,ltcusdt
1066,2019-09-09 10:27:49,3778.7286,ethusdt
1072,2019-09-09 10:27:51,7586.8095,ethbtc
1072,2019-09-09 10:27:59,3645.496,etcusdt
1075,2019-09-09 10:28:02,63.413,zrxusdt
1076,2019-09-09 10:28:05,13.4778,aeeth
1070,2019-09-09 10:28:07,3117.5716,omgusdt
1070,2019-09-09 10:28:10,4978.9538,ltcbtc
1068,2019-09-09 10:28:11,5588.5675,ltcusdt
1078,2019-09-09 10:28:11,0.6804,mcoeth
1063,2019-09-09 10:28:13,9.1741,wtceth
1074,2019-09-09 10:28:14,35662.9331,btcusdt
1072,2019-09-09 10:28:17,6.0671,gntusdt
1067,2019-09-09 10:28:30,9554.174,ethusdt
1073,2019-09-09 10:28:30,12568.2516,ethbtc
1077,2019-09-09 10:28:30,14.2603,aeeth
1073,2019-09-09 10:28:32,1560.9394,etcusdt
1071,2019-09-09 10:28:34,3785.5415,omgusdt
1079,2019-09-09 10:28:37,0.2829,mcoeth
1076,2019-09-09 10:28:38,125.3197,zrxusdt
1075,2019-09-09 10:28:43,67074.9844,btcusdt
1064,2019-09-09 10:28:43,43.4497,wtceth
1071,2019-09-09 10:28:50,5301.2708,ltcbtc
1069,2019-09-09 10:28:55,125.8872,ltcusdt
1074,2019-09-09 10:29:02,376.7862,ethbtc
1073,2019-09-09 10:29:02,9.895,gntusdt
1074,2019-09-09 10:29:02,3349.3705,etcusdt
1068,2019-09-09 10:29:04,15394.5893,ethusdt
1072,2019-09-09 10:29:06,2015.6067,omgusdt
1076,2019-09-09 10:29:09,27624.0721,btcusdt
1078,2019-09-09 10:29:11,9.0379,aeeth
1080,2019-09-09 10:29:11,0.1367,mcoeth
1065,2019-09-09 10:29:15,34.527,wtceth
1077,2019-09-09 10:29:20,141.4269,zrxusdt
1072,2019-09-09 10:29:23,5399.9719,ltcbtc
1070,2019-09-09 10:29:29,1001.4068,ltcusdt
1075,2019-09-09 10:29:33,3599.6506,etcusdt
1074,2019-09-09 10:29:35,16.1,gntusdt
1075,2019-09-09 10:29:36,9014.6309,ethbtc
1077,2019-09-09 10:29:37,59126.6071,btcusdt
1079,2019-09-09 10:29:38,12.8554,aeeth
1069,2019-09-09 10:29:39,557.9295,ethusdt
1073,2019-09-09 10:29:40,1866.4598,omgusdt
1066,2019-09-09 10:29:45,9.946,wtceth
1081,2019-09-09 10:29:48,0.6734,mcoeth
1073,2019-09-09 10:29:57,3502.9474,ltcbtc
1078,2019-09-09 10:30:02,37.4861,zrxusdt
1078,2019-09-09 10:30:06,28258.7076,btcusdt
1075,2019-09-09 10:30:12,3.5938,gntusdt
1076,2019-09-09 10:30:13,2895.3779,etcusdt
1071,2019-09-09 10:30:14,2440.0055,ltcusdt
1076,2019-09-09 10:30:15,2817.713,ethbtc
1080,2019-09-09 10:30:20,13.9251,aeeth
1074,2019-09-09 10:30:20,4079.3444,omgusdt
1070,2019-09-09 10:30:22,17137.1301,ethusdt
1067,2019-09-09 10:30:25,48.877,wtceth
1079,2019-09-09 10:30:29,222.6643,zrxusdt
1082,2019-09-09 10:30:29,1.023,mcoeth
1074,2019-09-09 10:30:38,3420.7986,ltcbtc
1079,2019-09-09 10:30:39,33848.9387,btcusdt
1076,2019-09-09 10:30:42,17.7169,gntusdt
1077,2019-09-09 10:30:44,2187.9006,etcusdt
1072,2019-09-09 10:30:45,1182.2682,ltcusdt
1071,2019-09-09 10:30:49,8248.8506,ethusdt
1077,2019-09-09 10:30:50,3914.6541,ethbtc
1068,2019-09-09 10:30:53,54.0798,wtceth
1083,2019-09-09 10:30:54,0.4454,mcoeth
1081,2019-09-09 10:30:57,13.1231,aeeth
1075,2019-09-09 10:31:03,72.8946,omgusdt
1080,2019-09-09 10:31:12,167.0588,zrxusdt
1073,2019-09-09 10:31:15,7156.675,ltcusdt
1078,2019-09-09 10:31:15,10311.5822,ethbtc
1080,2019-09-09 10:31:20,35333.5228,btcusdt
1077,2019-09-09 10:31:21,8.714,gntusdt
1075,2019-09-09 10:31:22,2448.5112,ltcbtc
1072,2019-09-09 10:31:23,15648.5318,ethusdt
1069,2019-09-09 10:31:24,2.0234,wtceth
1078,2019-09-09 10:31:26,1824.3388,etcusdt
1082,2019-09-09 10:31:27,12.0241,aeeth
1076,2019-09-09 10:31:28,2015.701,omgusdt
1084,2019-09-09 10:31:31,0.5105,mcoeth
1074,2019-09-09 10:31:42,6173.8499,ltcusdt
1081,2019-09-09 10:31:44,147.0243,zrxusdt
1076,2019-09-09 10:31:50,5514.5903,ltcbtc
1077,2019-09-09 10:31:53,3476.6927,omgusdt
1078,2019-09-09 10:31:56,14.8375,gntusdt
1083,2019-09-09 10:31:57,5.6775,aeeth
1079,2019-09-09 10:31:57,1258.0996,ethbtc
1081,2019-09-09 10:31:59,60203.285,btcusdt
1070,2019-09-09 10:32:00,46.9964,wtceth
1073,2019-09-09 10:32:04,13506.6702,ethusdt
1079,2019-09-09 10:32:06,1982.9157,etcusdt
1075,2019-09-09 10:32:14,4168.5126,ltcusdt
1085,2019-09-09 10:32:14,0.5858,mcoeth
1082,2019-09-09 10:32:16,53.1836,zrxusdt
1077,2019-09-09 10:32:18,6010.4859,ltcbtc
1079,2019-09-09 10:32:23,25.6007,gntusdt
1082,2019-09-09 10:32:26,30662.9822,btcusdt
1071,2019-09-09 10:32:34,16.3947,wtceth
1084,2019-09-09 10:32:34,7.3577,aeeth
1078,2019-09-09 10:32:36,2032.3919,omgusdt
1080,2019-09-09 10:32:37,1490.7049,ethbtc
1080,2019-09-09 10:32:41,3487.2128,etcusdt
1076,2019-09-09 10:32:42,3126.3632,ltcusdt
1086,2019-09-09 10:32:47,1.0449,mcoeth
1074,2019-09-09 10:32:48,9594.9092,ethusdt
1083,2019-09-09 10:32:54,5772.0785,btcusdt
1078,2019-09-09 10:32:57,1411.2937,ltcbtc
1083,2019-09-09 10:32:59,149.6278,zrxusdt
1080,2019-09-09 10:33:01,2.2338,gntusdt
1085,2019-09-09 10:33:05,12.6784,aeeth
1072,2019-09-09 10:33:06,17.714,wtceth
1079,2019-09-09 10:33:12,1457.0873,omgusdt
1081,2019-09-09 10:33:20,804.7292,etcusdt
1081,2019-09-09 10:33:20,5505.7373,ethbtc
1077,2019-09-09 10:33:20,983.0129,ltcusdt
1081,2019-09-09 10:33:26,7.0284,gntusdt
1075,2019-09-09 10:33:28,14697.0843,ethusdt
1087,2019-09-09 10:33:30,0.8593,mcoeth
1084,2019-09-09 10:33:37,56787.903,btcusdt
1079,2019-09-09 10:33:42,186.9042,ltcbtc
1073,2019-09-09 10:33:42,51.2882,wtceth
1084,2019-09-09 10:33:44,8.6962,zrxusdt
1086,2019-09-09 10:33:45,3.9,aeeth
1078,2019-09-09 10:33:47,727.0117,ltcusdt
1080,2019-09-09 10:33:48,3308.6291,omgusdt
1082,2019-09-09 10:33:50,3388.3323,ethbtc
1082,2019-09-09 10:34:01,1167.7425,etcusdt
1088,2019-09-09 10:34:01,0.3006,mcoeth
1076,2019-09-09 10:34:03,7872.8196,ethusdt
1082,2019-09-09 10:34:04,17.8769,gntusdt
1085,2019-09-09 10:34:10,24769.1901,btcusdt
1079,2019-09-09 10:34:13,21.5296,ltcusdt
1087,2019-09-09 10:34:14,16.0101,aeeth
1085,2019-09-09 10:34:14,7.1297,zrxusdt
1083,2019-09-09 10:34:19,11614.9664,ethbtc
1074,2019-09-09 10:34:23,38.2398,wtceth
1080,2019-09-09 10:34:23,4928.7687,ltcbtc
1081,2019-09-09 10:34:26,2637.0296,omgusdt
1089,2019-09-09 10:34:30,1.0501,mcoeth
1083,2019-09-09 10:34:37,3548.8364,etcusdt
1086,2019-09-09 10:34:41,35102.6646,btcusdt
1088,2019-09-09 10:34:42,11.5076,aeeth
1077,2019-09-09 10:34:42,4884.4011,ethusdt
1083,2019-09-09 10:34:45,18.363,gntusdt
1084,2019-09-09 10:34:49,11232.0331,ethbtc
1080,2019-09-09 10:34:50,2780.3129,ltcusdt
1086,2019-09-09 10:34:51,107.9691,zrxusdt
1090,2019-09-09 10:34:59,0.6388,mcoeth
1075,2019-09-09 10:35:00,17.9445,wtceth
1081,2019-09-09 10:35:05,363.989,ltcbtc
1084,2019-09-09 10:35:07,3594.5297,etcusdt
1089,2019-09-09 10:35:11,12.1918,aeeth
1082,2019-09-09 10:35:11,3972.2508,omgusdt
1087,2019-09-09 10:35:17,67955.6574,btcusdt
1078,2019-09-09 10:35:22,4465.7834,ethusdt
1084,2019-09-09 10:35:24,11.7975,gntusdt
1087,2019-09-09 10:35:25,205.8677,zrxusdt
1082,2019-09-09 10:35:30,3594.2235,ltcbtc
1085,2019-09-09 10:35:31,3686.8259,ethbtc
1091,2019-09-09 10:35:34,0.9177,mcoeth
1081,2019-09-09 10:35:35,3.0233,ltcusdt
1085,2019-09-09 10:35:35,99.0134,etcusdt
1083,2019-09-09 10:35:38,3457.509,omgusdt
1076,2019-09-09 10:35:40,51.6295,wtceth
1090,2019-09-09 10:35:40,15.2274,aeeth
1088,2019-09-09 10:35:55,21453.099,btcusdt
1088,2019-09-09 10:35:57,160.9169,zrxusdt
1079,2019-09-09 10:36:02,28.9965,ethusdt
1085,2019-09-09 10:36:02,20.2475,gntusdt
1092,2019-09-09 10:36:03,0.626,mcoeth
1086,2019-09-09 10:36:05,7208.6825,ethbtc
1091,2019-09-09 10:36:06,2.0936,aeeth
1083,2019-09-09 10:36:09,2027.6107,ltcbtc
1084,2019-09-09 10:36:11,3779.6092,omgusdt
1086,2019-09-09 10:36:15,1710.2951,etcusdt
1082,2019-09-09 10:36:15,8170.6369,ltcusdt
1077,2019-09-09 10:36:18,62.3259,wtceth
1089,2019-09-09 10:36:33,50560.6317,btcusdt
1093,2019-09-09 10:36:34,0.9382,mcoeth
1089,2019-09-09 10:36:40,11.7698,zrxusdt
1080,2019-09-09 10:36:40,7607.5736,ethusdt
1084,2019-09-09 10:36:40,2610.0926,ltcbtc
1087,2019-09-09 10:36:44,13575.4347,ethbtc
1086,2019-09-09 10:36:46,23.8256,gntusdt
1078,2019-09-09 10:36:47,47.3354,wtceth
1092,2019-09-09 10:36:49,11.1123,aeeth
1083,2019-09-09 10:36:51,5263.7581,ltcusdt
1087,2019-09-09 10:36:53,1980.4515,etcusdt
1085,2019-09-09 10:36:55,1696.7639,omgusdt
1090,2019-09-09 10:37:06,50526.4125,btcusdt
1088,2019-09-09 10:37:10,12525.391,ethbtc
1085,2019-09-09 10:37:16,644.323,ltcbtc
1087,2019-09-09 10:37:17,5.0666,gntusdt
1090,2019-09-09 10:37:17,131.1895,zrxusdt
1094,2019-09-09 10:37:18,1.0462,mcoeth
1081,2019-09-09 10:37:19,14175.9921,ethusdt
1093,2019-09-09 10:37:20,10.1118,aeeth
1086,2019-09-09 10:37:21,2151.9764,omgusdt
1084,2019-09-09 10:37:22,3901.7985,ltcusdt
1079,2019-09-09 10:37:24,17.2003,wtceth
1088,2019-09-09 10:37:24,2236.7584,etcusdt
1091,2019-09-09 10:37:40,66077.5817,btcusdt
1089,2019-09-09 10:37:44,6437.1713,ethbtc
1091,2019-09-09 10:37:44,91.6585,zrxusdt
1082,2019-09-09 10:37:45,4796.6008,ethusdt
1087,2019-09-09 10:37:53,1754.0102,omgusdt
1086,2019-09-09 10:37:53,2209.907,ltcbtc
1094,2019-09-09 10:37:54,3.2741,aeeth
1095,2019-09-09 10:37:55,0.9635,mcoeth
1089,2019-09-09 10:37:59,1403.93,etcusdt
1085,2019-09-09 10:37:59,6169.2236,ltcusdt
1088,2019-09-09 10:38:02,19.6635,gntusdt
1092,2019-09-09 10:38:08,64650.5788,btcusdt
1080,2019-09-09 10:38:08,48.9049,wtceth
1083,2019-09-09 10:38:14,6278.8382,ethusdt
1092,2019-09-09 10:38:15,120.4433,zrxusdt
1095,2019-09-09 10:38:23,7.4988,aeeth
1096,2019-09-09 10:38:23,0.6364,mcoeth
1090,2019-09-09 10:38:28,777.5625,ethbtc
1087,2019-09-09 10:38:30,199.0197,ltcbtc
1088,2019-09-09 10:38:31,107.5069,omgusdt
1086,2019-09-09 10:38:35,4117.0988,ltcusdt
1090,2019-09-09 10:38:37,2829.847,etcusdt
1089,2019-09-09 10:38:42,1.1394,gntusdt
1081,2019-09-09 10:38:49,61.9335,wtceth
1096,2019-09-09 10:38:50,1.4633,aeeth
1093,2019-09-09 10:38:50,135.3505,zrxusdt
1084,2019-09-09 10:38:50,10343.2839,ethusdt
1093,2019-09-09 10:38:51,7331.565,btcusdt
1089,2019-09-09 10:39:01,73.2571,omgusdt
1088,2019-09-09 10:39:02,2113.9007,ltcbtc
1097,2019-09-09 10:39:03,0.8615,mcoeth
1091,2019-09-09 10:39:06,2681.666,etcusdt
1090,2019-09-09 10:39:09,11.2621,gntusdt
1091,2019-09-09 10:39:13,8313.9904,ethbtc
1097,2019-09-09 10:39:20,12.4693,aeeth
1087,2019-09-09 10:39:20,4852.3647,ltcusdt
1082,2019-09-09 10:39:27,4.3006,wtceth
1094,2019-09-09 10:39:27,62601.7486,btcusdt
1094,2019-09-09 10:39:28,195.6849,zrxusdt
1090,2019-09-09 10:39:29,2095.2175,omgusdt
1085,2019-09-09 10:39:34,2725.6481,ethusdt
1089,2019-09-09 10:39:35,3640.1905,ltcbtc
1091,2019-09-09 10:39:38,26.6867,gntusdt
1098,2019-09-09 10:39:45,0.6831,mcoeth
1088,2019-09-09 10:39:49,472.631,ltcusdt
1092,2019-09-09 10:39:49,1229.222,etcusdt
1083,2019-09-09 10:39:52,0.3266,wtceth
1092,2019-09-09 10:39:57,3832.3059,ethbtc
1098,2019-09-09 10:39:57,15.7143,aeeth
1095,2019-09-09 10:40:02,208.9278,zrxusdt
1095,2019-09-09 10:40:11,70838.2295,btcusdt
1091,2019-09-09 10:40:13,2892.6158,omgusdt
1086,2019-09-09 10:40:18,5400.1351,ethusdt
1092,2019-09-09 10:40:18,20.0251,gntusdt
1090,2019-09-09 10:40:18,4520.1024,ltcbtc
1093,2019-09-09 10:40:19,3756.8455,etcusdt
1099,2019-09-09 10:40:26,0.911,mcoeth
1084,2019-09-09 10:40:27,53.9922,wtceth
1099,2019-09-09 10:40:28,4.6273,aeeth
1089,2019-09-09 10:40:29,3940.0143,ltcusdt
1093,2019-09-09 10:40:35,8466.3053,ethbtc
1096,2019-09-09 10:40:39,1.0715,zrxusdt
1094,2019-09-09 10:40:47,1176.4922,etcusdt
1091,2019-09-09 10:40:50,2814.3912,ltcbtc
1087,2019-09-09 10:40:54,13314.5001,ethusdt
1085,2019-09-09 10:40:54,9.3734,wtceth
1100,2019-09-09 10:40:55,1.0215,mcoeth
1096,2019-09-09 10:40:55,35528.4311,btcusdt
1092,2019-09-09 10:40:57,512.3555,omgusdt
1090,2019-09-09 10:41:03,6533.8582,ltcusdt
1093,2019-09-09 10:41:03,8.2564,gntusdt
1094,2019-09-09 10:41:06,12246.2869,ethbtc
1100,2019-09-09 10:41:09,1.284,aeeth
1097,2019-09-09 10:41:12,230.2956,zrxusdt
1095,2019-09-09 10:41:18,2946.2544,etcusdt
1092,2019-09-09 10:41:21,4693.3488,ltcbtc
1086,2019-09-09 10:41:26,51.2016,wtceth
1088,2019-09-09 10:41:27,10674.8202,ethusdt
1097,2019-09-09 10:41:29,75392.4263,btcusdt
1091,2019-09-09 10:41:30,5595.2767,ltcusdt
1094,2019-09-09 10:41:33,29.7172,gntusdt
1101,2019-09-09 10:41:33,0.1091,mcoeth
1093,2019-09-09 10:41:35,1551.5829,omgusdt
1101,2019-09-09 10:41:36,11.8636,aeeth
1098,2019-09-09 10:41:41,159.9684,zrxusdt
1093,2019-09-09 10:41:46,4325.5573,ltcbtc
1095,2019-09-09 10:41:51,8507.4173,ethbtc
1087,2019-09-09 10:41:58,23.769,wtceth
1092,2019-09-09 10:42:02,775.289,ltcusdt
1096,2019-09-09 10:42:03,423.4032,etcusdt
1095,2019-09-09 10:42:05,20.2239,gntusdt
1094,2019-09-09 10:42:08,3980.7933,omgusdt
1098,2019-09-09 10:42:09,2450.3322,btcusdt
1089,2019-09-09 10:42:10,1332.9795,ethusdt
1099,2019-09-09 10:42:12,223.7532,zrxusdt
1102,2019-09-09 10:42:15,0.4153,mcoeth
1102,2019-09-09 10:42:16,5.8685,aeeth
1096,2019-09-09 10:42:24,7253.8983,ethbtc
1088,2019-09-09 10:42:26,38.6508,wtceth
1094,2019-09-09 10:42:30,1470.3579,ltcbtc
1093,2019-09-09 10:42:34,7158.9859,ltcusdt
1100,2019-09-09 10:42:38,14.1862,zrxusdt
1103,2019-09-09 10:42:42,0.8891,mcoeth
1096,2019-09-09 10:42:42,1.6643,gntusdt
1097,2019-09-09 10:42:43,1116.7013,etcusdt
1103,2019-09-09 10:42:44,4.106,aeeth
1095,2019-09-09 10:42:52,2947.2427,omgusdt
1090,2019-09-09 10:42:52,12728.5927,ethusdt
1099,2019-09-09 10:42:52,43107.95,btcusdt
1097,2019-09-09 10:42:58,9463.0933,ethbtc
1094,2019-09-09 10:43:03,2551.1581,ltcusdt
1095,2019-09-09 10:43:05,873.6776,ltcbtc
1089,2019-09-09 10:43:10,62.7313,wtceth
1098,2019-09-09 10:43:16,1364.9898,etcusdt
1104,2019-09-09 10:43:20,0.5542,mcoeth
1101,2019-09-09 10:43:21,51.2122,zrxusdt
1091,2019-09-09 10:43:21,9426.5194,ethusdt
1098,2019-09-09 10:43:25,904.5086,ethbtc
1097,2019-09-09 10:43:26,23.3516,gntusdt
1104,2019-09-09 10:43:28,3.4213,aeeth
1095,2019-09-09 10:43:31,3374.0139,ltcusdt
1096,2019-09-09 10:43:31,3118.0158,omgusdt
1100,2019-09-09 10:43:36,76037.9277,btcusdt
1102,2019-09-09 10:43:47,199.126,zrxusdt
1096,2019-09-09 10:43:50,4213.0711,ltcbtc
1090,2019-09-09 10:43:50,54.3586,wtceth
1092,2019-09-09 10:43:51,3919.187,ethusdt
1099,2019-09-09 10:43:51,2217.3429,etcusdt
1098,2019-09-09 10:43:51,5.1292,gntusdt
1099,2019-09-09 10:43:57,2959.6299,ethbtc
1097,2019-09-09 10:43:59,2526.6736,omgusdt
1105,2019-09-09 10:44:01,11.3484,aeeth
1096,2019-09-09 10:44:01,6344.6657,ltcusdt
1105,2019-09-09 10:44:02,0.1168,mcoeth
1101,2019-09-09 10:44:04,16593.9395,btcusdt
1097,2019-09-09 10:44:21,5111.1175,ltcbtc
1091,2019-09-09 10:44:22,27.3776,wtceth
1099,2019-09-09 10:44:24,7.4478,gntusdt
1103,2019-09-09 10:44:30,128.151,zrxusdt
1093,2019-09-09 10:44:30,1329.6167,ethusdt
1098,2019-09-09 10:44:32,364.1195,omgusdt
1100,2019-09-09 10:44:35,13134.181,ethbtc
1100,2019-09-09 10:44:35,3550.0847,etcusdt
1097,2019-09-09 10:44:38,7983.1714,ltcusdt
1102,2019-09-09 10:44:39,46966.8628,btcusdt
1106,2019-09-09 10:44:40,0.1015,mcoeth
1106,2019-09-09 10:44:45,2.957,aeeth
1098,2019-09-09 10:44:48,2152.1222,ltcbtc
1092,2019-09-09 10:44:54,62.1815,wtceth
1100,2019-09-09 10:44:57,6.0942,gntusdt
1104,2019-09-09 10:45:00,144.1624,zrxusdt
1101,2019-09-09 10:45:04,3341.2556,ethbtc
1098,2019-09-09 10:45:06,2275.4677,ltcusdt
1107,2019-09-09 10:45:06,0.1723,mcoeth
1094,2019-09-09 10:45:12,7060.3817,ethusdt
1099,2019-09-09 10:45:13,2661.7648,omgusdt
1101,2019-09-09 10:45:17,2386.5706,etcusdt
1103,2019-09-09 10:45:17,10288.667,btcusdt
1107,2019-09-09 10:45:23,3.0987,aeeth
1093,2019-09-09 10:45:24,60.8382,wtceth
1105,2019-09-09 10:45:30,140.9089,zrxusdt
1099,2019-09-09 10:45:32,2733.158,ltcbtc
1101,2019-09-09 10:45:34,32.1635,gntusdt
1102,2019-09-09 10:45:43,2685.8269,etcusdt
1099,2019-09-09 10:45:45,7326.2481,ltcusdt
1108,2019-09-09 10:45:46,0.2331,mcoeth
1102,2019-09-09 10:45:47,3469.8807,ethbtc
1104,2019-09-09 10:45:50,68511.6479,btcusdt
1100,2019-09-09 10:45:50,2470.855,omgusdt
1095,2019-09-09 10:45:55,4585.6758,ethusdt
1108,2019-09-09 10:45:56,11.7161,aeeth
1094,2019-09-09 10:45:58,25.7928,wtceth
1106,2019-09-09 10:46:09,24.9966,zrxusdt
1100,2019-09-09 10:46:09,3084.7522,ltcbtc
1102,2019-09-09 10:46:16,32.4437,gntusdt
1103,2019-09-09 10:46:18,3714.4661,etcusdt
1103,2019-09-09 10:46:22,2185.9365,ethbtc
1096,2019-09-09 10:46:23,3272.5396,ethusdt
1095,2019-09-09 10:46:24,53.4878,wtceth
1109,2019-09-09 10:46:24,1.045,mcoeth
1100,2019-09-09 10:46:25,761.9982,ltcusdt
1105,2019-09-09 10:46:32,58687.1486,btcusdt
1101,2019-09-09 10:46:33,244.7888,omgusdt
1107,2019-09-09 10:46:38,81.8154,zrxusdt
1101,2019-09-09 10:46:40,1214.8109,ltcbtc
1109,2019-09-09 10:46:41,10.3714,aeeth
1104,2019-09-09 10:46:56,12360.9534,ethbtc
1110,2019-09-09 10:46:56,0.7984,mcoeth
1101,2019-09-09 10:46:58,7962.7474,ltcusdt
1103,2019-09-09 10:47:00,12.6502,gntusdt
1096,2019-09-09 10:47:00,4.0632,wtceth
1104,2019-09-09 10:47:00,2363.1704,etcusdt
1097,2019-09-09 10:47:06,7198.8989,ethusdt
1102,2019-09-09 10:47:10,243.0951,omgusdt
1106,2019-09-09 10:47:11,29056.4472,btcusdt
1108,2019-09-09 10:47:16,38.4485,zrxusdt
1110,2019-09-09 10:47:18,12.5751,aeeth
1102,2019-09-09 10:47:20,5461.5011,ltcbtc
1111,2019-09-09 10:47:23,0.5781,mcoeth
1102,2019-09-09 10:47:26,6465.6356,ltcusdt
1097,2019-09-09 10:47:29,7.8726,wtceth
1105,2019-09-09 10:47:34,2721.8737,etcusdt
1105,2019-09-09 10:47:36,1354.908,ethbtc
1104,2019-09-09 10:47:37,19.1228,gntusdt
1107,2019-09-09 10:47:38,72080.8313,btcusdt
1098,2019-09-09 10:47:47,1950.6869,ethusdt
1103,2019-09-09 10:47:48,4012.732,omgusdt
1109,2019-09-09 10:47:48,94.3259,zrxusdt
1112,2019-09-09 10:47:49,0.0586,mcoeth
1098,2019-09-09 10:47:59,9.8023,wtceth
1111,2019-09-09 10:48:02,11.7677,aeeth
1103,2019-09-09 10:48:05,4170.6699,ltcbtc
1103,2019-09-09 10:48:07,1016.4037,ltcusdt
1106,2019-09-09 10:48:08,10671.7249,ethbtc
1108,2019-09-09 10:48:12,1331.0829,btcusdt
1106,2019-09-09 10:48:15,1723.6044,etcusdt
1113,2019-09-09 10:48:19,0.6712,mcoeth
1105,2019-09-09 10:48:20,4.9063,gntusdt
1110,2019-09-09 10:48:23,168.6598,zrxusdt
1099,2019-09-09 10:48:28,515.5662,ethusdt
1104,2019-09-09 10:48:29,2383.0882,omgusdt
1099,2019-09-09 10:48:32,47.8699,wtceth
1104,2019-09-09 10:48:38,1152.7267,ltcbtc
1112,2019-09-09 10:48:41,9.0739,aeeth
1109,2019-09-09 10:48:46,45964.0927,btcusdt
1104,2019-09-09 10:48:46,7278.6456,ltcusdt
1114,2019-09-09 10:48:53,0.2418,mcoeth
1107,2019-09-09 10:48:53,12009.625,ethbtc
1100,2019-09-09 10:48:59,57.9467,wtceth
1107,2019-09-09 10:49:00,2600.0687,etcusdt
1111,2019-09-09 10:49:01,153.3602,zrxusdt
1100,2019-09-09 10:49:03,10129.6019,ethusdt
1106,2019-09-09 10:49:05,10.9193,gntusdt
1105,2019-09-09 10:49:05,1863.6129,omgusdt
1110,2019-09-09 10:49:12,10852.7706,btcusdt
1105,2019-09-09 10:49:18,4988.8727,ltcbtc
1113,2019-09-09 10:49:21,8.7184,aeeth
1105,2019-09-09 10:49:27,7588.3984,ltcusdt
1108,2019-09-09 10:49:30,7718.8108,ethbtc
1101,2019-09-09 10:49:31,4924.7271,ethusdt
1101,2019-09-09 10:49:32,9.3269,wtceth
1112,2019-09-09 10:49:33,193.4538,zrxusdt
1115,2019-09-09 10:49:33,0.8151,mcoeth
1107,2019-09-09 10:49:35,14.0531,gntusdt
1108,2019-09-09 10:49:37,3745.4617,etcusdt
1106,2019-09-09 10:49:40,549.08,omgusdt
1111,2019-09-09 10:49:54,25415.1785,btcusdt
1106,2019-09-09 10:49:54,5636.605,ltcbtc
1109,2019-09-09 10:49:57,211.7377,ethbtc
1116,2019-09-09 10:50:00,0.3415,mcoeth
1114,2019-09-09 10:50:03,8.2071,aeeth
1106,2019-09-09 10:50:06,7657.1606,ltcusdt
1102,2019-09-09 10:50:06,335.5365,ethusdt
1108,2019-09-09 10:50:08,18.7636,gntusdt
1113,2019-09-09 10:50:09,126.3487,zrxusdt
1102,2019-09-09 10:50:16,28.1442,wtceth
1109,2019-09-09 10:50:22,2224.7655,etcusdt
1112,2019-09-09 10:50:23,20673.0504,btcusdt
1107,2019-09-09 10:50:24,861.9763,omgusdt
1110,2019-09-09 10:50:25,8115.279,ethbtc
1107,2019-09-09 10:50:26,5686.3958,ltcbtc
1107,2019-09-09 10:50:33,4449.0258,ltcusdt
1117,2019-09-09 10:50:34,0.0706,mcoeth
1114,2019-09-09 10:50:39,39.6616,zrxusdt
1103,2019-09-09 10:50:40,10217.166,ethusdt
1109,2019-09-09 10:50:42,23.2941,gntusdt
1115,2019-09-09 10:50:48,7.3429,aeeth
1103,2019-09-09 10:50:53,18.4128,wtceth
1108,2019-09-09 10:51:01,5051.3504,ltcbtc
1113,2019-09-09 10:51:03,39521.6473,btcusdt
1110,2019-09-09 10:51:06,1821.2961,etcusdt
1118,2019-09-09 10:51:07,0.0833,mcoeth
1108,2019-09-09 10:51:07,1794.5477,omgusdt
1108,2019-09-09 10:51:08,1870.7857,ltcusdt
1111,2019-09-09 10:51:10,13568.1221,ethbtc
1115,2019-09-09 10:51:19,47.4629,zrxusdt
1104,2019-09-09 10:51:20,9597.5276,ethusdt
1104,2019-09-09 10:51:20,18.1898,wtceth
1116,2019-09-09 10:51:25,11.4112,aeeth
1110,2019-09-09 10:51:27,15.8985,gntusdt
1114,2019-09-09 10:51:34,18336.9793,btcusdt
1111,2019-09-09 10:51:34,307.4327,etcusdt
1109,2019-09-09 10:51:39,2901.9039,ltcbtc
1109,2019-09-09 10:51:43,1328.4398,omgusdt
1112,2019-09-09 10:51:44,1466.7583,ethbtc
1109,2019-09-09 10:51:45,3430.2639,ltcusdt
1105,2019-09-09 10:51:47,10.0627,wtceth
1119,2019-09-09 10:51:49,0.9804,mcoeth
1116,2019-09-09 10:51:50,21.7141,zrxusdt
1105,2019-09-09 10:51:51,8736.3991,ethusdt
1117,2019-09-09 10:51:54,11.7288,aeeth
1112,2019-09-09 10:52:08,336.4505,etcusdt
1111,2019-09-09 10:52:08,5.2046,gntusdt
1113,2019-09-09 10:52:11,2032.2896,ethbtc
1115,2019-09-09 10:52:11,47725.7047,btcusdt
1110,2019-09-09 10:52:16,4558.9553,ltcbtc
1106,2019-09-09 10:52:19,10.1916,wtceth
1110,2019-09-09 10:52:19,275.7837,omgusdt
1110,2019-09-09 10:52:21,1526.3744,ltcusdt
1106,2019-09-09 10:52:26,4022.5236,ethusdt
1117,2019-09-09 10:52:28,64.4309,zrxusdt
1120,2019-09-09 10:52:32,0.0342,mcoeth
1118,2019-09-09 10:52:33,8.3437,aeeth
1114,2019-09-09 10:52:41,8161.0778,ethbtc
1112,2019-09-09 10:52:45,10.1029,gntusdt
1111,2019-09-09 10:52:45,4034.8411,omgusdt
1116,2019-09-09 10:52:46,186.8861,btcusdt
1113,2019-09-09 10:52:52,2356.597,etcusdt
1111,2019-09-09 10:52:52,2019.4579,ltcbtc
1111,2019-09-09 10:52:53,7391.2604,ltcusdt
1107,2019-09-09 10:52:56,28.305,wtceth
1107,2019-09-09 10:52:57,8416.2602,ethusdt
1118,2019-09-09 10:53:06,172.2476,zrxusdt
1121,2019-09-09 10:53:08,0.957,mcoeth
1113,2019-09-09 10:53:13,3.0718,gntusdt
1119,2019-09-09 10:53:15,12.5542,aeeth
1115,2019-09-09 10:53:15,7839.5974,ethbtc
1112,2019-09-09 10:53:17,5953.4755,ltcbtc
1112,2019-09-09 10:53:21,2693.8055,omgusdt
1108,2019-09-09 10:53:25,5786.7733,ethusdt
1117,2019-09-09 10:53:27,18142.4971,btcusdt
1114,2019-09-09 10:53:27,1323.941,etcusdt
1108,2019-09-09 10:53:30,24.1967,wtceth
1119,2019-09-09 10:53:33,79.0383,zrxusdt
1112,2019-09-09 10:53:36,6271.6018,ltcusdt
1122,2019-09-09 10:53:40,1.0693,mcoeth
1113,2019-09-09 10:53:47,1993.3397,ltcbtc
1120,2019-09-09 10:53:50,6.7332,aeeth
1116,2019-09-09 10:53:55,7400.144,ethbtc
1114,2019-09-09 10:53:57,25.1041,gntusdt
1120,2019-09-09 10:54:03,57.2465,zrxusdt
1113,2019-09-09 10:54:04,3596.0598,omgusdt
1109,2019-09-09 10:54:05,10981.7361,ethusdt
1109,2019-09-09 10:54:08,25.3554,wtceth
1118,2019-09-09 10:54:10,15469.2172,btcusdt
1115,2019-09-09 10:54:11,3742.6611,etcusdt
1113,2019-09-09 10:54:15,5192.1464,ltcusdt
1117,2019-09-09 10:54:20,8767.6071,ethbtc
1123,2019-09-09 10:54:23,0.3033,mcoeth
1121,2019-09-09 10:54:28,14.6476,aeeth
1114,2019-09-09 10:54:30,3408.0989,ltcbtc
1114,2019-09-09 10:54:33,3629.4727,omgusdt
1115,2019-09-09 10:54:35,23.2064,gntusdt
1110,2019-09-09 10:54:36,17126.8126,ethusdt
1116,2019-09-09 10:54:40,2592.1182,etcusdt
1110,2019-09-09 10:54:42,9.7432,wtceth
1119,2019-09-09 10:54:46,24557.0637,btcusdt
1121,2019-09-09 10:54:47,216.8267,zrxusdt
1114,2019-09-09 10:54:50,6113.9998,ltcusdt
1115,2019-09-09 10:54:58,1265.8085,ltcbtc
1116,2019-09-09 10:55:01,2.0159,gntusdt
1118,2019-09-09 10:55:04,12752.2258,ethbtc
1115,2019-09-09 10:55:06,2762.4615,omgusdt
1124,2019-09-09 10:55:08,0.8336,mcoeth
1111,2019-09-09 10:55:10,52.5409,wtceth
1122,2019-09-09 10:55:10,13.1527,aeeth
1111,2019-09-09 10:55:17,14066.4158,ethusdt
1117,2019-09-09 10:55:22,2099.0608,etcusdt
1120,2019-09-09 10:55:26,270.7721,btcusdt
1122,2019-09-09 10:55:31,163.4998,zrxusdt
1115,2019-09-09 10:55:34,5308.6495,ltcusdt
1119,2019-09-09 10:55:36,2127.1998,ethbtc
1123,2019-09-09 10:55:37,16.0516,aeeth
1116,2019-09-09 10:55:38,117.8127,ltcbtc
1117,2019-09-09 10:55:39,2.7092,gntusdt
1112,2019-09-09 10:55:43,39.0473,wtceth
1112,2019-09-09 10:55:45,17066.1693,ethusdt
1125,2019-09-09 10:55:48,0.2509,mcoeth
1116,2019-09-09 10:55:49,2124.0944,omgusdt
1116,2019-09-09 10:56:01,2538.9934,ltcusdt
1121,2019-09-09 10:56:05,58229.1864,btcusdt
1117,2019-09-09 10:56:06,664.8923,ltcbtc
1118,2019-09-09 10:56:07,1112.787,etcusdt
1123,2019-09-09 10:56:07,83.8918,zrxusdt
1120,2019-09-09 10:56:07,8638.3538,ethbtc
1118,2019-09-09 10:56:13,17.1843,gntusdt
1117,2019-09-09 10:56:15,731.6476,omgusdt
1124,2019-09-09 10:56:18,4.9103,aeeth
1113,2019-09-09 10:56:19,36.5088,wtceth
1113,2019-09-09 10:56:19,14778.2542,ethusdt
1122,2019-09-09 10:56:30,6526.0593,btcusdt
1126,2019-09-09 10:56:31,0.5364,mcoeth
1121,2019-09-09 10:56:32,577.9617,ethbtc
1119,2019-09-09 10:56:36,922.5613,etcusdt
1117,2019-09-09 10:56:40,6956.2998,ltcusdt
1124,2019-09-09 10:56:41,12.0463,zrxusdt
1119,2019-09-09 10:56:44,22.3244,gntusdt
1118,2019-09-09 10:56:44,5301.2067,ltcbtc
1114,2019-09-09 10:56:49,29.6762,wtceth
1125,2019-09-09 10:56:54,12.4796,aeeth
1114,2019-09-09 10:56:54,16395.9819,ethusdt
1118,2019-09-09 10:56:57,3735.5591,omgusdt
1127,2019-09-09 10:57:00,0.6579,mcoeth
1122,2019-09-09 10:57:06,13075.5015,ethbtc
1118,2019-09-09 10:57:06,6050.9944,ltcusdt
1119,2019-09-09 10:57:11,2738.5912,ltcbtc
1123,2019-09-09 10:57:11,79805.7366,btcusdt
1120,2019-09-09 10:57:12,1579.004,etcusdt
1120,2019-09-09 10:57:16,20.7277,gntusdt
1125,2019-09-09 10:57:23,23.5331,zrxusdt
1126,2019-09-09 10:57:24,15.8221,aeeth
1128,2019-09-09 10:57:30,0.4238,mcoeth
1115,2019-09-09 10:57:31,26.8101,wtceth
1123,2019-09-09 10:57:31,10870.4294,ethbtc
1119,2019-09-09 10:57:35,2475.0721,omgusdt
1115,2019-09-09 10:57:36,10018.5113,ethusdt
1119,2019-09-09 10:57:37,3767.534,ltcusdt
1120,2019-09-09 10:57:48,2030.8881,ltcbtc
1126,2019-09-09 10:57:48,1.0584,zrxusdt
1124,2019-09-09 10:57:52,81380.4925,btcusdt
1121,2019-09-09 10:57:54,3158.4088,etcusdt
1116,2019-09-09 10:57:57,55.0834,wtceth
1129,2019-09-09 10:57:57,0.4046,mcoeth
1121,2019-09-09 10:57:58,31.8782,gntusdt
1120,2019-09-09 10:58:00,151.1718,omgusdt
1127,2019-09-09 10:58:05,2.6831,aeeth
1124,2019-09-09 10:58:13,10589.0272,ethbtc
1120,2019-09-09 10:58:15,732.6624,ltcusdt
1116,2019-09-09 10:58:17,15249.3996,ethusdt
1127,2019-09-09 10:58:18,25.9414,zrxusdt
1122,2019-09-09 10:58:19,1137.3433,etcusdt
1121,2019-09-09 10:58:26,5282.4577,ltcbtc
1117,2019-09-09 10:58:27,1.4096,wtceth
1125,2019-09-09 10:58:28,16309.9289,btcusdt
1130,2019-09-09 10:58:34,0.5768,mcoeth
1121,2019-09-09 10:58:36,667.2285,omgusdt
1128,2019-09-09 10:58:37,14.7681,aeeth
1122,2019-09-09 10:58:41,0.7572,gntusdt
1123,2019-09-09 10:58:54,818.9342,etcusdt
1117,2019-09-09 10:58:54,15503.1457,ethusdt
1121,2019-09-09 10:58:56,8460.4388,ltcusdt
1128,2019-09-09 10:58:58,189.5822,zrxusdt
1125,2019-09-09 10:58:58,4097.3832,ethbtc
1131,2019-09-09 10:59:03,1.021,mcoeth
1126,2019-09-09 10:59:04,27417.403,btcusdt
1118,2019-09-09 10:59:05,62.5546,wtceth
1122,2019-09-09 10:59:06,2626.6689,omgusdt
1122,2019-09-09 10:59:06,534.7801,ltcbtc
1123,2019-09-09 10:59:15,11.7049,gntusdt
1129,2019-09-09 10:59:16,8.2468,aeeth
1124,2019-09-09 10:59:29,1613.9943,etcusdt
1132,2019-09-09 10:59:32,0.5065,mcoeth
1118,2019-09-09 10:59:33,3120.8502,ethusdt
1129,2019-09-09 10:59:33,153.6171,zrxusdt
1122,2019-09-09 10:59:33,3006.6522,ltcusdt
1123,2019-09-09 10:59:34,5293.4451,ltcbtc
1126,2019-09-09 10:59:40,3097.4428,ethbtc
1127,2019-09-09 10:59:43,18869.1624,btcusdt
1119,2019-09-09 10:59:44,12.0741,wtceth
1123,2019-09-09 10:59:48,13.8793,omgusdt
1124,2019-09-09 10:59:48,15.7768,gntusdt
1130,2019-09-09 10:59:54,6.7434,aeeth
1125,2019-09-09 10:59:56,2318.1635,etcusdt
1123,2019-09-09 11:00:26,283.5603,ltcusdt
1127,2019-09-09 11:00:26,7321.2096,ethbtc
1124,2019-09-09 11:00:26,972.5742,ltcbtc
1131,2019-09-09 11:00:28,6.0581,aeeth
1124,2019-09-09 11:00:29,939.0729,omgusdt
1133,2019-09-09 11:00:31,0.5,mcoeth
1125,2019-09-09 11:00:34,12.453,gntusdt
1120,2019-09-09 11:00:41,2.5884,wtceth
1128,2019-09-09 11:00:42,500.0057,btcusdt
1119,2019-09-09 11:00:42,1125.0396,ethusdt
1126,2019-09-09 11:00:43,3461.2234,etcusdt
1130,2019-09-09 11:00:45,133.717,zrxusdt
1125,2019-09-09 11:00:51,1543.6124,ltcbtc
1124,2019-09-09 11:00:53,1098.5516,ltcusdt
1132,2019-09-09 11:00:55,5.1113,aeeth
1128,2019-09-09 11:00:57,4994.5702,ethbtc
1134,2019-09-09 11:01:04,0.0212,mcoeth
1121,2019-09-09 11:01:06,59.1775,wtceth
1127,2019-09-09 11:01:08,637.187,etcusdt
1125,2019-09-09 11:01:10,731.9178,omgusdt
1126,2019-09-09 11:01:10,8.7606,gntusdt
1129,2019-09-09 11:01:13,38482.7065,btcusdt
1131,2019-09-09 11:01:15,6.2509,zrxusdt
1126,2019-09-09 11:01:17,1990.4345,ltcbtc
1120,2019-09-09 11:01:24,866.1579,ethusdt
1125,2019-09-09 11:01:24,5130.9053,ltcusdt
1133,2019-09-09 11:01:28,11.0196,aeeth
1129,2019-09-09 11:01:39,9646.5184,ethbtc
1130,2019-09-09 11:01:39,35140.7844,btcusdt
1135,2019-09-09 11:01:40,0.8208,mcoeth
1132,2019-09-09 11:01:41,71.5254,zrxusdt
1127,2019-09-09 11:01:43,178.9951,ltcbtc
1128,2019-09-09 11:01:45,1727.511,etcusdt
1122,2019-09-09 11:01:48,9.1507,wtceth
1126,2019-09-09 11:01:51,2154.8218,omgusdt
1127,2019-09-09 11:01:55,6.3256,gntusdt
1126,2019-09-09 11:02:02,4208.4986,ltcusdt
1134,2019-09-09 11:02:05,1.6297,aeeth
1121,2019-09-09 11:02:06,11348.0978,ethusdt
1133,2019-09-09 11:02:07,51.5526,zrxusdt
1129,2019-09-09 11:02:11,859.0354,etcusdt
1130,2019-09-09 11:02:12,10808.2648,ethbtc
1136,2019-09-09 11:02:13,0.6545,mcoeth
1128,2019-09-09 11:02:21,23.7881,gntusdt
1131,2019-09-09 11:02:24,4095.8049,btcusdt
1123,2019-09-09 11:02:25,13.5448,wtceth
1128,2019-09-09 11:02:27,5211.3677,ltcbtc
1127,2019-09-09 11:02:28,4846.6495,ltcusdt
1135,2019-09-09 11:02:31,0.2181,aeeth
1127,2019-09-09 11:02:35,2340.9363,omgusdt
1131,2019-09-09 11:02:43,2068.1839,ethbtc
1122,2019-09-09 11:02:45,9285.5897,ethusdt
1130,2019-09-09 11:02:46,763.6627,etcusdt
1134,2019-09-09 11:02:46,77.6593,zrxusdt
1124,2019-09-09 11:02:51,20.8711,wtceth
1137,2019-09-09 11:02:55,0.8043,mcoeth
1129,2019-09-09 11:02:55,3.8356,gntusdt
1136,2019-09-09 11:02:56,7.2977,aeeth
1128,2019-09-09 11:03:04,1569.3387,ltcusdt
1132,2019-09-09 11:03:06,19440.664,btcusdt
1128,2019-09-09 11:03:06,2115.6436,omgusdt
1129,2019-09-09 11:03:07,5114.367,ltcbtc
1138,2019-09-09 11:03:23,0.0997,mcoeth
1137,2019-09-09 11:03:25,1.1892,aeeth
1123,2019-09-09 11:03:25,10218.3979,ethusdt
1132,2019-09-09 11:03:25,9340.4632,ethbtc
1125,2019-09-09 11:03:28,17.7505,wtceth
1135,2019-09-09 11:03:29,124.5967,zrxusdt
1131,2019-09-09 11:03:31,1804.874,etcusdt
1130,2019-09-09 11:03:36,21.7891,gntusdt
1129,2019-09-09 11:03:42,2160.4644,ltcusdt
1130,2019-09-09 11:03:46,1985.9781,ltcbtc
1133,2019-09-09 11:03:50,38425.5927,btcusdt
1129,2019-09-09 11:03:51,2549.6816,omgusdt
1139,2019-09-09 11:03:57,0.1944,mcoeth
1126,2019-09-09 11:04:01,27.5192,wtceth
1136,2019-09-09 11:04:02,9.93,zrxusdt
1132,2019-09-09 11:04:04,695.9862,etcusdt
1124,2019-09-09 11:04:05,8609.8677,ethusdt
1138,2019-09-09 11:04:05,3.6687,aeeth
1133,2019-09-09 11:04:08,2156.8347,ethbtc
1131,2019-09-09 11:04:12,11.5376,gntusdt
1130,2019-09-09 11:04:15,5389.5389,ltcusdt
1131,2019-09-09 11:04:16,3.6648,ltcbtc
1134,2019-09-09 11:04:26,6140.0984,btcusdt
1127,2019-09-09 11:04:29,42.3115,wtceth
1130,2019-09-09 11:04:32,1371.2666,omgusdt
1140,2019-09-09 11:04:32,0.5638,mcoeth
1134,2019-09-09 11:04:37,7147.2422,ethbtc
1125,2019-09-09 11:04:40,8123.7056,ethusdt
1132,2019-09-09 11:04:40,5.9509,gntusdt
1139,2019-09-09 11:04:40,3.5147,aeeth
1137,2019-09-09 11:04:40,80.2325,zrxusdt
1131,2019-09-09 11:04:43,659.9018,ltcusdt
1133,2019-09-09 11:04:44,1404.8261,etcusdt
1132,2019-09-09 11:04:44,604.4462,ltcbtc
1135,2019-09-09 11:05:00,39945.7741,btcusdt
1128,2019-09-09 11:05:02,10.5029,wtceth
1126,2019-09-09 11:05:05,9571.5125,ethusdt
1141,2019-09-09 11:05:06,0.3748,mcoeth
1138,2019-09-09 11:05:07,135.3752,zrxusdt
1131,2019-09-09 11:05:08,1679.7209,omgusdt
1133,2019-09-09 11:05:12,24.962,gntusdt
1135,2019-09-09 11:05:15,3239.6843,ethbtc
1132,2019-09-09 11:05:18,5463.0678,ltcusdt
1140,2019-09-09 11:05:20,8.3026,aeeth
1134,2019-09-09 11:05:23,3496.1826,etcusdt
1133,2019-09-09 11:05:24,2063.0914,ltcbtc
1129,2019-09-09 11:05:35,20.8956,wtceth
1136,2019-09-09 11:05:36,12447.6039,btcusdt
1139,2019-09-09 11:05:40,112.0082,zrxusdt
1136,2019-09-09 11:05:40,12228.0018,ethbtc
1142,2019-09-09 11:05:40,0.4818,mcoeth
1134,2019-09-09 11:05:41,17.4689,gntusdt
1133,2019-09-09 11:05:45,5165.6994,ltcusdt
1132,2019-09-09 11:05:46,1707.4848,omgusdt
1127,2019-09-09 11:05:49,11689.5567,ethusdt
1135,2019-09-09 11:05:52,3428.5113,etcusdt
1141,2019-09-09 11:05:52,0.7279,aeeth
1134,2019-09-09 11:06:09,3975.4264,ltcbtc
1143,2019-09-09 11:06:10,0.9503,mcoeth
1135,2019-09-09 11:06:10,20.2809,gntusdt
1130,2019-09-09 11:06:12,10.4323,wtceth
1137,2019-09-09 11:06:17,34387.4995,btcusdt
1140,2019-09-09 11:06:17,49.6961,zrxusdt
1134,2019-09-09 11:06:19,1591.0558,ltcusdt
1128,2019-09-09 11:06:19,1789.4161,ethusdt
1142,2019-09-09 11:06:21,4.6116,aeeth
1136,2019-09-09 11:06:24,1182.7538,etcusdt
1137,2019-09-09 11:06:25,7348.3773,ethbtc
1133,2019-09-09 11:06:26,1003.9383,omgusdt
1131,2019-09-09 11:06:38,26.8212,wtceth
1144,2019-09-09 11:06:40,0.8003,mcoeth
1138,2019-09-09 11:06:43,45232.0193,btcusdt
1141,2019-09-09 11:06:46,28.9053,zrxusdt
1135,2019-09-09 11:06:50,29.6857,ltcbtc
1138,2019-09-09 11:06:51,1493.5545,ethbtc
1134,2019-09-09 11:06:51,2489.0302,omgusdt
1136,2019-09-09 11:06:52,21.656,gntusdt
1143,2019-09-09 11:06:53,2.3356,aeeth
1129,2019-09-09 11:06:53,6332.4313,ethusdt
1135,2019-09-09 11:06:58,3579.7898,ltcusdt
1137,2019-09-09 11:07:01,3696.8305,etcusdt
1145,2019-09-09 11:07:09,0.4548,mcoeth
1132,2019-09-09 11:07:13,35.058,wtceth
1142,2019-09-09 11:07:21,19.4206,zrxusdt
1136,2019-09-09 11:07:22,1525.5742,ltcbtc
1137,2019-09-09 11:07:23,13.1866,gntusdt
1139,2019-09-09 11:07:23,25790.6604,btcusdt
1130,2019-09-09 11:07:23,12404.5109,ethusdt
1135,2019-09-09 11:07:26,2539.9146,omgusdt
1144,2019-09-09 11:07:30,8.2089,aeeth
1139,2019-09-09 11:07:34,11508.3834,ethbtc
1136,2019-09-09 11:07:41,5153.2391,ltcusdt
1138,2019-09-09 11:07:42,577.6483,etcusdt
1131,2019-09-09 11:07:49,13454.351,ethusdt
1143,2019-09-09 11:07:50,140.2213,zrxusdt
1146,2019-09-09 11:07:51,0.6885,mcoeth
1140,2019-09-09 11:07:52,17978.5604,btcusdt
1133,2019-09-09 11:07:53,5.1089,wtceth
1145,2019-09-09 11:07:56,4.7045,aeeth
1138,2019-09-09 11:07:57,3.4876,gntusdt
1136,2019-09-09 11:08:00,1472.9279,omgusdt
1137,2019-09-09 11:08:03,1147.2942,ltcbtc
1140,2019-09-09 11:08:12,5362.9877,ethbtc
1139,2019-09-09 11:08:16,191.1361,etcusdt
1141,2019-09-09 11:08:18,5513.1606,btcusdt
1137,2019-09-09 11:08:20,2587.3957,ltcusdt
1147,2019-09-09 11:08:27,0.9777,mcoeth
1132,2019-09-09 11:08:27,12243.3565,ethusdt
1139,2019-09-09 11:08:28,10.2311,gntusdt
1144,2019-09-09 11:08:33,93.5708,zrxusdt
1134,2019-09-09 11:08:34,12.413,wtceth
1146,2019-09-09 11:08:36,7.3316,aeeth
1138,2019-09-09 11:08:43,4027.1546,ltcbtc
1137,2019-09-09 11:08:43,2833.9199,omgusdt
1141,2019-09-09 11:08:47,7197.4345,ethbtc
1133,2019-09-09 11:08:52,9243.0753,ethusdt
1140,2019-09-09 11:08:53,2701.962,etcusdt
1148,2019-09-09 11:08:54,0.1123,mcoeth
1142,2019-09-09 11:08:55,7460.5139,btcusdt
1138,2019-09-09 11:09:01,5071.3743,ltcusdt
1147,2019-09-09 11:09:02,11.12,aeeth
1145,2019-09-09 11:09:08,23.2734,zrxusdt
1140,2019-09-09 11:09:13,16.7081,gntusdt
1139,2019-09-09 11:09:18,3486.7921,ltcbtc
1135,2019-09-09 11:09:18,38.828,wtceth
1141,2019-09-09 11:09:19,3021.2055,etcusdt
1142,2019-09-09 11:09:24,12891.5475,ethbtc
1138,2019-09-09 11:09:26,1823.0535,omgusdt
1143,2019-09-09 11:09:26,32264.6789,btcusdt
1149,2019-09-09 11:09:31,0.1668,mcoeth
1134,2019-09-09 11:09:34,12055.1554,ethusdt
1139,2019-09-09 11:09:36,2596.5184,ltcusdt
1148,2019-09-09 11:09:36,0.1504,aeeth
1136,2019-09-09 11:09:45,7.0657,wtceth
1146,2019-09-09 11:09:49,111.7127,zrxusdt
1139,2019-09-09 11:09:51,2558.9533,omgusdt
1143,2019-09-09 11:09:51,6508.9473,ethbtc
1141,2019-09-09 11:09:53,23.2329,gntusdt
1140,2019-09-09 11:09:56,737.9419,ltcbtc
1144,2019-09-09 11:09:58,46144.5945,btcusdt
1142,2019-09-09 11:10:01,1150.8492,etcusdt
1149,2019-09-09 11:10:03,3.1294,aeeth
1150,2019-09-09 11:10:11,0.082,mcoeth
1140,2019-09-09 11:10:14,4815.8029,ltcusdt
1135,2019-09-09 11:10:19,11734.811,ethusdt
1140,2019-09-09 11:10:21,713.6124,omgusdt
1144,2019-09-09 11:10:25,163.5516,ethbtc
1137,2019-09-09 11:10:27,42.4008,wtceth
1147,2019-09-09 11:10:27,138.9519,zrxusdt
1142,2019-09-09 11:10:32,19.7954,gntusdt
1143,2019-09-09 11:10:33,203.7484,etcusdt
1145,2019-09-09 11:10:36,6573.5389,btcusdt
1141,2019-09-09 11:10:40,853.9247,ltcusdt
1141,2019-09-09 11:10:40,4073.4629,ltcbtc
1150,2019-09-09 11:10:41,1.2047,aeeth
1151,2019-09-09 11:10:41,0.4819,mcoeth
1136,2019-09-09 11:10:46,3999.8317,ethusdt
1144,2019-09-09 11:11:00,976.8329,etcusdt
1145,2019-09-09 11:11:02,449.3352,ethbtc
1141,2019-09-09 11:11:04,3161.6962,omgusdt
1142,2019-09-09 11:11:06,4605.2723,ltcusdt
1151,2019-09-09 11:11:08,2.4297,aeeth
1142,2019-09-09 11:11:08,3949.6832,ltcbtc
1148,2019-09-09 11:11:10,9.2772,zrxusdt
1138,2019-09-09 11:11:11,44.0548,wtceth
1143,2019-09-09 11:11:11,18.5122,gntusdt
1146,2019-09-09 11:11:16,42132.4969,btcusdt
1152,2019-09-09 11:11:16,0.157,mcoeth
1137,2019-09-09 11:11:20,2580.1808,ethusdt
1142,2019-09-09 11:11:32,740.7094,omgusdt
1143,2019-09-09 11:11:35,3477.7226,ltcbtc
1149,2019-09-09 11:11:36,28.6853,zrxusdt
1145,2019-09-09 11:11:41,13.4708,etcusdt
1146,2019-09-09 11:11:42,9303.3576,ethbtc
1152,2019-09-09 11:11:46,1.1893,aeeth
1147,2019-09-09 11:11:47,114.6024,btcusdt
1139,2019-09-09 11:11:47,28.2563,wtceth
1143,2019-09-09 11:11:48,1921.022,ltcusdt
1153,2019-09-09 11:11:49,0.8254,mcoeth
1138,2019-09-09 11:11:50,8313.0578,ethusdt
1144,2019-09-09 11:11:52,0.5134,gntusdt
1146,2019-09-09 11:12:07,2911.7958,etcusdt
1143,2019-09-09 11:12:11,385.9882,omgusdt
1144,2019-09-09 11:12:14,4864.396,ltcbtc
1150,2019-09-09 11:12:15,74.1467,zrxusdt
1153,2019-09-09 11:12:19,9.6905,aeeth
1154,2019-09-09 11:12:20,0.5506,mcoeth
1140,2019-09-09 11:12:21,63.9503,wtceth
1147,2019-09-09 11:12:22,2795.0791,ethbtc
1148,2019-09-09 11:12:22,16054.4893,btcusdt
1139,2019-09-09 11:12:23,7596.666,ethusdt
1144,2019-09-09 11:12:29,2465.8665,ltcusdt
1144,2019-09-09 11:12:37,2426.6338,omgusdt
1145,2019-09-09 11:12:37,20.0688,gntusdt
1147,2019-09-09 11:12:41,2840.7981,etcusdt
1154,2019-09-09 11:12:47,1.6371,aeeth
1155,2019-09-09 11:12:49,0.4732,mcoeth
1151,2019-09-09 11:12:51,81.01,zrxusdt
1149,2019-09-09 11:12:52,36902.6941,btcusdt
1148,2019-09-09 11:12:55,6625.065,ethbtc
1140,2019-09-09 11:12:58,7588.4743,ethusdt
1145,2019-09-09 11:12:59,5159.1093,ltcbtc
1141,2019-09-09 11:13:01,18.4275,wtceth
1145,2019-09-09 11:13:03,4800.2388,ltcusdt
1146,2019-09-09 11:13:16,23.3088,gntusdt
1150,2019-09-09 11:13:17,39567.6623,btcusdt
1145,2019-09-09 11:13:20,138.7497,omgusdt
1141,2019-09-09 11:13:24,4613.6884,ethusdt
1156,2019-09-09 11:13:24,0.8966,mcoeth
1148,2019-09-09 11:13:25,2843.8853,etcusdt
1155,2019-09-09 11:13:29,10.1268,aeeth
1152,2019-09-09 11:13:31,84.5663,zrxusdt
1146,2019-09-09 11:13:34,31.4639,ltcbtc
1142,2019-09-09 11:13:35,67.8255,wtceth
1149,2019-09-09 11:13:37,7423.5244,ethbtc
1146,2019-09-09 11:13:39,603.8572,ltcusdt
1151,2019-09-09 11:13:44,19774.956,btcusdt
1147,2019-09-09 11:13:48,12.7961,gntusdt
1149,2019-09-09 11:13:51,3512.5773,etcusdt
1142,2019-09-09 11:13:54,8883.2904,ethusdt
1156,2019-09-09 11:13:56,2.9421,aeeth
1153,2019-09-09 11:14:01,3.5956,zrxusdt
1157,2019-09-09 11:14:01,0.6668,mcoeth
1143,2019-09-09 11:14:01,63.4665,wtceth
1146,2019-09-09 11:14:04,1673.1284,omgusdt
1150,2019-09-09 11:14:09,7503.8173,ethbtc
1152,2019-09-09 11:14:11,36230.8906,btcusdt
1147,2019-09-09 11:14:16,2727.9533,ltcusdt
1147,2019-09-09 11:14:18,4011.4265,ltcbtc
1150,2019-09-09 11:14:22,1775.1844,etcusdt
1143,2019-09-09 11:14:26,6073.4461,ethusdt
1154,2019-09-09 11:14:29,129.1948,zrxusdt
1158,2019-09-09 11:14:29,0.3484,mcoeth
1148,2019-09-09 11:14:31,16.1728,gntusdt
1151,2019-09-09 11:14:39,4280.8339,ethbtc
1148,2019-09-09 11:14:41,4411.0366,ltcusdt
1144,2019-09-09 11:14:41,17.9273,wtceth
1157,2019-09-09 11:14:41,10.1612,aeeth
1147,2019-09-09 11:14:42,2599.0297,omgusdt
1153,2019-09-09 11:14:47,29685.6431,btcusdt
1148,2019-09-09 11:14:47,2314.7741,ltcbtc
1151,2019-09-09 11:14:51,1002.184,etcusdt
1144,2019-09-09 11:14:52,1962.9157,ethusdt
1155,2019-09-09 11:14:56,37.9772,zrxusdt
1159,2019-09-09 11:15:04,0.5406,mcoeth
1149,2019-09-09 11:15:05,11.0314,gntusdt
1152,2019-09-09 11:15:15,12315.0956,ethbtc
1149,2019-09-09 11:15:16,1571.6,ltcbtc
1145,2019-09-09 11:15:17,32.715,wtceth
1158,2019-09-09 11:15:18,4.2318,aeeth
1148,2019-09-09 11:15:18,3213.323,omgusdt
1149,2019-09-09 11:15:20,4426.5041,ltcusdt
1156,2019-09-09 11:15:21,41.5598,zrxusdt
1154,2019-09-09 11:15:27,18802.5,btcusdt
1145,2019-09-09 11:15:29,7082.1101,ethusdt
1152,2019-09-09 11:15:30,2745.4729,etcusdt
1160,2019-09-09 11:15:41,0.9808,mcoeth
1153,2019-09-09 11:15:46,5825.8948,ethbtc
1146,2019-09-09 11:15:46,13.5681,wtceth
1150,2019-09-09 11:15:50,7.1482,gntusdt
1150,2019-09-09 11:15:55,3988.5117,ltcbtc
1150,2019-09-09 11:15:55,439.3387,ltcusdt
1146,2019-09-09 11:15:59,1869.0682,ethusdt
1155,2019-09-09 11:15:59,5563.2758,btcusdt
1153,2019-09-09 11:16:00,3184.626,etcusdt
1159,2019-09-09 11:16:02,0.6607,aeeth
1157,2019-09-09 11:16:02,57.6231,zrxusdt
1149,2019-09-09 11:16:03,1662.5406,omgusdt
1147,2019-09-09 11:16:17,36.7434,wtceth
1154,2019-09-09 11:16:22,6154.1084,ethbtc
1151,2019-09-09 11:16:23,3788.6378,ltcbtc
1161,2019-09-09 11:16:24,0.3118,mcoeth
1147,2019-09-09 11:16:27,5058.3116,ethusdt
1156,2019-09-09 11:16:29,1834.026,btcusdt
1151,2019-09-09 11:16:31,3128.8641,ltcusdt
1154,2019-09-09 11:16:33,1734.3781,etcusdt
1158,2019-09-09 11:16:33,62.6141,zrxusdt
1151,2019-09-09 11:16:35,1.4709,gntusdt
1160,2019-09-09 11:16:37,0.1263,aeeth
1150,2019-09-09 11:16:46,2377.547,omgusdt
1155,2019-09-09 11:16:48,4498.7723,ethbtc
1162,2019-09-09 11:16:49,0.9496,mcoeth
1148,2019-09-09 11:16:57,45.2463,wtceth
1155,2019-09-09 11:16:59,3036.3637,etcusdt
1152,2019-09-09 11:17:04,4691.3959,ltcusdt
1152,2019-09-09 11:17:04,4936.8532,ltcbtc
1157,2019-09-09 11:17:06,29043.6054,btcusdt
1161,2019-09-09 11:17:08,4.9471,aeeth
1159,2019-09-09 11:17:08,69.3489,zrxusdt
1148,2019-09-09 11:17:10,4464.3518,ethusdt
1152,2019-09-09 11:17:11,5.6251,gntusdt
1156,2019-09-09 11:17:26,1118.4082,ethbtc
1163,2019-09-09 11:17:27,0.4695,mcoeth
1151,2019-09-09 11:17:27,1537.5532,omgusdt
1158,2019-09-09 11:17:32,5493.2547,btcusdt
1149,2019-09-09 11:17:32,23.7574,wtceth
1153,2019-09-09 11:17:39,474.1584,ltcusdt
1149,2019-09-09 11:17:42,3044.3825,ethusdt
1156,2019-09-09 11:17:44,3497.1006,etcusdt
1162,2019-09-09 11:17:44,0.7439,aeeth
1153,2019-09-09 11:17:49,4364.6719,ltcbtc
1160,2019-09-09 11:17:49,36.1546,zrxusdt
1153,2019-09-09 11:17:54,7.2209,gntusdt
1164,2019-09-09 11:17:54,1.0162,mcoeth
1159,2019-09-09 11:17:59,5796.6795,btcusdt
1157,2019-09-09 11:18:02,3988.9875,ethbtc
1150,2019-09-09 11:18:06,32.0436,wtceth
1152,2019-09-09 11:18:07,1140.6253,omgusdt
1157,2019-09-09 11:18:13,3711.4095,etcusdt
1150,2019-09-09 11:18:16,9623.086,ethusdt
1161,2019-09-09 11:18:17,137.7915,zrxusdt
1154,2019-09-09 11:18:21,4623.002,ltcbtc
1154,2019-09-09 11:18:23,5395.5759,ltcusdt
1163,2019-09-09 11:18:25,6.8598,aeeth
1165,2019-09-09 11:18:32,0.5736,mcoeth
1158,2019-09-09 11:18:38,12891.8941,ethbtc
1154,2019-09-09 11:18:38,21.3162,gntusdt
1160,2019-09-09 11:18:42,35714.1515,btcusdt
1151,2019-09-09 11:18:45,30.3158,wtceth
1151,2019-09-09 11:18:46,4761.5552,ethusdt
1153,2019-09-09 11:18:48,2508.0749,omgusdt
1162,2019-09-09 11:18:52,112.0975,zrxusdt
1158,2019-09-09 11:18:52,934.9976,etcusdt
1164,2019-09-09 11:18:55,7.5976,aeeth
1155,2019-09-09 11:18:59,4267.117,ltcbtc
1155,2019-09-09 11:19:00,2591.1622,ltcusdt
1166,2019-09-09 11:19:09,0.6423,mcoeth
1155,2019-09-09 11:19:11,2.7042,gntusdt
1152,2019-09-09 11:19:12,15.5012,wtceth
1159,2019-09-09 11:19:12,5790.615,ethbtc
1154,2019-09-09 11:19:19,2138.273,omgusdt
1161,2019-09-09 11:19:25,37254.3643,btcusdt
1156,2019-09-09 11:19:28,3613.7083,ltcusdt
1152,2019-09-09 11:19:28,13483.2177,ethusdt
1159,2019-09-09 11:19:29,2238.8641,etcusdt
1156,2019-09-09 11:19:30,3837.0339,ltcbtc
1163,2019-09-09 11:19:31,133.8478,zrxusdt
1167,2019-09-09 11:19:34,0.9268,mcoeth
1165,2019-09-09 11:19:39,2.698,aeeth
1153,2019-09-09 11:19:41,46.6689,wtceth
1155,2019-09-09 11:19:46,1670.3861,omgusdt
1160,2019-09-09 11:19:46,4784.331,ethbtc
1156,2019-09-09 11:19:56,5.8443,gntusdt
1162,2019-09-09 11:19:59,1782.2357,btcusdt
1157,2019-09-09 11:20:01,23.5587,ltcusdt
1157,2019-09-09 11:20:03,2861.0525,ltcbtc
1153,2019-09-09 11:20:04,9912.9008,ethusdt
1160,2019-09-09 11:20:08,1089.2662,etcusdt
1168,2019-09-09 11:20:10,1.0316,mcoeth
1164,2019-09-09 11:20:12,41.4695,zrxusdt
1161,2019-09-09 11:20:13,4039.1313,ethbtc
1166,2019-09-09 11:20:14,5.2436,aeeth
1154,2019-09-09 11:20:26,64.852,wtceth
1156,2019-09-09 11:20:28,2857.9803,omgusdt
1157,2019-09-09 11:20:31,23.6243,gntusdt
1163,2019-09-09 11:20:32,7839.2302,btcusdt
1154,2019-09-09 11:20:34,4054.7968,ethusdt
1158,2019-09-09 11:20:36,1146.0715,ltcusdt
1161,2019-09-09 11:20:37,920.8214,etcusdt
1169,2019-09-09 11:20:38,0.6407,mcoeth
1158,2019-09-09 11:20:42,4304.3506,ltcbtc
1165,2019-09-09 11:20:43,88.3342,zrxusdt
1155,2019-09-09 11:20:51,61.044,wtceth
1167,2019-09-09 11:20:53,0.9969,aeeth
1162,2019-09-09 11:20:53,3059.71,ethbtc
1158,2019-09-09 11:20:58,20.2874,gntusdt
1164,2019-09-09 11:20:58,32844.1141,btcusdt
1159,2019-09-09 11:21:02,2263.463,ltcusdt
1157,2019-09-09 11:21:03,3496.3516,omgusdt
1155,2019-09-09 11:21:03,4790.4335,ethusdt
1162,2019-09-09 11:21:04,2436.7594,etcusdt
1159,2019-09-09 11:21:13,2640.3537,ltcbtc
1170,2019-09-09 11:21:21,0.6362,mcoeth
1168,2019-09-09 11:21:22,6.871,aeeth
1163,2019-09-09 11:21:22,10255.6095,ethbtc
1166,2019-09-09 11:21:26,31.7899,zrxusdt
1159,2019-09-09 11:21:29,20.6713,gntusdt
1156,2019-09-09 11:21:30,45.0017,wtceth
1158,2019-09-09 11:21:34,157.8157,omgusdt
1165,2019-09-09 11:21:39,16713.8081,btcusdt
1160,2019-09-09 11:21:45,4255.5149,ltcusdt
1163,2019-09-09 11:21:45,417.2698,etcusdt
1156,2019-09-09 11:21:45,7582.0829,ethusdt
1160,2019-09-09 11:21:48,4734.917,ltcbtc
1164,2019-09-09 11:21:54,5357.1404,ethbtc
1171,2019-09-09 11:21:59,0.4588,mcoeth
1167,2019-09-09 11:22:05,15.0796,zrxusdt
1157,2019-09-09 11:22:06,46.1593,wtceth
1169,2019-09-09 11:22:07,4.5552,aeeth
1160,2019-09-09 11:22:07,20.423,gntusdt
1166,2019-09-09 11:22:09,21213.1777,btcusdt
1164,2019-09-09 11:22:12,3108.1856,etcusdt
1159,2019-09-09 11:22:13,3055.3974,omgusdt
1161,2019-09-09 11:22:14,4543.3329,ltcbtc
1161,2019-09-09 11:22:22,5258.6575,ltcusdt
1157,2019-09-09 11:22:25,3793.1994,ethusdt
1165,2019-09-09 11:22:29,9697.3335,ethbtc
1168,2019-09-09 11:22:33,4.0864,zrxusdt
1160,2019-09-09 11:22:39,1382.686,omgusdt
1161,2019-09-09 11:22:39,14.4047,gntusdt
1167,2019-09-09 11:22:39,1121.1172,btcusdt
1172,2019-09-09 11:22:41,0.674,mcoeth
1170,2019-09-09 11:22:42,3.7095,aeeth
1165,2019-09-09 11:22:43,84.7365,etcusdt
1158,2019-09-09 11:22:45,21.202,wtceth
1162,2019-09-09 11:22:48,2657.6928,ltcbtc
1162,2019-09-09 11:23:02,1924.4653,ltcusdt
1166,2019-09-09 11:23:04,7694.3687,ethbtc
1168,2019-09-09 11:23:08,19956.3661,btcusdt
1173,2019-09-09 11:23:08,0.175,mcoeth
1162,2019-09-09 11:23:08,11.2513,gntusdt
1158,2019-09-09 11:23:10,13133.0873,ethusdt
1166,2019-09-09 11:23:14,2946.3816,etcusdt
1169,2019-09-09 11:23:14,81.1644,zrxusdt
1163,2019-09-09 11:23:18,187.0447,ltcbtc
1161,2019-09-09 11:23:19,785.5117,omgusdt
1171,2019-09-09 11:23:24,3.3481,aeeth
1159,2019-09-09 11:23:25,35.7877,wtceth
1167,2019-09-09 11:23:30,1356.1313,ethbtc
1174,2019-09-09 11:23:34,0.3239,mcoeth
1169,2019-09-09 11:23:36,9203.8273,btcusdt
1163,2019-09-09 11:23:37,10.5026,gntusdt
1159,2019-09-09 11:23:37,12320.2883,ethusdt
1163,2019-09-09 11:23:41,4449.8633,ltcusdt
1162,2019-09-09 11:23:51,2855.5637,omgusdt
1170,2019-09-09 11:23:55,120.5337,zrxusdt
1164,2019-09-09 11:23:58,538.9004,ltcbtc
1167,2019-09-09 11:23:59,1741.1121,etcusdt
1160,2019-09-09 11:24:02,59.2961,wtceth
1170,2019-09-09 11:24:05,9665.4435,btcusdt
1168,2019-09-09 11:24:07,4858.8665,ethbtc
1175,2019-09-09 11:24:08,0.9266,mcoeth
1172,2019-09-09 11:24:08,3.7183,aeeth
1164,2019-09-09 11:24:09,14.5237,gntusdt
1160,2019-09-09 11:24:13,13708.3958,ethusdt
1164,2019-09-09 11:24:19,806.5249,ltcusdt
1171,2019-09-09 11:24:20,42.0256,zrxusdt
1168,2019-09-09 11:24:31,2309.7039,etcusdt
1161,2019-09-09 11:24:32,26.5597,wtceth
1165,2019-09-09 11:24:33,1859.2915,ltcbtc
1163,2019-09-09 11:24:36,886.6471,omgusdt
1173,2019-09-09 11:24:41,10.5777,aeeth
1169,2019-09-09 11:24:42,11888.3103,ethbtc
1171,2019-09-09 11:24:44,24260.6401,btcusdt
1165,2019-09-09 11:24:47,13.2825,gntusdt
1176,2019-09-09 11:24:47,0.6731,mcoeth
1172,2019-09-09 11:24:51,51.2262,zrxusdt
1165,2019-09-09 11:24:52,145.8855,ltcusdt
1161,2019-09-09 11:24:55,6192.1103,ethusdt
1166,2019-09-09 11:25:02,3673.1413,ltcbtc
1169,2019-09-09 11:25:06,3453.7226,etcusdt
1170,2019-09-09 11:25:07,12919.7658,ethbtc
1162,2019-09-09 11:25:09,50.8448,wtceth
1174,2019-09-09 11:25:13,0.3462,aeeth
1164,2019-09-09 11:25:15,2249.0811,omgusdt
1173,2019-09-09 11:25:20,48.7487,zrxusdt
1172,2019-09-09 11:25:20,29009.6805,btcusdt
1166,2019-09-09 11:25:24,1817.6261,ltcusdt
1177,2019-09-09 11:25:30,0.2691,mcoeth
1166,2019-09-09 11:25:32,19.1735,gntusdt
1167,2019-09-09 11:25:38,976.5601,ltcbtc
1171,2019-09-09 11:25:39,6241.8362,ethbtc
1162,2019-09-09 11:25:39,1628.8193,ethusdt
1175,2019-09-09 11:25:46,6.3514,aeeth
1170,2019-09-09 11:25:46,310.135,etcusdt
1163,2019-09-09 11:25:51,46.8916,wtceth
1165,2019-09-09 11:25:52,1535.712,omgusdt
1174,2019-09-09 11:25:54,82.4713,zrxusdt
1167,2019-09-09 11:25:55,1635.7293,ltcusdt
1173,2019-09-09 11:25:57,5835.5015,btcusdt
1172,2019-09-09 11:26:05,12750.4493,ethbtc
1178,2019-09-09 11:26:10,0.9914,mcoeth
1168,2019-09-09 11:26:11,5041.7096,ltcbtc
1163,2019-09-09 11:26:13,11455.0596,ethusdt
1167,2019-09-09 11:26:15,10.6985,gntusdt
1176,2019-09-09 11:26:15,10.0985,aeeth
1164,2019-09-09 11:26:23,7.0552,wtceth
1175,2019-09-09 11:26:25,125.2666,zrxusdt
1168,2019-09-09 11:26:28,1932.7677,ltcusdt
1171,2019-09-09 11:26:30,3354.6518,etcusdt
1174,2019-09-09 11:26:31,11213.204,btcusdt
1166,2019-09-09 11:26:36,157.0436,omgusdt
1173,2019-09-09 11:26:36,12595.6126,ethbtc
1169,2019-09-09 11:26:37,1352.3348,ltcbtc
1179,2019-09-09 11:26:39,0.4512,mcoeth
1168,2019-09-09 11:26:40,18.1731,gntusdt
1164,2019-09-09 11:26:41,7949.1529,ethusdt
1177,2019-09-09 11:26:45,9.9592,aeeth
1169,2019-09-09 11:26:53,936.1356,ltcusdt
1175,2019-09-09 11:27:00,2736.6636,btcusdt
1176,2019-09-09 11:27:02,79.8104,zrxusdt
1167,2019-09-09 11:27:05,2048.8339,omgusdt
1165,2019-09-09 11:27:05,60.574,wtceth
1180,2019-09-09 11:27:07,0.0311,mcoeth
1172,2019-09-09 11:27:11,3678.3429,etcusdt
1174,2019-09-09 11:27:18,5035.8102,ethbtc
1169,2019-09-09 11:27:19,18.1788,gntusdt
1170,2019-09-09 11:27:19,1473.4992,ltcbtc
1170,2019-09-09 11:27:22,4998.6271,ltcusdt
1178,2019-09-09 11:27:24,10.4066,aeeth
1165,2019-09-09 11:27:25,2257.8848,ethusdt
1181,2019-09-09 11:27:35,0.815,mcoeth
1177,2019-09-09 11:27:35,35.039,zrxusdt
1173,2019-09-09 11:27:36,3066.7976,etcusdt
1176,2019-09-09 11:27:36,44149.0287,btcusdt
1166,2019-09-09 11:27:37,9.4912,wtceth
1168,2019-09-09 11:27:37,2070.6917,omgusdt
1170,2019-09-09 11:27:49,5.7348,gntusdt
1166,2019-09-09 11:27:55,9351.1243,ethusdt
1175,2019-09-09 11:27:56,10352.4932,ethbtc
1171,2019-09-09 11:28:00,3605.5444,ltcbtc
1179,2019-09-09 11:28:04,0.1602,aeeth
1169,2019-09-09 11:28:07,298.1305,omgusdt
1171,2019-09-09 11:28:07,2210.4137,ltcusdt
1177,2019-09-09 11:28:09,5792.9533,btcusdt
1178,2019-09-09 11:28:11,21.2667,zrxusdt
1182,2019-09-09 11:28:13,0.1985,mcoeth
1174,2019-09-09 11:28:16,1092.2049,etcusdt
1167,2019-09-09 11:28:17,27.6395,wtceth
1171,2019-09-09 11:28:25,11.9602,gntusdt
1167,2019-09-09 11:28:34,11200.308,ethusdt
1176,2019-09-09 11:28:34,4177.6053,ethbtc
1172,2019-09-09 11:28:36,3323.25,ltcusdt
1170,2019-09-09 11:28:36,2435.5276,omgusdt
1180,2019-09-09 11:28:39,1.5498,aeeth
1172,2019-09-09 11:28:41,3725.3125,ltcbtc
1179,2019-09-09 11:28:42,40.4179,zrxusdt
1178,2019-09-09 11:28:48,42248.631,btcusdt
1175,2019-09-09 11:28:50,1394.5472,etcusdt
1168,2019-09-09 11:28:55,66.8103,wtceth
1172,2019-09-09 11:28:57,6.5356,gntusdt
1183,2019-09-09 11:28:58,0.4647,mcoeth
1171,2019-09-09 11:29:01,2527.6654,omgusdt
1173,2019-09-09 11:29:09,2056.8897,ltcbtc
1177,2019-09-09 11:29:10,12826.0391,ethbtc
1180,2019-09-09 11:29:11,87.2761,zrxusdt
1168,2019-09-09 11:29:13,7551.7044,ethusdt
1181,2019-09-09 11:29:16,5.6969,aeeth
1173,2019-09-09 11:29:18,1960.1672,ltcusdt
1179,2019-09-09 11:29:24,30967.9307,btcusdt
1184,2019-09-09 11:29:24,0.4478,mcoeth
1176,2019-09-09 11:29:26,2608.6594,etcusdt
1169,2019-09-09 11:29:29,34.9217,wtceth
1173,2019-09-09 11:29:33,8.8489,gntusdt
1172,2019-09-09 11:29:34,2374.5444,omgusdt
1174,2019-09-09 11:29:37,250.2217,ltcbtc
1182,2019-09-09 11:29:42,8.7168,aeeth
1181,2019-09-09 11:29:42,4.8715,zrxusdt
1185,2019-09-09 11:29:50,0.8233,mcoeth
1178,2019-09-09 11:29:54,11848.7353,ethbtc
1180,2019-09-09 11:29:56,42069.9683,btcusdt
1169,2019-09-09 11:29:57,9491.8126,ethusdt
1174,2019-09-09 11:29:57,2930.5917,ltcusdt
1173,2019-09-09 11:30:01,1929.0351,omgusdt
1170,2019-09-09 11:30:07,34.2715,wtceth
1177,2019-09-09 11:30:09,358.7495,etcusdt
1174,2019-09-09 11:30:11,23.3993,gntusdt
1183,2019-09-09 11:30:15,1.3923,aeeth
1186,2019-09-09 11:30:17,0.4187,mcoeth
1175,2019-09-09 11:30:17,3135.3868,ltcbtc
1179,2019-09-09 11:30:19,4313.635,ethbtc
1182,2019-09-09 11:30:26,104.1772,zrxusdt
1174,2019-09-09 11:30:30,2740.3535,omgusdt
1181,2019-09-09 11:30:32,12539.1373,btcusdt
1171,2019-09-09 11:30:34,1.4371,wtceth
1175,2019-09-09 11:30:40,659.8089,ltcusdt
1170,2019-09-09 11:30:42,5498.2304,ethusdt
1178,2019-09-09 11:30:43,2530.207,etcusdt
1180,2019-09-09 11:30:46,11261.3112,ethbtc
1176,2019-09-09 11:30:46,366.5069,ltcbtc
1184,2019-09-09 11:30:50,10.6615,aeeth
1175,2019-09-09 11:30:55,21.616,gntusdt
1187,2019-09-09 11:30:57,0.9979,mcoeth
1183,2019-09-09 11:30:58,135.7613,zrxusdt
1172,2019-09-09 11:31:01,2.1432,wtceth
1176,2019-09-09 11:31:06,3314.3915,ltcusdt
1182,2019-09-09 11:31:06,19512.0893,btcusdt
1175,2019-09-09 11:31:09,135.1389,omgusdt
1179,2019-09-09 11:31:10,1901.063,etcusdt
1181,2019-09-09 11:31:12,9393.0474,ethbtc
1171,2019-09-09 11:31:18,5041.0229,ethusdt
1177,2019-09-09 11:31:22,1052.3195,ltcbtc
1185,2019-09-09 11:31:26,3.584,aeeth
1184,2019-09-09 11:31:27,4.2409,zrxusdt
1173,2019-09-09 11:31:29,26.3569,wtceth
1176,2019-09-09 11:31:30,11.4356,gntusdt
1188,2019-09-09 11:31:31,1.0278,mcoeth
1180,2019-09-09 11:31:39,1694.3915,etcusdt
1176,2019-09-09 11:31:47,954.2639,omgusdt
1182,2019-09-09 11:31:47,2274.7379,ethbtc
1183,2019-09-09 11:31:49,21066.8439,btcusdt
1177,2019-09-09 11:31:50,2953.4563,ltcusdt
1178,2019-09-09 11:31:56,2387.3521,ltcbtc
1189,2019-09-09 11:31:57,0.5275,mcoeth
1172,2019-09-09 11:32:02,9075.122,ethusdt
1177,2019-09-09 11:32:05,24.4696,gntusdt
1185,2019-09-09 11:32:10,46.5888,zrxusdt
1186,2019-09-09 11:32:10,6.272,aeeth
1177,2019-09-09 11:32:13,3095.8719,omgusdt
1174,2019-09-09 11:32:14,31.5597,wtceth
1181,2019-09-09 11:32:20,2619.0564,etcusdt
1183,2019-09-09 11:32:23,3706.2014,ethbtc
1184,2019-09-09 11:32:28,27282.7088,btcusdt
1178,2019-09-09 11:32:34,3879.7513,ltcusdt
1173,2019-09-09 11:32:35,13598.4762,ethusdt
1179,2019-09-09 11:32:35,2752.6043,ltcbtc
1190,2019-09-09 11:32:39,0.5418,mcoeth
1175,2019-09-09 11:32:47,48.9448,wtceth
1178,2019-09-09 11:32:48,1574.0834,omgusdt
1187,2019-09-09 11:32:48,5.8065,aeeth
1178,2019-09-09 11:32:49,18.9654,gntusdt
1186,2019-09-09 11:32:51,23.3479,zrxusdt
1184,2019-09-09 11:32:59,12545.773,ethbtc
1182,2019-09-09 11:33:00,167.0072,etcusdt
1179,2019-09-09 11:33:04,2312.7944,ltcusdt
1185,2019-09-09 11:33:11,39548.0178,btcusdt
1174,2019-09-09 11:33:13,5784.4063,ethusdt
1180,2019-09-09 11:33:16,4804.8455,ltcbtc
1191,2019-09-09 11:33:18,0.6836,mcoeth
1179,2019-09-09 11:33:22,304.4852,omgusdt
1188,2019-09-09 11:33:25,2.2298,aeeth
1187,2019-09-09 11:33:26,94.563,zrxusdt
1176,2019-09-09 11:33:27,63.1579,wtceth
1179,2019-09-09 11:33:32,1.7117,gntusdt
1185,2019-09-09 11:33:38,12934.5007,ethbtc
1186,2019-09-09 11:33:38,13622.5332,btcusdt
1180,2019-09-09 11:33:43,1522.98,ltcusdt
1183,2019-09-09 11:33:44,2712.8021,etcusdt
1192,2019-09-09 11:33:45,0.9294,mcoeth
1175,2019-09-09 11:33:50,3430.703,ethusdt
1188,2019-09-09 11:33:55,69.1066,zrxusdt
1181,2019-09-09 11:33:56,4342.2516,ltcbtc
1177,2019-09-09 11:34:00,20.3994,wtceth
1180,2019-09-09 11:34:05,754.5087,omgusdt
1189,2019-09-09 11:34:05,7.883,aeeth
1186,2019-09-09 11:34:08,1615.9039,ethbtc
1184,2019-09-09 11:34:10,2826.6622,etcusdt
1180,2019-09-09 11:34:11,19.7367,gntusdt
1193,2019-09-09 11:34:11,0.7582,mcoeth
1181,2019-09-09 11:34:15,2326.6856,ltcusdt
1187,2019-09-09 11:34:18,1593.8153,btcusdt
1189,2019-09-09 11:34:23,47.6677,zrxusdt
1176,2019-09-09 11:34:23,5343.0907,ethusdt
1178,2019-09-09 11:34:29,24.4527,wtceth
1190,2019-09-09 11:34:33,10.1347,aeeth
1182,2019-09-09 11:34:34,4864.6874,ltcbtc
1181,2019-09-09 11:34:41,1651.2946,omgusdt
1188,2019-09-09 11:34:44,37857.3648,btcusdt
1187,2019-09-09 11:34:45,4387.4468,ethbtc
1181,2019-09-09 11:34:45,17.0267,gntusdt
1185,2019-09-09 11:34:46,3650.4205,etcusdt
1177,2019-09-09 11:34:50,8345.6581,ethusdt
1190,2019-09-09 11:34:50,90.149,zrxusdt
1194,2019-09-09 11:34:51,0.8758,mcoeth
1182,2019-09-09 11:34:53,1193.1077,ltcusdt
1179,2019-09-09 11:35:01,18.5888,wtceth
1191,2019-09-09 11:35:08,0.1126,aeeth
1182,2019-09-09 11:35:10,16.7143,gntusdt
1188,2019-09-09 11:35:15,3036.6231,ethbtc
1183,2019-09-09 11:35:16,2747.8414,ltcbtc
1191,2019-09-09 11:35:18,73.0735,zrxusdt
1189,2019-09-09 11:35:23,45935.0519,btcusdt
1178,2019-09-09 11:35:25,5500.6404,ethusdt
1182,2019-09-09 11:35:26,1768.0736,omgusdt
1183,2019-09-09 11:35:26,558.356,ltcusdt
1195,2019-09-09 11:35:29,0.8432,mcoeth
1186,2019-09-09 11:35:31,1077.7823,etcusdt
1189,2019-09-09 11:35:40,10399.8797,ethbtc
1183,2019-09-09 11:35:43,2.3085,gntusdt
1180,2019-09-09 11:35:44,38.6727,wtceth
1192,2019-09-09 11:35:47,49.643,zrxusdt
1184,2019-09-09 11:35:49,1361.2817,ltcbtc
1192,2019-09-09 11:35:53,9.3156,aeeth
1183,2019-09-09 11:35:53,2093.686,omgusdt
1190,2019-09-09 11:35:58,31235.8181,btcusdt
1184,2019-09-09 11:36:03,162.2265,ltcusdt
1196,2019-09-09 11:36:05,0.5614,mcoeth
1179,2019-09-09 11:36:06,2832.4881,ethusdt
1187,2019-09-09 11:36:07,2728.641,etcusdt
1190,2019-09-09 11:36:09,2703.7324,ethbtc
1193,2019-09-09 11:36:20,9.9775,aeeth
1184,2019-09-09 11:36:21,1391.1778,omgusdt
1184,2019-09-09 11:36:25,3.4886,gntusdt
1181,2019-09-09 11:36:28,46.9923,wtceth
1185,2019-09-09 11:36:29,232.0534,ltcbtc
1193,2019-09-09 11:36:29,43.3436,zrxusdt
1197,2019-09-09 11:36:32,0.5692,mcoeth
1191,2019-09-09 11:36:34,30699.7689,btcusdt
1191,2019-09-09 11:36:37,6177.9162,ethbtc
1185,2019-09-09 11:36:37,2705.5944,ltcusdt
1180,2019-09-09 11:36:41,303.7756,ethusdt
1194,2019-09-09 11:36:52,3.805,aeeth
1188,2019-09-09 11:36:52,3358.2152,etcusdt
1182,2019-09-09 11:37:00,51.3967,wtceth
1185,2019-09-09 11:37:00,3.0052,gntusdt
1185,2019-09-09 11:37:01,134.7949,omgusdt
1194,2019-09-09 11:37:03,0.7229,zrxusdt
1186,2019-09-09 11:37:05,2609.6788,ltcbtc
1192,2019-09-09 11:37:06,39111.7298,btcusdt
1181,2019-09-09 11:37:09,4900.9763,ethusdt
1186,2019-09-09 11:37:13,5111.9482,ltcusdt
1198,2019-09-09 11:37:16,0.1045,mcoeth
1192,2019-09-09 11:37:19,10309.3734,ethbtc
1189,2019-09-09 11:37:26,3421.1808,etcusdt
1186,2019-09-09 11:37:28,17.0813,gntusdt
1183,2019-09-09 11:37:29,2.6598,wtceth
1195,2019-09-09 11:37:32,3.1424,aeeth
1195,2019-09-09 11:37:32,67.9034,zrxusdt
1193,2019-09-09 11:37:36,30247.643,btcusdt
1186,2019-09-09 11:37:36,3099.3263,omgusdt
1187,2019-09-09 11:37:39,1606.8433,ltcbtc
1199,2019-09-09 11:37:41,0.9382,mcoeth
1187,2019-09-09 11:37:48,1643.4599,ltcusdt
1182,2019-09-09 11:37:53,12360.8162,ethusdt
1193,2019-09-09 11:37:56,4291.9089,ethbtc
1196,2019-09-09 11:37:59,27.6818,zrxusdt
1187,2019-09-09 11:38:05,6.5445,gntusdt
1190,2019-09-09 11:38:05,1496.7297,etcusdt
1187,2019-09-09 11:38:06,3520.864,omgusdt
1196,2019-09-09 11:38:07,2.9224,aeeth
1200,2019-09-09 11:38:07,0.21,mcoeth
1194,2019-09-09 11:38:10,10693.1138,btcusdt
1184,2019-09-09 11:38:12,25.336,wtceth
1188,2019-09-09 11:38:17,2851.1925,ltcbtc
1188,2019-09-09 11:38:20,5300.5445,ltcusdt
1197,2019-09-09 11:38:25,105.666,zrxusdt
1194,2019-09-09 11:38:27,2145.5829,ethbtc
1183,2019-09-09 11:38:31,7279.5508,ethusdt
1201,2019-09-09 11:38:35,0.7741,mcoeth
1189,2019-09-09 11:38:42,3737.102,ltcbtc
1197,2019-09-09 11:38:44,7.0909,aeeth
1185,2019-09-09 11:38:45,14.7754,wtceth
1195,2019-09-09 11:38:46,31039.7158,btcusdt
1189,2019-09-09 11:38:47,1415.1669,ltcusdt
1191,2019-09-09 11:38:48,1052.241,etcusdt
1188,2019-09-09 11:38:49,2.7126,gntusdt
1188,2019-09-09 11:38:49,1828.2567,omgusdt
1198,2019-09-09 11:38:50,41.8394,zrxusdt
1195,2019-09-09 11:39:05,10155.8805,ethbtc
1192,2019-09-09 11:39:14,639.4652,etcusdt
1184,2019-09-09 11:39:16,7385.0933,ethusdt
1196,2019-09-09 11:39:16,1961.1916,btcusdt
1198,2019-09-09 11:39:16,5.5643,aeeth
1202,2019-09-09 11:39:18,0.5233,mcoeth
1186,2019-09-09 11:39:21,51.0978,wtceth
1190,2019-09-09 11:39:26,456.0897,ltcbtc
1199,2019-09-09 11:39:26,62.5901,zrxusdt
1190,2019-09-09 11:39:26,2447.1117,ltcusdt
1189,2019-09-09 11:39:29,224.0419,omgusdt
1189,2019-09-09 11:39:30,8.1388,gntusdt
1185,2019-09-09 11:39:44,11887.5373,ethusdt
1196,2019-09-09 11:39:46,8786.7899,ethbtc
1199,2019-09-09 11:39:47,6.5527,aeeth
1193,2019-09-09 11:39:48,495.5735,etcusdt
1203,2019-09-09 11:39:52,0.7249,mcoeth
1191,2019-09-09 11:39:55,4372.3984,ltcbtc
1190,2019-09-09 11:39:58,220.3517,omgusdt
1197,2019-09-09 11:40:00,39740.3141,btcusdt
1187,2019-09-09 11:40:00,34.2047,wtceth
1190,2019-09-09 11:40:02,11.9796,gntusdt
1191,2019-09-09 11:40:09,4648.5561,ltcusdt
1200,2019-09-09 11:40:11,96.0958,zrxusdt
1194,2019-09-09 11:40:17,3334.1129,etcusdt
1186,2019-09-09 11:40:18,11332.6948,ethusdt
1200,2019-09-09 11:40:26,8.9839,aeeth
1198,2019-09-09 11:40:27,18874.9126,btcusdt
1197,2019-09-09 11:40:29,3543.6062,ethbtc
1188,2019-09-09 11:40:31,51.0985,wtceth
1192,2019-09-09 11:40:31,46.6249,ltcbtc
1204,2019-09-09 11:40:32,0.9867,mcoeth
1191,2019-09-09 11:40:34,3.8559,gntusdt
1191,2019-09-09 11:40:36,1011.3151,omgusdt
1195,2019-09-09 11:40:47,1684.2992,etcusdt
1187,2019-09-09 11:40:48,12044.1982,ethusdt
1192,2019-09-09 11:40:49,4228.2039,ltcusdt
1201,2019-09-09 11:40:54,72.2907,zrxusdt
1192,2019-09-09 11:41:02,14.4158,gntusdt
1193,2019-09-09 11:41:02,693.037,ltcbtc
1205,2019-09-09 11:41:02,0.0736,mcoeth
1201,2019-09-09 11:41:03,4.0048,aeeth
1199,2019-09-09 11:41:08,9200.505,btcusdt
1198,2019-09-09 11:41:11,8462.5499,ethbtc
1189,2019-09-09 11:41:12,3.1976,wtceth
1192,2019-09-09 11:41:13,405.9531,omgusdt
1196,2019-09-09 11:41:16,2126.245,etcusdt
1193,2019-09-09 11:41:18,2742.6908,ltcusdt
1188,2019-09-09 11:41:22,8168.7981,ethusdt
1202,2019-09-09 11:41:29,107.3047,zrxusdt
1202,2019-09-09 11:41:32,4.8005,aeeth
1199,2019-09-09 11:41:36,10407.3058,ethbtc
1194,2019-09-09 11:41:39,1021.5867,ltcbtc
1190,2019-09-09 11:41:41,42.8074,wtceth
1193,2019-09-09 11:41:43,6.1063,gntusdt
1206,2019-09-09 11:41:47,0.5971,mcoeth
1193,2019-09-09 11:41:47,1140.3106,omgusdt
1200,2019-09-09 11:41:47,27862.8305,btcusdt
1189,2019-09-09 11:41:53,10799.2916,ethusdt
1197,2019-09-09 11:41:59,171.4775,etcusdt
1194,2019-09-09 11:42:00,2007.3353,ltcusdt
1194,2019-09-09 11:42:08,21.7768,gntusdt
1200,2019-09-09 11:42:08,6654.3433,ethbtc
1203,2019-09-09 11:42:10,137.3702,zrxusdt
1195,2019-09-09 11:42:10,454.598,ltcbtc
1203,2019-09-09 11:42:13,4.4415,aeeth
1194,2019-09-09 11:42:14,2433.9367,omgusdt
1207,2019-09-09 11:42:22,0.3055,mcoeth
1198,2019-09-09 11:42:24,1463.6513,etcusdt
1191,2019-09-09 11:42:25,66.1197,wtceth
1201,2019-09-09 11:42:31,40900.58,btcusdt
1195,2019-09-09 11:42:35,4277.6111,ltcusdt
1190,2019-09-09 11:42:37,11506.795,ethusdt
1195,2019-09-09 11:42:41,1.9481,gntusdt
1196,2019-09-09 11:42:44,1112.5035,ltcbtc
1201,2019-09-09 11:42:48,1449.9427,ethbtc
1204,2019-09-09 11:42:49,2.308,aeeth
1199,2019-09-09 11:42:53,46.4608,etcusdt
1204,2019-09-09 11:42:55,75.794,zrxusdt
1192,2019-09-09 11:42:56,40.3244,wtceth
1195,2019-09-09 11:42:58,3317.8925,omgusdt
1202,2019-09-09 11:43:00,30365.0308,btcusdt
1208,2019-09-09 11:43:02,0.1374,mcoeth
1191,2019-09-09 11:43:03,2903.2867,ethusdt
1197,2019-09-09 11:43:14,1741.7359,ltcbtc
1202,2019-09-09 11:43:15,11099.4232,ethbtc
1196,2019-09-09 11:43:20,967.5308,ltcusdt
1205,2019-09-09 11:43:23,115.5,zrxusdt
1196,2019-09-09 11:43:24,8.3917,gntusdt
1205,2019-09-09 11:43:24,10.655,aeeth
1193,2019-09-09 11:43:26,14.1145,wtceth
1192,2019-09-09 11:43:28,11202.3269,ethusdt
1203,2019-09-09 11:43:28,9536.3768,btcusdt
1200,2019-09-09 11:43:32,2396.198,etcusdt
1196,2019-09-09 11:43:39,3243.2773,omgusdt
1209,2019-09-09 11:43:41,0.5175,mcoeth
1203,2019-09-09 11:43:42,1428.951,ethbtc
1206,2019-09-09 11:43:50,118.0439,zrxusdt
1198,2019-09-09 11:43:51,2780.6891,ltcbtc
1204,2019-09-09 11:43:55,6641.7364,btcusdt
1194,2019-09-09 11:43:58,46.3087,wtceth
1206,2019-09-09 11:44:01,3.5662,aeeth
1193,2019-09-09 11:44:01,2655.2122,ethusdt
1197,2019-09-09 11:44:02,3562.4941,ltcusdt
1197,2019-09-09 11:44:07,3239.2396,omgusdt
1197,2019-09-09 11:44:08,24.7437,gntusdt
1204,2019-09-09 11:44:11,9299.9348,ethbtc
1201,2019-09-09 11:44:12,2195.8739,etcusdt
1210,2019-09-09 11:44:17,0.1322,mcoeth
1207,2019-09-09 11:44:26,79.214,zrxusdt
1198,2019-09-09 11:44:29,975.9829,ltcusdt
1199,2019-09-09 11:44:31,1414.9069,ltcbtc
1205,2019-09-09 11:44:32,12030.1957,btcusdt
1195,2019-09-09 11:44:35,30.4917,wtceth
1198,2019-09-09 11:44:35,2681.0122,omgusdt
1205,2019-09-09 11:44:38,633.3855,ethbtc
1207,2019-09-09 11:44:40,11.1693,aeeth
1194,2019-09-09 11:44:45,4992.1436,ethusdt
1202,2019-09-09 11:44:48,2988.0429,etcusdt
1198,2019-09-09 11:44:49,1.6707,gntusdt
1211,2019-09-09 11:44:55,0.6581,mcoeth
1208,2019-09-09 11:44:58,59.3778,zrxusdt
1206,2019-09-09 11:45:04,3565.1052,ethbtc
1208,2019-09-09 11:45:07,1.3688,aeeth
1199,2019-09-09 11:45:08,2180.0496,omgusdt
1196,2019-09-09 11:45:09,34.9868,wtceth
1200,2019-09-09 11:45:10,2191.7231,ltcbtc
1206,2019-09-09 11:45:12,30829.3654,btcusdt
1199,2019-09-09 11:45:14,3060.3438,ltcusdt
1212,2019-09-09 11:45:20,0.6674,mcoeth
1203,2019-09-09 11:45:22,120.2928,etcusdt
1195,2019-09-09 11:45:26,3571.7389,ethusdt
1199,2019-09-09 11:45:30,20.4345,gntusdt
1207,2019-09-09 11:45:36,2846.3544,ethbtc
1209,2019-09-09 11:45:36,6.6909,aeeth
1200,2019-09-09 11:45:40,2918.0107,omgusdt
1209,2019-09-09 11:45:42,41.4505,zrxusdt
1207,2019-09-09 11:45:45,40294.1809,btcusdt
1200,2019-09-09 11:45:51,988.2318,ltcusdt
1197,2019-09-09 11:45:52,30.8022,wtceth
1201,2019-09-09 11:45:52,3625.4225,ltcbtc
1200,2019-09-09 11:45:59,12.5657,gntusdt
1204,2019-09-09 11:46:01,1375.0596,etcusdt
1213,2019-09-09 11:46:01,0.5651,mcoeth
1196,2019-09-09 11:46:03,6607.7681,ethusdt
1208,2019-09-09 11:46:12,9686.1767,ethbtc
1210,2019-09-09 11:46:12,4.8968,aeeth
1201,2019-09-09 11:46:14,2480.1909,omgusdt
1210,2019-09-09 11:46:17,87.3424,zrxusdt
1208,2019-09-09 11:46:21,17864.0918,btcusdt
1198,2019-09-09 11:46:22,41.9754,wtceth
1201,2019-09-09 11:46:23,1990.0059,ltcusdt
1202,2019-09-09 11:46:34,3348.5884,ltcbtc
1197,2019-09-09 11:46:35,5425.1702,ethusdt
1201,2019-09-09 11:46:36,11.2573,gntusdt
1211,2019-09-09 11:46:44,3.8319,aeeth
1205,2019-09-09 11:46:44,76.8804,etcusdt
1214,2019-09-09 11:46:45,0.0138,mcoeth
1202,2019-09-09 11:46:48,1723.4697,ltcusdt
1209,2019-09-09 11:46:49,12821.9016,ethbtc
1202,2019-09-09 11:46:54,3311.4409,omgusdt
1209,2019-09-09 11:46:58,40074.048,btcusdt
1211,2019-09-09 11:46:58,88.1315,zrxusdt
1199,2019-09-09 11:47:03,21.5594,wtceth
1202,2019-09-09 11:47:13,18.6727,gntusdt
1198,2019-09-09 11:47:16,13791.6177,ethusdt
1203,2019-09-09 11:47:16,1941.2744,ltcbtc
1215,2019-09-09 11:47:18,0.3905,mcoeth
1203,2019-09-09 11:47:20,4323.0563,ltcusdt
1206,2019-09-09 11:47:21,335.8762,etcusdt
1212,2019-09-09 11:47:21,7.336,aeeth
1210,2019-09-09 11:47:28,26808.8611,btcusdt
1210,2019-09-09 11:47:31,7726.512,ethbtc
1200,2019-09-09 11:47:32,58.4747,wtceth
1203,2019-09-09 11:47:36,457.3646,omgusdt
1212,2019-09-09 11:47:39,121.8046,zrxusdt
1203,2019-09-09 11:47:41,4.6733,gntusdt
1204,2019-09-09 11:47:42,3216.2796,ltcbtc
1207,2019-09-09 11:47:49,2845.8441,etcusdt
1213,2019-09-09 11:47:49,0.9718,aeeth
1216,2019-09-09 11:47:52,0.6769,mcoeth
1199,2019-09-09 11:47:54,1371.9126,ethusdt
1204,2019-09-09 11:47:58,2379.3341,ltcusdt
1204,2019-09-09 11:48:02,461.3557,omgusdt
1201,2019-09-09 11:48:04,64.2189,wtceth
1213,2019-09-09 11:48:05,115.8406,zrxusdt
1211,2019-09-09 11:48:07,1153.6491,ethbtc
1205,2019-09-09 11:48:07,1998.6367,ltcbtc
1211,2019-09-09 11:48:12,28712.7829,btcusdt
1204,2019-09-09 11:48:21,23.8464,gntusdt
1214,2019-09-09 11:48:25,6.944,aeeth
1200,2019-09-09 11:48:30,10547.963,ethusdt
1208,2019-09-09 11:48:30,15.2284,etcusdt
1217,2019-09-09 11:48:31,0.3217,mcoeth
1205,2019-09-09 11:48:32,4193.0837,ltcusdt
1214,2019-09-09 11:48:33,89.4146,zrxusdt
1206,2019-09-09 11:48:42,1349.0185,ltcbtc
1202,2019-09-09 11:48:45,37.0977,wtceth
1205,2019-09-09 11:48:45,2101.7627,omgusdt
1212,2019-09-09 11:48:48,11715.8289,ethbtc
1205,2019-09-09 11:48:49,15.2209,gntusdt
1212,2019-09-09 11:48:57,39018.0538,btcusdt
1206,2019-09-09 11:49:02,2597.5525,ltcusdt
1201,2019-09-09 11:49:08,12020.7694,ethusdt
1218,2019-09-09 11:49:08,0.6723,mcoeth
1215,2019-09-09 11:49:10,7.1316,aeeth
1207,2019-09-09 11:49:12,4653.7143,ltcbtc
1206,2019-09-09 11:49:13,1974.2385,omgusdt
1215,2019-09-09 11:49:13,61.2869,zrxusdt
1209,2019-09-09 11:49:15,465.8887,etcusdt
1203,2019-09-09 11:49:17,67.1893,wtceth
1213,2019-09-09 11:49:21,11910.9045,ethbtc
1206,2019-09-09 11:49:28,4.4018,gntusdt
1219,2019-09-09 11:49:35,0.5712,mcoeth
1213,2019-09-09 11:49:41,42913.2245,btcusdt
1216,2019-09-09 11:49:43,3.3463,aeeth
1210,2019-09-09 11:49:44,610.4429,etcusdt
1204,2019-09-09 11:49:44,4.2273,wtceth
1207,2019-09-09 11:49:44,328.8696,ltcusdt
1207,2019-09-09 11:49:48,2116.9535,omgusdt
1202,2019-09-09 11:49:51,12780.3082,ethusdt
1208,2019-09-09 11:49:56,318.9598,ltcbtc
1216,2019-09-09 11:49:57,100.5675,zrxusdt
1214,2019-09-09 11:50:01,1829.8289,ethbtc
1208,2019-09-09 11:50:10,2004.85,ltcusdt
1205,2019-09-09 11:50:10,13.0742,wtceth
1207,2019-09-09 11:50:11,7.0804,gntusdt
1220,2019-09-09 11:50:11,0.1716,mcoeth
1214,2019-09-09 11:50:20,24978.7085,btcusdt
1217,2019-09-09 11:50:21,9.0669,aeeth
1208,2019-09-09 11:50:26,2919.8074,omgusdt
1211,2019-09-09 11:50:29,31.8567,etcusdt
1215,2019-09-09 11:50:29,7630.3221,ethbtc
1217,2019-09-09 11:50:34,68.5129,zrxusdt
1208,2019-09-09 11:50:36,13.3202,gntusdt
1203,2019-09-09 11:50:36,10455.2445,ethusdt
1209,2019-09-09 11:50:36,245.745,ltcbtc
1209,2019-09-09 11:50:38,148.1158,ltcusdt
1206,2019-09-09 11:50:41,43.8027,wtceth
1215,2019-09-09 11:50:46,16217.9319,btcusdt
1218,2019-09-09 11:50:51,9.1684,aeeth
1221,2019-09-09 11:50:53,0.8762,mcoeth
1209,2019-09-09 11:50:55,3333.2533,omgusdt
1209,2019-09-09 11:51:01,22.3124,gntusdt
1218,2019-09-09 11:51:06,8.5635,zrxusdt
1216,2019-09-09 11:51:10,7146.7974,ethbtc
1212,2019-09-09 11:51:11,71.9441,etcusdt
1216,2019-09-09 11:51:11,9400.5,btcusdt
1207,2019-09-09 11:51:15,52.9714,wtceth
1210,2019-09-09 11:51:17,1253.7454,ltcbtc
1204,2019-09-09 11:51:21,5275.5261,ethusdt
1210,2019-09-09 11:51:21,4890.616,ltcusdt
1219,2019-09-09 11:51:28,2.3929,aeeth
1210,2019-09-09 11:51:31,1877.7971,omgusdt
1222,2019-09-09 11:51:32,0.33,mcoeth
1210,2019-09-09 11:51:36,1.0182,gntusdt
1211,2019-09-09 11:51:46,1353.2136,ltcusdt
1205,2019-09-09 11:51:47,216.4122,ethusdt
1208,2019-09-09 11:51:47,17.8374,wtceth
1211,2019-09-09 11:51:47,1583.9892,ltcbtc
1217,2019-09-09 11:51:51,39432.5231,btcusdt
1219,2019-09-09 11:51:51,117.6149,zrxusdt
1217,2019-09-09 11:51:53,8166.5305,ethbtc
1213,2019-09-09 11:51:54,1426.95,etcusdt
1211,2019-09-09 11:51:57,517.035,omgusdt
1223,2019-09-09 11:51:59,0.8771,mcoeth
1211,2019-09-09 11:52:09,17.7619,gntusdt
1212,2019-09-09 11:52:12,5203.1742,ltcusdt
1220,2019-09-09 11:52:13,4.7549,aeeth
1212,2019-09-09 11:52:17,3951.1107,ltcbtc
1206,2019-09-09 11:52:19,13064.3626,ethusdt
1209,2019-09-09 11:52:23,10.3494,wtceth
1218,2019-09-09 11:52:25,3939.5505,ethbtc
1220,2019-09-09 11:52:30,52.6688,zrxusdt
1214,2019-09-09 11:52:30,3287.0053,etcusdt
1218,2019-09-09 11:52:35,38452.6517,btcusdt
1212,2019-09-09 11:52:36,3100.4422,omgusdt
1224,2019-09-09 11:52:36,0.2458,mcoeth
1212,2019-09-09 11:52:37,17.645,gntusdt
1213,2019-09-09 11:52:43,715.2459,ltcusdt
1213,2019-09-09 11:52:46,1876.6722,ltcbtc
1210,2019-09-09 11:52:53,44.3662,wtceth
1221,2019-09-09 11:52:57,9.0815,aeeth
1207,2019-09-09 11:53:03,8716.5391,ethusdt
1225,2019-09-09 11:53:05,0.9078,mcoeth
1219,2019-09-09 11:53:08,11872.2754,ethbtc
1219,2019-09-09 11:53:09,33480.5796,btcusdt
1215,2019-09-09 11:53:13,521.0723,etcusdt
1213,2019-09-09 11:53:15,552.928,omgusdt
1221,2019-09-09 11:53:15,112.5917,zrxusdt
1214,2019-09-09 11:53:18,2189.0952,ltcusdt
1213,2019-09-09 11:53:18,23.508,gntusdt
1214,2019-09-09 11:53:20,4023.3298,ltcbtc
1222,2019-09-09 11:53:23,7.7106,aeeth
1208,2019-09-09 11:53:29,6613.2259,ethusdt
1226,2019-09-09 11:53:32,0.7747,mcoeth
1211,2019-09-09 11:53:32,7.9443,wtceth
1220,2019-09-09 11:53:40,11782.5703,ethbtc
1222,2019-09-09 11:53:41,114.0385,zrxusdt
1214,2019-09-09 11:53:44,16.589,gntusdt
1215,2019-09-09 11:53:45,2546.5806,ltcusdt
1220,2019-09-09 11:53:48,29071.8309,btcusdt
1214,2019-09-09 11:53:49,545.0936,omgusdt
1216,2019-09-09 11:53:53,571.0209,etcusdt
1223,2019-09-09 11:53:59,2.6912,aeeth
1215,2019-09-09 11:54:04,122.5604,ltcbtc
1209,2019-09-09 11:54:05,8002.4584,ethusdt
1227,2019-09-09 11:54:07,0.5389,mcoeth
1223,2019-09-09 11:54:07,114.9393,zrxusdt
1216,2019-09-09 11:54:14,2538.7322,ltcusdt
1212,2019-09-09 11:54:17,39.6029,wtceth
1215,2019-09-09 11:54:19,12.5615,gntusdt
1221,2019-09-09 11:54:20,41507.5873,btcusdt
1215,2019-09-09 11:54:20,2204.5813,omgusdt
1221,2019-09-09 11:54:21,3403.9361,ethbtc
1217,2019-09-09 11:54:27,2679.8691,etcusdt
1224,2019-09-09 11:54:32,8.5316,aeeth
1224,2019-09-09 11:54:35,21.1472,zrxusdt
1210,2019-09-09 11:54:37,946.4467,ethusdt
1216,2019-09-09 11:54:40,1223.9418,ltcbtc
1217,2019-09-09 11:54:43,1934.6521,ltcusdt
1222,2019-09-09 11:54:50,11137.6182,ethbtc
1228,2019-09-09 11:54:50,0.3383,mcoeth
1216,2019-09-09 11:54:50,25.0263,gntusdt
1222,2019-09-09 11:54:52,45373.5044,btcusdt
1225,2019-09-09 11:54:58,9.9848,aeeth
1213,2019-09-09 11:54:59,21.4868,wtceth
1216,2019-09-09 11:55:05,2699.893,omgusdt
1218,2019-09-09 11:55:08,3536.9631,etcusdt
1211,2019-09-09 11:55:12,7537.7603,ethusdt
1225,2019-09-09 11:55:18,91.1838,zrxusdt
1223,2019-09-09 11:55:20,16009.6744,btcusdt
1217,2019-09-09 11:55:21,2997.9656,ltcbtc
1217,2019-09-09 11:55:25,7.2015,gntusdt
1218,2019-09-09 11:55:28,3834.9762,ltcusdt
1223,2019-09-09 11:55:29,863.2248,ethbtc
1214,2019-09-09 11:55:29,45.5358,wtceth
1217,2019-09-09 11:55:31,1594.8836,omgusdt
1229,2019-09-09 11:55:32,0.9112,mcoeth
1226,2019-09-09 11:55:43,4.009,aeeth
1212,2019-09-09 11:55:48,4827.8589,ethusdt
1219,2019-09-09 11:55:49,646.8892,etcusdt
1226,2019-09-09 11:55:53,12.6215,zrxusdt
1219,2019-09-09 11:55:54,4136.1274,ltcusdt
1224,2019-09-09 11:55:56,40641.2524,btcusdt
1218,2019-09-09 11:55:57,3910.6277,ltcbtc
1215,2019-09-09 11:55:59,19.4565,wtceth
1218,2019-09-09 11:56:01,0.1788,gntusdt
1224,2019-09-09 11:56:02,9309.5656,ethbtc
1218,2019-09-09 11:56:04,2651.3494,omgusdt
1230,2019-09-09 11:56:07,0.0084,mcoeth
1227,2019-09-09 11:56:15,11.4046,aeeth
1213,2019-09-09 11:56:25,11002.1888,ethusdt
1227,2019-09-09 11:56:26,61.6017,zrxusdt
1216,2019-09-09 11:56:27,29.2392,wtceth
1220,2019-09-09 11:56:31,1696.7479,etcusdt
1220,2019-09-09 11:56:32,5263.199,ltcusdt
1219,2019-09-09 11:56:38,24.6396,gntusdt
1225,2019-09-09 11:56:41,14084.4093,btcusdt
1219,2019-09-09 11:56:41,1850.6403,ltcbtc
1225,2019-09-09 11:56:42,5591.4556,ethbtc
1231,2019-09-09 11:56:45,0.4559,mcoeth
1228,2019-09-09 11:56:48,9.2544,aeeth
1219,2019-09-09 11:56:48,1538.8089,omgusdt
1217,2019-09-09 11:56:58,58.6385,wtceth
1221,2019-09-09 11:57:04,1106.1822,ltcusdt
1228,2019-09-09 11:57:06,30.4735,zrxusdt
1220,2019-09-09 11:57:07,140.8398,ltcbtc
1226,2019-09-09 11:57:08,25163.9179,btcusdt
1214,2019-09-09 11:57:09,10444.3515,ethusdt
1221,2019-09-09 11:57:09,1229.5717,etcusdt
1220,2019-09-09 11:57:12,22.2902,gntusdt
1232,2019-09-09 11:57:12,0.973,mcoeth
1220,2019-09-09 11:57:16,862.5556,omgusdt
1226,2019-09-09 11:57:23,4209.1971,ethbtc
1229,2019-09-09 11:57:27,6.8829,aeeth
1215,2019-09-09 11:57:36,3560.2023,ethusdt
1218,2019-09-09 11:57:41,22.1491,wtceth
1227,2019-09-09 11:57:41,41369.4243,btcusdt
1222,2019-09-09 11:57:45,2351.127,etcusdt
1221,2019-09-09 11:57:46,11.4513,ltcbtc
1222,2019-09-09 11:57:47,2467.0276,ltcusdt
1221,2019-09-09 11:57:49,6.2414,gntusdt
1229,2019-09-09 11:57:49,44.3602,zrxusdt
1221,2019-09-09 11:57:54,3258.0252,omgusdt
1233,2019-09-09 11:57:56,0.6717,mcoeth
1227,2019-09-09 11:58:01,11111.341,ethbtc
1216,2019-09-09 11:58:01,7584.1469,ethusdt
1228,2019-09-09 11:58:06,821.6782,btcusdt
1230,2019-09-09 11:58:06,4.8703,aeeth
1223,2019-09-09 11:58:10,1204.9334,etcusdt
1222,2019-09-09 11:58:16,707.6948,ltcbtc
1219,2019-09-09 11:58:20,45.1395,wtceth
1223,2019-09-09 11:58:22,2883.2707,ltcusdt
1230,2019-09-09 11:58:23,23.3008,zrxusdt
1222,2019-09-09 11:58:24,1927.5819,omgusdt
1222,2019-09-09 11:58:28,5.8166,gntusdt
1234,2019-09-09 11:58:29,0.6032,mcoeth
1217,2019-09-09 11:58:35,5454.2333,ethusdt
1229,2019-09-09 11:58:35,35124.6494,btcusdt
1231,2019-09-09 11:58:41,7.4584,aeeth
1228,2019-09-09 11:58:44,8403.5265,ethbtc
1223,2019-09-09 11:58:47,1119.3318,ltcbtc
1231,2019-09-09 11:58:48,41.1986,zrxusdt
1224,2019-09-09 11:58:49,766.5624,etcusdt
1223,2019-09-09 11:58:56,22.0151,gntusdt
1224,2019-09-09 11:58:59,5472.3341,ltcusdt
1220,2019-09-09 11:59:00,67.4653,wtceth
1223,2019-09-09 11:59:03,697.1751,omgusdt
1230,2019-09-09 11:59:04,2254.1302,btcusdt
1235,2019-09-09 11:59:09,0.9361,mcoeth
1218,2019-09-09 11:59:20,4841.0007,ethusdt
1232,2019-09-09 11:59:22,10.6979,aeeth
1229,2019-09-09 11:59:24,350.353,ethbtc
1232,2019-09-09 11:59:25,105.0043,zrxusdt
1224,2019-09-09 11:59:26,4278.0808,ltcbtc
1221,2019-09-09 11:59:26,5.6339,wtceth
1225,2019-09-09 11:59:29,1993.4267,etcusdt
1225,2019-09-09 11:59:36,5454.5097,ltcusdt
1224,2019-09-09 11:59:36,1.3915,gntusdt
1236,2019-09-09 11:59:38,0.854,mcoeth
1231,2019-09-09 11:59:47,19711.0853,btcusdt
1224,2019-09-09 11:59:47,3.1091,omgusdt
1230,2019-09-09 11:59:49,8790.257,ethbtc
1222,2019-09-09 11:59:52,12.7017,wtceth
1225,2019-09-09 11:59:56,184.4607,ltcbtc
1226,2019-09-09 12:00:25,3466.7914,ltcusdt
1232,2019-09-09 12:00:27,30885.3119,btcusdt
1233,2019-09-09 12:00:35,33.375,zrxusdt
1226,2019-09-09 12:00:36,1573.3081,ltcbtc
1231,2019-09-09 12:00:36,4229.0538,ethbtc
1223,2019-09-09 12:00:37,39.6267,wtceth
1233,2019-09-09 12:00:38,3.6405,aeeth
1226,2019-09-09 12:00:40,429.7584,etcusdt
1225,2019-09-09 12:00:41,4.9447,omgusdt
1237,2019-09-09 12:00:42,0.4616,mcoeth
1225,2019-09-09 12:00:42,1.8134,gntusdt
1219,2019-09-09 12:00:45,8430.1483,ethusdt
1233,2019-09-09 12:00:53,21890.1326,btcusdt
1227,2019-09-09 12:01:01,3522.0912,ltcusdt
1224,2019-09-09 12:01:02,48.1796,wtceth
1234,2019-09-09 12:01:02,99.9029,zrxusdt
1232,2019-09-09 12:01:18,7646.9515,ethbtc
1227,2019-09-09 12:01:18,419.4838,ltcbtc
1238,2019-09-09 12:01:20,0.8142,mcoeth
1234,2019-09-09 12:01:20,11.0751,aeeth
1226,2019-09-09 12:01:22,2187.4664,omgusdt
1227,2019-09-09 12:01:24,222.8679,etcusdt
1226,2019-09-09 12:01:27,12.4713,gntusdt
1220,2019-09-09 12:01:28,10805.7435,ethusdt
1234,2019-09-09 12:01:31,45915.0815,btcusdt
1228,2019-09-09 12:01:34,3170.5964,ltcusdt
1225,2019-09-09 12:01:38,41.0904,wtceth
1235,2019-09-09 12:01:39,18.8391,zrxusdt
1228,2019-09-09 12:01:43,3992.9017,ltcbtc
1239,2019-09-09 12:01:46,0.7035,mcoeth
1235,2019-09-09 12:01:49,3.5307,aeeth
1233,2019-09-09 12:01:54,12573.425,ethbtc
1227,2019-09-09 12:01:56,2881.5617,omgusdt
1228,2019-09-09 12:01:57,2063.3447,etcusdt
1221,2019-09-09 12:02:02,1955.0908,ethusdt
1227,2019-09-09 12:02:03,10.6869,gntusdt
1229,2019-09-09 12:02:06,4266.2857,ltcusdt
1235,2019-09-09 12:02:07,12408.4927,btcusdt
1229,2019-09-09 12:02:13,2603.675,ltcbtc
1226,2019-09-09 12:02:18,25.258,wtceth
1236,2019-09-09 12:02:19,13.6551,aeeth
1236,2019-09-09 12:02:24,40.2708,zrxusdt
1240,2019-09-09 12:02:31,0.1735,mcoeth
1228,2019-09-09 12:02:33,4.3484,gntusdt
1229,2019-09-09 12:02:35,2485.9,etcusdt
1222,2019-09-09 12:02:36,5654.8313,ethusdt
1228,2019-09-09 12:02:36,1524.9193,omgusdt
1234,2019-09-09 12:02:38,8357.8336,ethbtc
1236,2019-09-09 12:02:39,15828.5096,btcusdt
1230,2019-09-09 12:02:40,1899.6776,ltcusdt
1230,2019-09-09 12:02:45,3248.0353,ltcbtc
1237,2019-09-09 12:02:56,4.1798,zrxusdt
1227,2019-09-09 12:02:58,54.2094,wtceth
1237,2019-09-09 12:03:02,12.4363,aeeth
1229,2019-09-09 12:03:03,1087.7945,omgusdt
1241,2019-09-09 12:03:05,0.4841,mcoeth
1235,2019-09-09 12:03:07,10103.8905,ethbtc
1229,2019-09-09 12:03:07,13.3835,gntusdt
1237,2019-09-09 12:03:11,57895.1922,btcusdt
1230,2019-09-09 12:03:11,2924.0135,etcusdt
1231,2019-09-09 12:03:12,3423.3921,ltcusdt
1223,2019-09-09 12:03:15,4238.0345,ethusdt
1231,2019-09-09 12:03:15,3229.7763,ltcbtc
1238,2019-09-09 12:03:22,4.0571,zrxusdt
1228,2019-09-09 12:03:25,17.4645,wtceth
1230,2019-09-09 12:03:33,1.322,gntusdt
1236,2019-09-09 12:03:37,7094.2693,ethbtc
1232,2019-09-09 12:03:38,1518.1932,ltcusdt
1231,2019-09-09 12:03:41,618.3411,etcusdt
1238,2019-09-09 12:03:46,11.1752,aeeth
1230,2019-09-09 12:03:47,2354.6681,omgusdt
1242,2019-09-09 12:03:47,0.1738,mcoeth
1238,2019-09-09 12:03:51,36513.1962,btcusdt
1232,2019-09-09 12:03:52,146.0962,ltcbtc
1224,2019-09-09 12:03:58,3271.2961,ethusdt
1229,2019-09-09 12:04:04,22.7491,wtceth
1231,2019-09-09 12:04:04,11.9791,gntusdt
1239,2019-09-09 12:04:07,49.1224,zrxusdt
1233,2019-09-09 12:04:10,2886.2658,ltcusdt
1237,2019-09-09 12:04:13,6020.66,ethbtc
1243,2019-09-09 12:04:13,0.1913,mcoeth
1231,2019-09-09 12:04:15,1480.7166,omgusdt
1232,2019-09-09 12:04:20,217.3516,etcusdt
1239,2019-09-09 12:04:21,9244.6432,btcusdt
1239,2019-09-09 12:04:25,16.0816,aeeth
1225,2019-09-09 12:04:27,56.9755,ethusdt
1233,2019-09-09 12:04:34,1417.2774,ltcbtc
1234,2019-09-09 12:04:40,3606.0154,ltcusdt
1232,2019-09-09 12:04:43,3052.3262,omgusdt
1230,2019-09-09 12:04:43,33.1295,wtceth
1244,2019-09-09 12:04:44,0.6467,mcoeth
1232,2019-09-09 12:04:48,7.653,gntusdt
1240,2019-09-09 12:04:48,110.7701,zrxusdt
1238,2019-09-09 12:04:55,1039.2058,ethbtc
1233,2019-09-09 12:04:56,507.8105,etcusdt
1240,2019-09-09 12:05:03,8.6704,aeeth
1235,2019-09-09 12:05:05,4005.3857,ltcusdt
1240,2019-09-09 12:05:05,48278.1971,btcusdt
1226,2019-09-09 12:05:09,11862.7575,ethusdt
1234,2019-09-09 12:05:10,3731.8257,ltcbtc
1241,2019-09-09 12:05:18,71.2464,zrxusdt
1245,2019-09-09 12:05:20,0.124,mcoeth
1239,2019-09-09 12:05:20,7007.6582,ethbtc
1233,2019-09-09 12:05:20,15.1649,gntusdt
1231,2019-09-09 12:05:22,5.4319,wtceth
1234,2019-09-09 12:05:22,2691.4113,etcusdt
1233,2019-09-09 12:05:22,1262.1277,omgusdt
1236,2019-09-09 12:05:31,4231.3996,ltcusdt
1241,2019-09-09 12:05:37,12.3493,aeeth
1241,2019-09-09 12:05:43,54817.4639,btcusdt
1234,2019-09-09 12:05:48,20.8884,gntusdt
1235,2019-09-09 12:05:50,332.1909,etcusdt
1234,2019-09-09 12:05:50,1876.5932,omgusdt
1235,2019-09-09 12:05:50,1709.6418,ltcbtc
1240,2019-09-09 12:05:53,12140.3429,ethbtc
1227,2019-09-09 12:05:54,7758.0374,ethusdt
1246,2019-09-09 12:06:00,0.0177,mcoeth
1242,2019-09-09 12:06:01,9.374,zrxusdt
1232,2019-09-09 12:06:06,51.9652,wtceth
1237,2019-09-09 12:06:07,1678.7149,ltcusdt
1242,2019-09-09 12:06:14,31104.2882,btcusdt
1235,2019-09-09 12:06:17,1063.2314,omgusdt
1242,2019-09-09 12:06:19,4.7544,aeeth
1235,2019-09-09 12:06:21,1.3308,gntusdt
1228,2019-09-09 12:06:23,5824.6985,ethusdt
1241,2019-09-09 12:06:28,7666.2654,ethbtc
1243,2019-09-09 12:06:31,85.4912,zrxusdt
1236,2019-09-09 12:06:32,2652.7641,etcusdt
1236,2019-09-09 12:06:34,549.6246,ltcbtc
1247,2019-09-09 12:06:35,0.4661,mcoeth
1238,2019-09-09 12:06:36,1324.3394,ltcusdt
1233,2019-09-09 12:06:37,23.6891,wtceth
1236,2019-09-09 12:06:45,449.2651,omgusdt
1236,2019-09-09 12:06:51,10.9847,gntusdt
1242,2019-09-09 12:06:53,10762.5758,ethbtc
1243,2019-09-09 12:06:54,11998.7236,btcusdt
1243,2019-09-09 12:07:01,7.5551,aeeth
1229,2019-09-09 12:07:02,6622.5229,ethusdt
1237,2019-09-09 12:07:04,114.767,etcusdt
1237,2019-09-09 12:07:10,1023.5721,ltcbtc
1234,2019-09-09 12:07:10,17.9225,wtceth
1244,2019-09-09 12:07:14,124.334,zrxusdt
1237,2019-09-09 12:07:15,2966.7949,omgusdt
1248,2019-09-09 12:07:18,0.4132,mcoeth
1239,2019-09-09 12:07:18,77.8459,ltcusdt
1237,2019-09-09 12:07:28,18.3404,gntusdt
1243,2019-09-09 12:07:28,6967.5805,ethbtc
1230,2019-09-09 12:07:28,319.3971,ethusdt
1244,2019-09-09 12:07:29,58499.8045,btcusdt
1244,2019-09-09 12:07:37,12.9601,aeeth
1238,2019-09-09 12:07:38,3612.8502,etcusdt
1245,2019-09-09 12:07:42,57.1386,zrxusdt
1249,2019-09-09 12:07:44,0.871,mcoeth
1235,2019-09-09 12:07:47,32.5077,wtceth
1238,2019-09-09 12:07:50,2793.2771,ltcbtc
1240,2019-09-09 12:07:51,391.6953,ltcusdt
1238,2019-09-09 12:07:54,2216.315,omgusdt
1238,2019-09-09 12:07:58,4.893,gntusdt
1245,2019-09-09 12:08:02,4.6202,aeeth
1245,2019-09-09 12:08:03,11251.4327,btcusdt
1231,2019-09-09 12:08:08,5017.3592,ethusdt
1244,2019-09-09 12:08:10,1782.8106,ethbtc
1239,2019-09-09 12:08:11,1545.2542,etcusdt
1246,2019-09-09 12:08:12,66.6789,zrxusdt
1250,2019-09-09 12:08:15,0.666,mcoeth
1236,2019-09-09 12:08:22,50.4039,wtceth
1239,2019-09-09 12:08:22,1883.4042,omgusdt
1241,2019-09-09 12:08:22,1262.932,ltcusdt
1239,2019-09-09 12:08:26,1868.0427,ltcbtc
1246,2019-09-09 12:08:34,32195.3824,btcusdt
1239,2019-09-09 12:08:38,8.1021,gntusdt
1232,2019-09-09 12:08:40,2240.6424,ethusdt
1246,2019-09-09 12:08:40,6.2361,aeeth
1245,2019-09-09 12:08:40,7119.7098,ethbtc
1240,2019-09-09 12:08:45,2174.0088,etcusdt
1240,2019-09-09 12:08:49,1748.6214,omgusdt
1247,2019-09-09 12:08:56,59.5206,zrxusdt
1242,2019-09-09 12:08:57,391.2889,ltcusdt
1251,2019-09-09 12:09:00,0.6176,mcoeth
1240,2019-09-09 12:09:02,2452.249,ltcbtc
1247,2019-09-09 12:09:02,33874.9779,btcusdt
1237,2019-09-09 12:09:07,11.008,wtceth
1246,2019-09-09 12:09:12,11732.3145,ethbtc
1233,2019-09-09 12:09:13,7296.419,ethusdt
1240,2019-09-09 12:09:19,15.6047,gntusdt
1247,2019-09-09 12:09:22,2.1928,aeeth
1241,2019-09-09 12:09:26,2635.3394,etcusdt
1248,2019-09-09 12:09:31,2733.0488,btcusdt
1241,2019-09-09 12:09:31,377.5711,ltcbtc
1241,2019-09-09 12:09:32,2185.0258,omgusdt
1248,2019-09-09 12:09:38,14.687,zrxusdt
1238,2019-09-09 12:09:38,29.3902,wtceth
1243,2019-09-09 12:09:40,4707.7716,ltcusdt
1252,2019-09-09 12:09:41,0.8654,mcoeth
1247,2019-09-09 12:09:42,6551.3481,ethbtc
1234,2019-09-09 12:09:50,7140.1958,ethusdt
1241,2019-09-09 12:09:51,3.6203,gntusdt
1242,2019-09-09 12:09:58,58.8738,omgusdt
1242,2019-09-09 12:09:59,186.2886,ltcbtc
1242,2019-09-09 12:10:00,1195.4894,etcusdt
1248,2019-09-09 12:10:06,13.2838,aeeth
1253,2019-09-09 12:10:09,0.2914,mcoeth
1244,2019-09-09 12:10:11,1584.0124,ltcusdt
1249,2019-09-09 12:10:16,33561.8946,btcusdt
1239,2019-09-09 12:10:17,9.544,wtceth
1242,2019-09-09 12:10:18,18.1036,gntusdt
1248,2019-09-09 12:10:20,400.9446,ethbtc
1249,2019-09-09 12:10:23,124.2068,zrxusdt
1235,2019-09-09 12:10:25,7930.4892,ethusdt
1243,2019-09-09 12:10:30,2255.5898,omgusdt
1243,2019-09-09 12:10:38,1708.833,etcusdt
1243,2019-09-09 12:10:44,3642.1305,ltcbtc
1249,2019-09-09 12:10:49,9.0166,aeeth
1245,2019-09-09 12:10:50,1232.5017,ltcusdt
1250,2019-09-09 12:10:53,20.3131,zrxusdt
1254,2019-09-09 12:10:53,0.7706,mcoeth
1243,2019-09-09 12:10:56,14.1478,gntusdt
1240,2019-09-09 12:10:58,34.4315,wtceth
1250,2019-09-09 12:10:59,34665.0839,btcusdt
1244,2019-09-09 12:11:04,1420.5674,etcusdt
1244,2019-09-09 12:11:05,2878.5175,omgusdt
1249,2019-09-09 12:11:05,4964.2291,ethbtc
1236,2019-09-09 12:11:07,2972.0587,ethusdt
1251,2019-09-09 12:11:24,36489.5477,btcusdt
1241,2019-09-09 12:11:25,26.6037,wtceth
1246,2019-09-09 12:11:25,516.9936,ltcusdt
1255,2019-09-09 12:11:26,0.6462,mcoeth
1250,2019-09-09 12:11:26,0.8157,aeeth
1244,2019-09-09 12:11:28,1649.2219,ltcbtc
1251,2019-09-09 12:11:33,76.4347,zrxusdt
1250,2019-09-09 12:11:35,11643.4669,ethbtc
1245,2019-09-09 12:11:39,27.0481,omgusdt
1244,2019-09-09 12:11:40,20.7024,gntusdt
1245,2019-09-09 12:11:43,3508.5499,etcusdt
1237,2019-09-09 12:11:52,11722.8139,ethusdt
1247,2019-09-09 12:11:52,4135.7985,ltcusdt
1252,2019-09-09 12:11:56,15244.2597,btcusdt
1256,2019-09-09 12:11:56,0.7498,mcoeth
1242,2019-09-09 12:11:59,15.7256,wtceth
1245,2019-09-09 12:12:01,3436.5954,ltcbtc
1251,2019-09-09 12:12:04,13.1668,aeeth
1251,2019-09-09 12:12:11,9552.3331,ethbtc
1246,2019-09-09 12:12:12,2202.7858,omgusdt
1245,2019-09-09 12:12:16,17.7349,gntusdt
1252,2019-09-09 12:12:18,71.8467,zrxusdt
1246,2019-09-09 12:12:19,365.2126,etcusdt
1238,2019-09-09 12:12:20,5628.0388,ethusdt
1257,2019-09-09 12:12:24,0.8754,mcoeth
1246,2019-09-09 12:12:26,412.1076,ltcbtc
1243,2019-09-09 12:12:30,1.9217,wtceth
1248,2019-09-09 12:12:32,1113.8962,ltcusdt
1252,2019-09-09 12:12:32,7.5418,aeeth
1253,2019-09-09 12:12:36,16334.5407,btcusdt
1246,2019-09-09 12:12:44,12.6781,gntusdt
1252,2019-09-09 12:12:50,7947.1522,ethbtc
1253,2019-09-09 12:12:51,23.1285,zrxusdt
1247,2019-09-09 12:12:52,132.7037,etcusdt
1247,2019-09-09 12:12:55,586.9501,omgusdt
1239,2019-09-09 12:12:58,5593.087,ethusdt
1253,2019-09-09 12:13:02,8.5035,aeeth
1258,2019-09-09 12:13:02,0.6084,mcoeth
1254,2019-09-09 12:13:03,41421.2499,btcusdt
1247,2019-09-09 12:13:06,3763.4342,ltcbtc
1249,2019-09-09 12:13:09,3591.0303,ltcusdt
1244,2019-09-09 12:13:11,26.5865,wtceth
1248,2019-09-09 12:13:19,2540.2899,etcusdt
1248,2019-09-09 12:13:25,1252.5764,omgusdt
1247,2019-09-09 12:13:26,17.3026,gntusdt
1254,2019-09-09 12:13:28,109.5149,zrxusdt
1240,2019-09-09 12:13:30,11272.3933,ethusdt
1253,2019-09-09 12:13:31,1659.5678,ethbtc
1248,2019-09-09 12:13:31,4897.2251,ltcbtc
1255,2019-09-09 12:13:37,44970.7242,btcusdt
1254,2019-09-09 12:13:43,2.0294,aeeth
1259,2019-09-09 12:13:44,0.5702,mcoeth
1248,2019-09-09 12:13:51,4.6269,gntusdt
1245,2019-09-09 12:13:52,32.0288,wtceth
1250,2019-09-09 12:13:53,2548.3187,ltcusdt
1255,2019-09-09 12:13:54,60.1337,zrxusdt
1249,2019-09-09 12:13:55,1511.8273,etcusdt
1249,2019-09-09 12:13:56,1531.2295,omgusdt
1254,2019-09-09 12:13:56,11675.8372,ethbtc
1255,2019-09-09 12:14:08,1.4158,aeeth
1256,2019-09-09 12:14:09,24711.655,btcusdt
1241,2019-09-09 12:14:09,12461.0734,ethusdt
1260,2019-09-09 12:14:15,0.0452,mcoeth
1249,2019-09-09 12:14:15,2713.4834,ltcbtc
1249,2019-09-09 12:14:19,15.2469,gntusdt
1246,2019-09-09 12:14:21,43.0396,wtceth
1255,2019-09-09 12:14:22,2941.0239,ethbtc
1250,2019-09-09 12:14:28,1716.8429,omgusdt
1251,2019-09-09 12:14:32,220.5033,ltcusdt
1256,2019-09-09 12:14:33,13.4605,zrxusdt
1257,2019-09-09 12:14:34,51151.3082,btcusdt
1250,2019-09-09 12:14:35,2368.9011,etcusdt
1261,2019-09-09 12:14:40,0.8921,mcoeth
1242,2019-09-09 12:14:41,10602.5516,ethusdt
1250,2019-09-09 12:14:45,4690.185,ltcbtc
1256,2019-09-09 12:14:46,0.416,aeeth
1247,2019-09-09 12:14:55,43.2122,wtceth
1250,2019-09-09 12:14:56,18.8759,gntusdt
1258,2019-09-09 12:15:02,38065.3016,btcusdt
1256,2019-09-09 12:15:07,4300.3837,ethbtc
1251,2019-09-09 12:15:08,572.317,omgusdt
1243,2019-09-09 12:15:10,8550.18,ethusdt
1251,2019-09-09 12:15:12,4038.1498,ltcbtc
1251,2019-09-09 12:15:12,912.3397,etcusdt
1252,2019-09-09 12:15:13,26.156,ltcusdt
1257,2019-09-09 12:15:15,4.6264,aeeth
1257,2019-09-09 12:15:16,95.7714,zrxusdt
1262,2019-09-09 12:15:17,0.4308,mcoeth
1251,2019-09-09 12:15:24,18.2087,gntusdt
1248,2019-09-09 12:15:30,43.0883,wtceth
1259,2019-09-09 12:15:37,4057.7923,btcusdt
1252,2019-09-09 12:15:40,1344.097,etcusdt
1244,2019-09-09 12:15:42,7412.2909,ethusdt
1257,2019-09-09 12:15:42,10037.0265,ethbtc
1263,2019-09-09 12:15:43,0.1448,mcoeth
1253,2019-09-09 12:15:44,336.3718,ltcusdt
1252,2019-09-09 12:15:44,1180.265,omgusdt
1258,2019-09-09 12:15:46,10.256,aeeth
1252,2019-09-09 12:15:57,4324.0521,ltcbtc
1258,2019-09-09 12:15:57,126.065,zrxusdt
1252,2019-09-09 12:16:02,19.4531,gntusdt
1249,2019-09-09 12:16:06,25.4982,wtceth
1258,2019-09-09 12:16:08,8902.4197,ethbtc
1259,2019-09-09 12:16:19,3.9712,aeeth
1245,2019-09-09 12:16:20,11846.0403,ethusdt
1260,2019-09-09 12:16:20,13751.664,btcusdt
1253,2019-09-09 12:16:21,2126.5388,etcusdt
1254,2019-09-09 12:16:22,2202.4069,ltcusdt
1264,2019-09-09 12:16:22,0.0636,mcoeth
1253,2019-09-09 12:16:28,16.6044,gntusdt
1253,2019-09-09 12:16:29,853.0261,omgusdt
1259,2019-09-09 12:16:31,64.9818,zrxusdt
1253,2019-09-09 12:16:37,1136.4847,ltcbtc
1259,2019-09-09 12:16:38,1490.7807,ethbtc
1250,2019-09-09 12:16:41,50.7962,wtceth
1255,2019-09-09 12:16:48,495.5343,ltcusdt
1246,2019-09-09 12:16:54,1399.0317,ethusdt
1260,2019-09-09 12:17:01,112.4723,zrxusdt
1254,2019-09-09 12:17:01,19.5564,gntusdt
1261,2019-09-09 12:17:02,7604.2518,btcusdt
1260,2019-09-09 12:17:02,5.6483,aeeth
1254,2019-09-09 12:17:05,3235.521,etcusdt
1265,2019-09-09 12:17:07,0.5562,mcoeth
1254,2019-09-09 12:17:10,1361.6765,omgusdt
1254,2019-09-09 12:17:13,2480.407,ltcbtc
1251,2019-09-09 12:17:15,27.0561,wtceth
1260,2019-09-09 12:17:19,486.9272,ethbtc
1256,2019-09-09 12:17:21,3387.6839,ltcusdt
1255,2019-09-09 12:17:38,1899.7545,omgusdt
1255,2019-09-09 12:17:38,3.7788,gntusdt
1247,2019-09-09 12:17:39,10104.2549,ethusdt
1261,2019-09-09 12:17:40,67.5663,zrxusdt
1261,2019-09-09 12:17:41,6.0567,aeeth
1266,2019-09-09 12:17:41,0.0074,mcoeth
1262,2019-09-09 12:17:44,40244.2066,btcusdt
1252,2019-09-09 12:17:44,18.1345,wtceth
1255,2019-09-09 12:17:46,3322.9542,etcusdt
1255,2019-09-09 12:17:47,2575.4934,ltcbtc
1257,2019-09-09 12:17:52,3324.2592,ltcusdt
1261,2019-09-09 12:18:00,10570.5977,ethbtc
1267,2019-09-09 12:18:08,0.5572,mcoeth
1262,2019-09-09 12:18:12,37.3905,zrxusdt
1262,2019-09-09 12:18:15,5.6768,aeeth
1248,2019-09-09 12:18:16,1097.272,ethusdt
1258,2019-09-09 12:18:17,3025.5993,ltcusdt
1256,2019-09-09 12:18:20,166.4849,omgusdt
1256,2019-09-09 12:18:20,6.8587,gntusdt
1256,2019-09-09 12:18:22,2805.0148,etcusdt
1253,2019-09-09 12:18:23,34.0986,wtceth
1256,2019-09-09 12:18:25,157.195,ltcbtc
1263,2019-09-09 12:18:28,58186.3751,btcusdt
1262,2019-09-09 12:18:30,1883.6814,ethbtc
1263,2019-09-09 12:18:43,5.5872,aeeth
1249,2019-09-09 12:18:45,1758.3829,ethusdt
1257,2019-09-09 12:18:45,16.4736,gntusdt
1268,2019-09-09 12:18:52,0.5636,mcoeth
1264,2019-09-09 12:18:53,57710.4172,btcusdt
1263,2019-09-09 12:18:53,88.6136,zrxusdt
1257,2019-09-09 12:18:56,3885.029,ltcbtc
1259,2019-09-09 12:18:57,1674.1623,ltcusdt
1257,2019-09-09 12:18:59,1468.9947,etcusdt
1254,2019-09-09 12:18:59,27.5608,wtceth
1257,2019-09-09 12:19:00,164.8026,omgusdt
1263,2019-09-09 12:19:13,5103.2936,ethbtc
1258,2019-09-09 12:19:16,22.4688,gntusdt
1269,2019-09-09 12:19:18,0.1788,mcoeth
1264,2019-09-09 12:19:20,2.9281,aeeth
1265,2019-09-09 12:19:22,36921.4375,btcusdt
1264,2019-09-09 12:19:25,19.8661,zrxusdt
1250,2019-09-09 12:19:27,4021.9757,ethusdt
1258,2019-09-09 12:19:35,774.1172,omgusdt
1258,2019-09-09 12:19:38,3724.9319,ltcbtc
1255,2019-09-09 12:19:38,32.1868,wtceth
1258,2019-09-09 12:19:41,2545.7701,etcusdt
1260,2019-09-09 12:19:41,3607.075,ltcusdt
1264,2019-09-09 12:19:47,5595.4356,ethbtc
1265,2019-09-09 12:19:51,59.8055,zrxusdt
1270,2019-09-09 12:19:52,0.2784,mcoeth
1259,2019-09-09 12:19:55,13.7955,gntusdt
1266,2019-09-09 12:19:58,29807.8603,btcusdt
1251,2019-09-09 12:20:03,6255.1207,ethusdt
1259,2019-09-09 12:20:03,1443.3549,omgusdt
1265,2019-09-09 12:20:03,2.2942,aeeth
1261,2019-09-09 12:20:06,567.7638,ltcusdt
1265,2019-09-09 12:20:12,7964.1969,ethbtc
1259,2019-09-09 12:20:20,3588.2787,etcusdt
1259,2019-09-09 12:20:20,2586.0358,ltcbtc
1256,2019-09-09 12:20:20,19.0593,wtceth
1271,2019-09-09 12:20:29,0.3338,mcoeth
1262,2019-09-09 12:20:31,2787.6295,ltcusdt
1267,2019-09-09 12:20:32,37950.1394,btcusdt
1260,2019-09-09 12:20:35,4.4916,gntusdt
1266,2019-09-09 12:20:35,101.0909,zrxusdt
1266,2019-09-09 12:20:35,0.0893,aeeth
1252,2019-09-09 12:20:36,2035.751,ethusdt
1266,2019-09-09 12:20:38,804.5189,ethbtc
1260,2019-09-09 12:20:41,2744.5133,omgusdt
1260,2019-09-09 12:20:51,2550.6393,etcusdt
1257,2019-09-09 12:20:52,51.8713,wtceth
1260,2019-09-09 12:20:53,4231.1991,ltcbtc
1263,2019-09-09 12:21:01,1266.1211,ltcusdt
1261,2019-09-09 12:21:02,19.2373,gntusdt
1268,2019-09-09 12:21:10,51525.1364,btcusdt
1267,2019-09-09 12:21:12,4.8561,aeeth
1261,2019-09-09 12:21:12,2060.5744,omgusdt
1272,2019-09-09 12:21:12,0.217,mcoeth
1267,2019-09-09 12:21:16,3228.3088,ethbtc
1258,2019-09-09 12:21:17,19.9072,wtceth
1261,2019-09-09 12:21:17,2250.4923,etcusdt
1267,2019-09-09 12:21:18,103.0159,zrxusdt
1253,2019-09-09 12:21:20,10594.4972,ethusdt
1261,2019-09-09 12:21:23,3417.4318,ltcbtc
1264,2019-09-09 12:21:27,1609.5749,ltcusdt
1262,2019-09-09 12:21:33,2.3165,gntusdt
1269,2019-09-09 12:21:38,38902.752,btcusdt
1273,2019-09-09 12:21:39,0.2234,mcoeth
1262,2019-09-09 12:21:40,2456.1783,omgusdt
1268,2019-09-09 12:21:42,12202.1599,ethbtc
1254,2019-09-09 12:21:45,9422.2784,ethusdt
1262,2019-09-09 12:21:45,1458.8168,etcusdt
1259,2019-09-09 12:21:46,12.4889,wtceth
1268,2019-09-09 12:21:50,95.3043,zrxusdt
1268,2019-09-09 12:21:55,3.5293,aeeth
1265,2019-09-09 12:21:59,3746.905,ltcusdt
1270,2019-09-09 12:22:04,45316.6645,btcusdt
1262,2019-09-09 12:22:05,1002.7965,ltcbtc
1274,2019-09-09 12:22:08,0.1032,mcoeth
1263,2019-09-09 12:22:11,1732.4673,omgusdt
1263,2019-09-09 12:22:11,1.1309,gntusdt
1260,2019-09-09 12:22:12,39.3102,wtceth
1263,2019-09-09 12:22:17,3594.5837,etcusdt
1269,2019-09-09 12:22:22,89.8799,zrxusdt
1269,2019-09-09 12:22:25,3.6145,aeeth
1269,2019-09-09 12:22:26,11067.8534,ethbtc
1255,2019-09-09 12:22:28,2036.0234,ethusdt
1271,2019-09-09 12:22:29,48040.0863,btcusdt
1266,2019-09-09 12:22:31,1167.1227,ltcusdt
1261,2019-09-09 12:22:38,13.9587,wtceth
1263,2019-09-09 12:22:39,3420.0997,ltcbtc
1264,2019-09-09 12:22:41,10.9286,gntusdt
1264,2019-09-09 12:22:47,724.6276,etcusdt
1275,2019-09-09 12:22:51,0.8863,mcoeth
1264,2019-09-09 12:22:56,2039.9016,omgusdt
1270,2019-09-09 12:22:58,30.5014,zrxusdt
1272,2019-09-09 12:22:59,38184.8336,btcusdt
1256,2019-09-09 12:22:59,6251.1419,ethusdt
1270,2019-09-09 12:23:00,352.4383,ethbtc
1267,2019-09-09 12:23:02,4405.2126,ltcusdt
1270,2019-09-09 12:23:05,0.2498,aeeth
1264,2019-09-09 12:23:07,1557.6178,ltcbtc
1265,2019-09-09 12:23:12,1847.3088,etcusdt
1262,2019-09-09 12:23:14,24.5297,wtceth
1276,2019-09-09 12:23:19,0.3886,mcoeth
1265,2019-09-09 12:23:26,18.5202,gntusdt
1268,2019-09-09 12:23:29,2347.755,ltcusdt
1273,2019-09-09 12:23:31,11180.8812,btcusdt
1271,2019-09-09 12:23:33,6519.9242,ethbtc
1265,2019-09-09 12:23:34,2281.0687,ltcbtc
1271,2019-09-09 12:23:35,39.5644,zrxusdt
1271,2019-09-09 12:23:36,2.2611,aeeth
1257,2019-09-09 12:23:40,12297.6913,ethusdt
1263,2019-09-09 12:23:40,29.7934,wtceth
1265,2019-09-09 12:23:41,2084.5519,omgusdt
1266,2019-09-09 12:23:51,14.4686,gntusdt
1277,2019-09-09 12:23:53,0.7889,mcoeth
1266,2019-09-09 12:23:56,785.0673,etcusdt
1266,2019-09-09 12:24:01,4302.8131,ltcbtc
1272,2019-09-09 12:24:04,8867.1457,ethbtc
1272,2019-09-09 12:24:07,2.0383,aeeth
1272,2019-09-09 12:24:08,24.1674,zrxusdt
1264,2019-09-09 12:24:09,27.5234,wtceth
1266,2019-09-09 12:24:10,2527.143,omgusdt
1269,2019-09-09 12:24:12,4158.3786,ltcusdt
1274,2019-09-09 12:24:15,16417.323,btcusdt
1258,2019-09-09 12:24:25,1004.8401,ethusdt
1267,2019-09-09 12:24:26,10.4712,gntusdt
1278,2019-09-09 12:24:26,0.7978,mcoeth
1267,2019-09-09 12:24:33,2708.7452,ltcbtc
1270,2019-09-09 12:24:37,3515.007,ltcusdt
1273,2019-09-09 12:24:41,6625.1894,ethbtc
1273,2019-09-09 12:24:41,6.3786,aeeth
1267,2019-09-09 12:24:41,2961.4013,etcusdt
1265,2019-09-09 12:24:46,10.0173,wtceth
1267,2019-09-09 12:24:49,2051.5918,omgusdt
1273,2019-09-09 12:24:53,42.6226,zrxusdt
1275,2019-09-09 12:24:55,12504.3302,btcusdt
1268,2019-09-09 12:24:57,21.3689,gntusdt
1259,2019-09-09 12:25:04,11336.0915,ethusdt
1279,2019-09-09 12:25:05,0.4691,mcoeth
1274,2019-09-09 12:25:08,2600.8205,ethbtc
1268,2019-09-09 12:25:10,3521.5272,ltcbtc
1271,2019-09-09 12:25:12,4281.4053,ltcusdt
1268,2019-09-09 12:25:15,1192.365,omgusdt
1266,2019-09-09 12:25:16,5.6228,wtceth
1268,2019-09-09 12:25:22,2356.9383,etcusdt
1269,2019-09-09 12:25:22,6.9557,gntusdt
1274,2019-09-09 12:25:23,2.0012,aeeth
1276,2019-09-09 12:25:27,21088.0049,btcusdt
1274,2019-09-09 12:25:28,1.9566,zrxusdt
1280,2019-09-09 12:25:31,0.7509,mcoeth
1269,2019-09-09 12:25:44,847.3232,ltcbtc
1260,2019-09-09 12:25:46,3454.5922,ethusdt
1269,2019-09-09 12:25:49,2356.8518,etcusdt
1275,2019-09-09 12:25:50,6976.5797,ethbtc
1267,2019-09-09 12:25:51,36.3636,wtceth
1275,2019-09-09 12:25:51,14.0162,aeeth
1269,2019-09-09 12:25:53,2137.9428,omgusdt
1272,2019-09-09 12:25:56,1121.5786,ltcusdt
1270,2019-09-09 12:26:00,19.2722,gntusdt
1275,2019-09-09 12:26:00,128.6123,zrxusdt
1277,2019-09-09 12:26:10,52023.3632,btcusdt
1270,2019-09-09 12:26:12,2509.2594,ltcbtc
1281,2019-09-09 12:26:16,0.5761,mcoeth
1268,2019-09-09 12:26:17,0.5705,wtceth
1273,2019-09-09 12:26:21,1235.8979,ltcusdt
1261,2019-09-09 12:26:24,7068.8864,ethusdt
1271,2019-09-09 12:26:25,17.6485,gntusdt
1276,2019-09-09 12:26:26,61.8225,zrxusdt
1276,2019-09-09 12:26:30,1496.8805,ethbtc
1270,2019-09-09 12:26:32,473.8989,omgusdt
1270,2019-09-09 12:26:34,1044.4009,etcusdt
1276,2019-09-09 12:26:35,15.8504,aeeth
1278,2019-09-09 12:26:42,38966.6273,btcusdt
1271,2019-09-09 12:26:50,3045.9141,ltcbtc
1274,2019-09-09 12:26:54,1014.7701,ltcusdt
1282,2019-09-09 12:26:56,0.7028,mcoeth
1262,2019-09-09 12:26:57,5952.944,ethusdt
1269,2019-09-09 12:27:02,25.7386,wtceth
1277,2019-09-09 12:27:04,9697.7848,ethbtc
1272,2019-09-09 12:27:05,19.9709,gntusdt
1277,2019-09-09 12:27:07,100.6699,zrxusdt
1277,2019-09-09 12:27:08,13.9966,aeeth
1279,2019-09-09 12:27:12,50917.7359,btcusdt
1271,2019-09-09 12:27:16,2514.0799,omgusdt
1271,2019-09-09 12:27:17,60.2128,etcusdt
1275,2019-09-09 12:27:19,3427.5733,ltcusdt
1272,2019-09-09 12:27:20,4642.6923,ltcbtc
1263,2019-09-09 12:27:30,5780.3875,ethusdt
1278,2019-09-09 12:27:31,2727.0209,ethbtc
1270,2019-09-09 12:27:34,15.4524,wtceth
1278,2019-09-09 12:27:35,14.0244,aeeth
1283,2019-09-09 12:27:36,0.2206,mcoeth
1278,2019-09-09 12:27:37,93.3562,zrxusdt
1273,2019-09-09 12:27:45,10.0924,gntusdt
1280,2019-09-09 12:27:46,50267.6166,btcusdt
1273,2019-09-09 12:27:48,3929.2319,ltcbtc
1272,2019-09-09 12:27:56,1208.1713,omgusdt
1272,2019-09-09 12:27:56,1537.3007,etcusdt
1279,2019-09-09 12:28:01,1.4671,aeeth
1276,2019-09-09 12:28:01,2265.348,ltcusdt
1279,2019-09-09 12:28:02,6394.9619,ethbtc
1271,2019-09-09 12:28:04,6.9046,wtceth
1264,2019-09-09 12:28:11,6689.634,ethusdt
1279,2019-09-09 12:28:12,34.55,zrxusdt
1281,2019-09-09 12:28:17,50912.4769,btcusdt
1284,2019-09-09 12:28:21,0.0574,mcoeth
1274,2019-09-09 12:28:21,519.6695,ltcbtc
1273,2019-09-09 12:28:23,2774.1453,etcusdt
1274,2019-09-09 12:28:27,19.9975,gntusdt
1280,2019-09-09 12:28:32,10439.4897,ethbtc
1277,2019-09-09 12:28:34,3597.0249,ltcusdt
1273,2019-09-09 12:28:37,3071.8521,omgusdt
1272,2019-09-09 12:28:41,39.4701,wtceth
1280,2019-09-09 12:28:45,8.5915,aeeth
1285,2019-09-09 12:28:51,0.8199,mcoeth
1265,2019-09-09 12:28:52,7878.4372,ethusdt
1280,2019-09-09 12:28:55,46.2205,zrxusdt
1281,2019-09-09 12:28:57,4981.4476,ethbtc
1282,2019-09-09 12:28:57,38330.5273,btcusdt
1275,2019-09-09 12:29:00,970.1873,ltcbtc
1274,2019-09-09 12:29:04,2197.7578,etcusdt
1273,2019-09-09 12:29:06,27.0482,wtceth
1278,2019-09-09 12:29:07,4729.6971,ltcusdt
1274,2019-09-09 12:29:07,800.3358,omgusdt
1275,2019-09-09 12:29:09,2.3295,gntusdt
1281,2019-09-09 12:29:15,13.0735,aeeth
1281,2019-09-09 12:29:24,28.4904,zrxusdt
1286,2019-09-09 12:29:26,0.4861,mcoeth
1282,2019-09-09 12:29:26,6264.2746,ethbtc
1266,2019-09-09 12:29:26,10040.352,ethusdt
1275,2019-09-09 12:29:31,408.3504,etcusdt
1275,2019-09-09 12:29:36,1340.3849,omgusdt
1276,2019-09-09 12:29:37,2799.4578,ltcbtc
1283,2019-09-09 12:29:37,48903.2144,btcusdt
1279,2019-09-09 12:29:38,1379.8691,ltcusdt
1282,2019-09-09 12:29:40,12.9334,aeeth
1276,2019-09-09 12:29:47,18.0181,gntusdt
1274,2019-09-09 12:29:47,10.3147,wtceth
1283,2019-09-09 12:29:56,4958.5336,ethbtc
1282,2019-09-09 12:29:56,92.0557,zrxusdt
1267,2019-09-09 12:29:57,2077.5067,ethusdt
1287,2019-09-09 12:29:57,0.7697,mcoeth
1276,2019-09-09 12:30:02,1257.1735,etcusdt
1284,2019-09-09 12:30:05,48274.2162,btcusdt
1276,2019-09-09 12:30:06,2848.119,omgusdt
1283,2019-09-09 12:30:09,7.6726,aeeth
1280,2019-09-09 12:30:11,3448.1084,ltcusdt
1277,2019-09-09 12:30:17,1890.3401,ltcbtc
1275,2019-09-09 12:30:27,23.0715,wtceth
1268,2019-09-09 12:30:28,644.514,ethusdt
1283,2019-09-09 12:30:30,111.5647,zrxusdt
1277,2019-09-09 12:30:30,18.7002,gntusdt
1284,2019-09-09 12:30:32,9802.9986,ethbtc
1277,2019-09-09 12:30:33,156.6593,etcusdt
1288,2019-09-09 12:30:35,0.8271,mcoeth
1277,2019-09-09 12:30:39,2369.6399,omgusdt
1281,2019-09-09 12:30:40,754.4165,ltcusdt
1285,2019-09-09 12:30:49,20750.9887,btcusdt
1284,2019-09-09 12:30:49,9.3398,aeeth
1284,2019-09-09 12:30:57,8.7748,zrxusdt
1278,2019-09-09 12:30:58,1436.5289,ltcbtc
1276,2019-09-09 12:30:58,24.8438,wtceth
1278,2019-09-09 12:30:59,1.4282,gntusdt
1289,2019-09-09 12:31:02,0.4912,mcoeth
1269,2019-09-09 12:31:03,3347.5836,ethusdt
1278,2019-09-09 12:31:04,2612.2095,omgusdt
1278,2019-09-09 12:31:11,3365.299,etcusdt
1285,2019-09-09 12:31:14,11001.5888,ethbtc
1282,2019-09-09 12:31:20,2973.027,ltcusdt
1286,2019-09-09 12:31:21,4165.9455,btcusdt
1279,2019-09-09 12:31:26,20.1418,gntusdt
1285,2019-09-09 12:31:28,6.3673,aeeth
1270,2019-09-09 12:31:29,5305.4094,ethusdt
1290,2019-09-09 12:31:30,0.0653,mcoeth
1277,2019-09-09 12:31:32,52.5758,wtceth
1279,2019-09-09 12:31:39,4520.5285,ltcbtc
1285,2019-09-09 12:31:40,89.8025,zrxusdt
1279,2019-09-09 12:31:41,1328.4382,etcusdt
1283,2019-09-09 12:31:46,540.7539,ltcusdt
1279,2019-09-09 12:31:49,1272.7166,omgusdt
1287,2019-09-09 12:31:55,30673.8705,btcusdt
1278,2019-09-09 12:31:58,54.1672,wtceth
1286,2019-09-09 12:31:59,727.0764,ethbtc
1280,2019-09-09 12:32:02,20.6707,gntusdt
1271,2019-09-09 12:32:03,9267.3565,ethusdt
1286,2019-09-09 12:32:07,9.7954,aeeth
1280,2019-09-09 12:32:08,2226.8435,etcusdt
1286,2019-09-09 12:32:10,40.749,zrxusdt
1291,2019-09-09 12:32:12,0.4819,mcoeth
1280,2019-09-09 12:32:14,3376.9995,ltcbtc
1288,2019-09-09 12:32:22,2277.1547,btcusdt
1280,2019-09-09 12:32:27,2059.4882,omgusdt
1284,2019-09-09 12:32:29,343.9225,ltcusdt
1279,2019-09-09 12:32:35,43.926,wtceth
1287,2019-09-09 12:32:38,11.7206,aeeth
1292,2019-09-09 12:32:39,0.0961,mcoeth
1281,2019-09-09 12:32:41,19.0254,gntusdt
1281,2019-09-09 12:32:42,1287.6668,etcusdt
1287,2019-09-09 12:32:43,3777.6682,ethbtc
1287,2019-09-09 12:32:43,129.1791,zrxusdt
1281,2019-09-09 12:32:43,3403.753,ltcbtc
1272,2019-09-09 12:32:48,10056.9307,ethusdt
1289,2019-09-09 12:32:55,4794.4856,btcusdt
1285,2019-09-09 12:33:02,4865.7294,ltcusdt
1281,2019-09-09 12:33:07,2928.4908,omgusdt
1282,2019-09-09 12:33:07,18.3242,gntusdt
1293,2019-09-09 12:33:13,0.0462,mcoeth
1280,2019-09-09 12:33:15,5.1573,wtceth
1282,2019-09-09 12:33:16,2861.9385,etcusdt
1288,2019-09-09 12:33:19,26.004,zrxusdt
1273,2019-09-09 12:33:19,6157.8509,ethusdt
1288,2019-09-09 12:33:23,0.6638,aeeth
1288,2019-09-09 12:33:25,12309.4419,ethbtc
1282,2019-09-09 12:33:26,777.4173,ltcbtc
1290,2019-09-09 12:33:31,15797.4288,btcusdt
1282,2019-09-09 12:33:33,1795.3048,omgusdt
1283,2019-09-09 12:33:35,0.6388,gntusdt
1286,2019-09-09 12:33:35,3212.1828,ltcusdt
1281,2019-09-09 12:33:44,9.5581,wtceth
1274,2019-09-09 12:33:46,8888.3411,ethusdt
1294,2019-09-09 12:33:46,0.515,mcoeth
1289,2019-09-09 12:33:47,17.0466,zrxusdt
1283,2019-09-09 12:34:00,39.0761,etcusdt
1291,2019-09-09 12:34:00,54358.6478,btcusdt
1283,2019-09-09 12:34:02,551.3529,omgusdt
1289,2019-09-09 12:34:03,11.9417,aeeth
1283,2019-09-09 12:34:07,1692.7262,ltcbtc
1289,2019-09-09 12:34:07,4332.9696,ethbtc
1284,2019-09-09 12:34:12,8.0485,gntusdt
1287,2019-09-09 12:34:17,3445.9903,ltcusdt
1282,2019-09-09 12:34:23,20.6676,wtceth
1275,2019-09-09 12:34:25,5987.7463,ethusdt
1295,2019-09-09 12:34:26,0.529,mcoeth
1290,2019-09-09 12:34:29,22.4581,zrxusdt
1292,2019-09-09 12:34:30,51822.3361,btcusdt
1284,2019-09-09 12:34:35,4814.2173,ltcbtc
1290,2019-09-09 12:34:35,12596.3443,ethbtc
1284,2019-09-09 12:34:45,599.6089,etcusdt
1284,2019-09-09 12:34:45,529.036,omgusdt
1285,2019-09-09 12:34:45,21.0881,gntusdt
1290,2019-09-09 12:34:47,13.4755,aeeth
1291,2019-09-09 12:34:55,59.6184,zrxusdt
1276,2019-09-09 12:34:55,8022.1056,ethusdt
1288,2019-09-09 12:34:58,4554.6934,ltcusdt
1283,2019-09-09 12:34:59,28.9875,wtceth
1296,2019-09-09 12:35:01,0.4355,mcoeth
1293,2019-09-09 12:35:04,7748.956,btcusdt
1285,2019-09-09 12:35:11,2114.2906,omgusdt
1286,2019-09-09 12:35:11,0.1735,gntusdt
1285,2019-09-09 12:35:12,3926.1263,ltcbtc
1285,2019-09-09 12:35:17,1088.454,etcusdt
1291,2019-09-09 12:35:17,7173.8552,ethbtc
1284,2019-09-09 12:35:28,14.8751,wtceth
1277,2019-09-09 12:35:29,8185.75,ethusdt
1289,2019-09-09 12:35:29,3819.9677,ltcusdt
1291,2019-09-09 12:35:31,3.0268,aeeth
1292,2019-09-09 12:35:34,118.3608,zrxusdt
1286,2019-09-09 12:35:38,2282.1336,ltcbtc
1294,2019-09-09 12:35:46,40775.9883,btcusdt
1297,2019-09-09 12:35:46,0.7384,mcoeth
1286,2019-09-09 12:35:48,2801.165,etcusdt
1287,2019-09-09 12:35:49,0.9021,gntusdt
1286,2019-09-09 12:35:50,1704.4472,omgusdt
1292,2019-09-09 12:35:52,11684.6443,ethbtc
1285,2019-09-09 12:35:58,37.9824,wtceth
1278,2019-09-09 12:35:59,11473.5878,ethusdt
1292,2019-09-09 12:36:03,9.0378,aeeth
1293,2019-09-09 12:36:04,3.0583,zrxusdt
1290,2019-09-09 12:36:08,11.9201,ltcusdt
1287,2019-09-09 12:36:16,1013.997,omgusdt
1287,2019-09-09 12:36:16,4363.1352,ltcbtc
1295,2019-09-09 12:36:17,52799.2714,btcusdt
1288,2019-09-09 12:36:20,20.2318,gntusdt
1293,2019-09-09 12:36:23,3308.3382,ethbtc
1279,2019-09-09 12:36:28,3916.3681,ethusdt
1298,2019-09-09 12:36:28,0.4882,mcoeth
1293,2019-09-09 12:36:30,4.8951,aeeth
1287,2019-09-09 12:36:31,578.4387,etcusdt
1286,2019-09-09 12:36:35,53.2424,wtceth
1291,2019-09-09 12:36:44,4651.4803,ltcusdt
1288,2019-09-09 12:36:44,2204.9104,omgusdt
1294,2019-09-09 12:36:49,75.1212,zrxusdt
1294,2019-09-09 12:36:51,436.7747,ethbtc
1280,2019-09-09 12:36:56,886.1499,ethusdt
1288,2019-09-09 12:36:57,2078.3989,ltcbtc
1289,2019-09-09 12:36:57,21.5608,gntusdt
1294,2019-09-09 12:36:58,7.2452,aeeth
1296,2019-09-09 12:36:59,32533.455,btcusdt
1287,2019-09-09 12:37:04,9.5436,wtceth
1299,2019-09-09 12:37:05,0.0918,mcoeth
1288,2019-09-09 12:37:14,1661.7667,etcusdt
1295,2019-09-09 12:37:14,77.014,zrxusdt
1289,2019-09-09 12:37:17,923.9485,omgusdt
1292,2019-09-09 12:37:23,4686.1205,ltcusdt
1289,2019-09-09 12:37:25,4109.102,ltcbtc
1295,2019-09-09 12:37:26,1979.3076,ethbtc
1288,2019-09-09 12:37:34,8.7229,wtceth
1281,2019-09-09 12:37:36,10410.686,ethusdt
1295,2019-09-09 12:37:36,14.231,aeeth
1290,2019-09-09 12:37:38,22.3473,gntusdt
1300,2019-09-09 12:37:41,0.1207,mcoeth
1296,2019-09-09 12:37:42,79.388,zrxusdt
1297,2019-09-09 12:37:43,2337.6395,btcusdt
1290,2019-09-09 12:37:45,1940.2353,omgusdt
1290,2019-09-09 12:37:52,1865.5017,ltcbtc
1293,2019-09-09 12:37:56,3949.3127,ltcusdt
1296,2019-09-09 12:37:56,1103.0972,ethbtc
1289,2019-09-09 12:37:58,1845.0706,etcusdt
1301,2019-09-09 12:38:06,0.0346,mcoeth
1296,2019-09-09 12:38:06,5.0593,aeeth
1289,2019-09-09 12:38:07,27.03,wtceth
1298,2019-09-09 12:38:08,36102.3724,btcusdt
1282,2019-09-09 12:38:10,1981.8932,ethusdt
1297,2019-09-09 12:38:13,61.092,zrxusdt
1291,2019-09-09 12:38:17,9.4252,gntusdt
1297,2019-09-09 12:38:21,284.0843,ethbtc
1294,2019-09-09 12:38:22,20.5694,ltcusdt
1291,2019-09-09 12:38:24,152.0842,omgusdt
1290,2019-09-09 12:38:33,16.1794,wtceth
1290,2019-09-09 12:38:33,2466.6246,etcusdt
1291,2019-09-09 12:38:36,2290.1643,ltcbtc
1298,2019-09-09 12:38:40,15.9088,zrxusdt
1299,2019-09-09 12:38:44,35555.0645,btcusdt
1297,2019-09-09 12:38:46,9.2766,aeeth
1295,2019-09-09 12:38:47,2020.4467,ltcusdt
1302,2019-09-09 12:38:49,0.1901,mcoeth
1283,2019-09-09 12:38:50,6217.6994,ethusdt
1292,2019-09-09 12:38:50,2274.8528,omgusdt
1298,2019-09-09 12:38:59,7971.3487,ethbtc
1292,2019-09-09 12:39:02,21.2479,gntusdt
1291,2019-09-09 12:39:07,19.9872,wtceth
1292,2019-09-09 12:39:13,2424.5271,ltcbtc
1291,2019-09-09 12:39:15,3488.4844,etcusdt
1303,2019-09-09 12:39:17,0.2983,mcoeth
1296,2019-09-09 12:39:18,641.4825,ltcusdt
1293,2019-09-09 12:39:18,256.5173,omgusdt
1299,2019-09-09 12:39:18,16.4004,zrxusdt
1300,2019-09-09 12:39:22,16085.4451,btcusdt
1298,2019-09-09 12:39:24,12.5951,aeeth
1284,2019-09-09 12:39:26,4906.5421,ethusdt
1293,2019-09-09 12:39:30,8.3639,gntusdt
1292,2019-09-09 12:39:41,385.883,etcusdt
1304,2019-09-09 12:39:42,0.1262,mcoeth
1299,2019-09-09 12:39:44,4885.57,ethbtc
1293,2019-09-09 12:39:45,523.3421,ltcbtc
1292,2019-09-09 12:39:52,4.6652,wtceth
1299,2019-09-09 12:39:54,13.1468,aeeth
1301,2019-09-09 12:39:56,31297.56,btcusdt
1300,2019-09-09 12:39:56,76.7235,zrxusdt
1297,2019-09-09 12:40:00,1882.1367,ltcusdt
1294,2019-09-09 12:40:02,2880.6648,omgusdt
1294,2019-09-09 12:40:05,17.3139,gntusdt
1293,2019-09-09 12:40:06,1862.1361,etcusdt
1285,2019-09-09 12:40:09,5861.1064,ethusdt
1300,2019-09-09 12:40:10,8270.929,ethbtc
1293,2019-09-09 12:40:19,2.1183,wtceth
1305,2019-09-09 12:40:19,0.1603,mcoeth
1294,2019-09-09 12:40:30,3979.9342,ltcbtc
1300,2019-09-09 12:40:32,1.7481,aeeth
1301,2019-09-09 12:40:33,56.3705,zrxusdt
1295,2019-09-09 12:40:34,1277.6777,omgusdt
1298,2019-09-09 12:40:36,4832.2807,ltcusdt
1286,2019-09-09 12:40:38,1250.5743,ethusdt
1294,2019-09-09 12:40:38,1713.1567,etcusdt
1302,2019-09-09 12:40:40,39024.3632,btcusdt
1301,2019-09-09 12:40:43,7898.9549,ethbtc
1295,2019-09-09 12:40:49,6.7444,gntusdt
1306,2019-09-09 12:40:52,0.6194,mcoeth
1295,2019-09-09 12:40:55,3209.4984,ltcbtc
1294,2019-09-09 12:40:59,44.4165,wtceth
1302,2019-09-09 12:41:02,11.968,zrxusdt
1299,2019-09-09 12:41:04,3900.7207,ltcusdt
1287,2019-09-09 12:41:11,9274.8627,ethusdt
1295,2019-09-09 12:41:13,28.3437,etcusdt
1296,2019-09-09 12:41:13,1880.5044,omgusdt
1296,2019-09-09 12:41:15,20.2148,gntusdt
1303,2019-09-09 12:41:16,8611.3977,btcusdt
1301,2019-09-09 12:41:16,7.4891,aeeth
1307,2019-09-09 12:41:17,0.3921,mcoeth
1302,2019-09-09 12:41:27,3222.1891,ethbtc
1300,2019-09-09 12:41:34,2020.0333,ltcusdt
1296,2019-09-09 12:41:35,2655.877,ltcbtc
1295,2019-09-09 12:41:38,44.2593,wtceth
1296,2019-09-09 12:41:39,3245.6364,etcusdt
1297,2019-09-09 12:41:43,14.5484,gntusdt
1303,2019-09-09 12:41:44,99.6425,zrxusdt
1288,2019-09-09 12:41:46,1955.664,ethusdt
1304,2019-09-09 12:41:50,36416.6588,btcusdt
1302,2019-09-09 12:41:51,14.6971,aeeth
1297,2019-09-09 12:41:55,1876.8084,omgusdt
1308,2019-09-09 12:42:00,0.4523,mcoeth
1303,2019-09-09 12:42:03,10188.3394,ethbtc
1301,2019-09-09 12:42:03,141.9064,ltcusdt
1297,2019-09-09 12:42:11,1569.0117,etcusdt
1304,2019-09-09 12:42:12,30.2469,zrxusdt
1297,2019-09-09 12:42:13,923.3622,ltcbtc
1298,2019-09-09 12:42:19,11.3544,gntusdt
1296,2019-09-09 12:42:22,17.2641,wtceth
1298,2019-09-09 12:42:24,2491.0694,omgusdt
1309,2019-09-09 12:42:25,0.0324,mcoeth
1289,2019-09-09 12:42:29,6264.4545,ethusdt
1303,2019-09-09 12:42:31,5.0134,aeeth
1305,2019-09-09 12:42:34,53744.47,btcusdt
1302,2019-09-09 12:42:42,553.8343,ltcusdt
1304,2019-09-09 12:42:43,2778.8049,ethbtc
1298,2019-09-09 12:42:44,1302.5973,ltcbtc
1305,2019-09-09 12:42:44,91.8497,zrxusdt
1298,2019-09-09 12:42:48,1369.6039,etcusdt
1297,2019-09-09 12:42:50,41.1683,wtceth
1310,2019-09-09 12:42:54,0.8224,mcoeth
1299,2019-09-09 12:42:56,0.8821,gntusdt
1290,2019-09-09 12:42:57,5508.4453,ethusdt
1299,2019-09-09 12:43:01,1458.9064,omgusdt
1304,2019-09-09 12:43:02,1.3306,aeeth
1306,2019-09-09 12:43:10,20016.7838,btcusdt
1303,2019-09-09 12:43:16,2305.948,ltcusdt
1306,2019-09-09 12:43:18,16.9972,zrxusdt
1305,2019-09-09 12:43:23,6980.121,ethbtc
1311,2019-09-09 12:43:25,0.3753,mcoeth
1299,2019-09-09 12:43:26,2112.7043,etcusdt
1299,2019-09-09 12:43:27,3808.6953,ltcbtc
1305,2019-09-09 12:43:27,6.7395,aeeth
1298,2019-09-09 12:43:34,13.1144,wtceth
1291,2019-09-09 12:43:36,84.7642,ethusdt
1300,2019-09-09 12:43:38,2.5848,gntusdt
1307,2019-09-09 12:43:39,26306.8973,btcusdt
1300,2019-09-09 12:43:44,2398.7891,omgusdt
1307,2019-09-09 12:43:45,57.8467,zrxusdt
1300,2019-09-09 12:43:53,3228.5146,ltcbtc
1306,2019-09-09 12:43:54,6.5163,aeeth
1304,2019-09-09 12:43:59,1765.6378,ltcusdt
1306,2019-09-09 12:44:00,2677.0483,ethbtc
1301,2019-09-09 12:44:03,18.0896,gntusdt
1300,2019-09-09 12:44:05,1941.5162,etcusdt
1312,2019-09-09 12:44:06,0.0836,mcoeth
1292,2019-09-09 12:44:06,6164.4007,ethusdt
1299,2019-09-09 12:44:12,24.9673,wtceth
1308,2019-09-09 12:44:17,116.9191,zrxusdt
1308,2019-09-09 12:44:23,51621.477,btcusdt
1307,2019-09-09 12:44:24,14.2091,aeeth
1301,2019-09-09 12:44:27,2471.2934,omgusdt
1305,2019-09-09 12:44:27,898.7374,ltcusdt
1307,2019-09-09 12:44:37,3044.053,ethbtc
1301,2019-09-09 12:44:38,4125.0185,ltcbtc
1313,2019-09-09 12:44:40,0.1118,mcoeth
1301,2019-09-09 12:44:40,695.7034,etcusdt
1302,2019-09-09 12:44:45,22.2355,gntusdt
1293,2019-09-09 12:44:47,3075.6688,ethusdt
1309,2019-09-09 12:44:48,109.0149,zrxusdt
1309,2019-09-09 12:44:53,52974.3748,btcusdt
1302,2019-09-09 12:44:54,2425.1071,omgusdt
1300,2019-09-09 12:44:55,33.1365,wtceth
1306,2019-09-09 12:44:56,3136.0045,ltcusdt
1308,2019-09-09 12:45:08,15.0238,aeeth
1308,2019-09-09 12:45:10,3330.5381,ethbtc
1302,2019-09-09 12:45:13,2568.9329,etcusdt
1302,2019-09-09 12:45:18,535.3785,ltcbtc
1310,2019-09-09 12:45:18,56.548,zrxusdt
1314,2019-09-09 12:45:19,0.3215,mcoeth
1294,2019-09-09 12:45:22,1579.8444,ethusdt
1310,2019-09-09 12:45:23,9232.3552,btcusdt
1303,2019-09-09 12:45:23,2420.2699,omgusdt
1301,2019-09-09 12:45:24,27.215,wtceth
1303,2019-09-09 12:45:29,15.9329,gntusdt
1307,2019-09-09 12:45:36,2789.0908,ltcusdt
1303,2019-09-09 12:45:44,484.1265,ltcbtc
1309,2019-09-09 12:45:47,4747.4991,ethbtc
1295,2019-09-09 12:45:51,10448.367,ethusdt
1309,2019-09-09 12:45:51,0.4337,aeeth
1304,2019-09-09 12:45:52,1811.073,omgusdt
1302,2019-09-09 12:45:53,37.3688,wtceth
1303,2019-09-09 12:45:53,2194.6017,etcusdt
1311,2019-09-09 12:45:57,126.3396,zrxusdt
1311,2019-09-09 12:45:57,17760.2176,btcusdt
1315,2019-09-09 12:45:59,0.5347,mcoeth
1304,2019-09-09 12:46:02,13.1646,gntusdt
1308,2019-09-09 12:46:13,3299.6947,ltcusdt
1304,2019-09-09 12:46:15,696.8756,ltcbtc
1310,2019-09-09 12:46:18,8480.3006,ethbtc
1310,2019-09-09 12:46:21,5.6305,aeeth
1305,2019-09-09 12:46:25,2521.263,omgusdt
1303,2019-09-09 12:46:30,50.9141,wtceth
1296,2019-09-09 12:46:31,3225.6549,ethusdt
1304,2019-09-09 12:46:33,1564.0855,etcusdt
1312,2019-09-09 12:46:35,73.9219,zrxusdt
1305,2019-09-09 12:46:35,11.3181,gntusdt
1312,2019-09-09 12:46:37,18267.3113,btcusdt
1309,2019-09-09 12:46:43,4306.0693,ltcusdt
1316,2019-09-09 12:46:44,0.6464,mcoeth
1311,2019-09-09 12:46:46,9.0232,aeeth
1306,2019-09-09 12:46:50,2935.828,omgusdt
1305,2019-09-09 12:46:54,254.6299,ltcbtc
1311,2019-09-09 12:46:54,7225.1339,ethbtc
1313,2019-09-09 12:47:00,2.7966,zrxusdt
1297,2019-09-09 12:47:00,7109.0781,ethusdt
1304,2019-09-09 12:47:02,13.9883,wtceth
1313,2019-09-09 12:47:07,58705.4455,btcusdt
1305,2019-09-09 12:47:15,3381.8062,etcusdt
1307,2019-09-09 12:47:15,521.5861,omgusdt
1306,2019-09-09 12:47:19,20.7114,gntusdt
1317,2019-09-09 12:47:23,0.4019,mcoeth
1312,2019-09-09 12:47:25,8288.0807,ethbtc
1312,2019-09-09 12:47:26,1.8286,aeeth
1310,2019-09-09 12:47:27,3666.9447,ltcusdt
1306,2019-09-09 12:47:27,2015.3471,ltcbtc
1305,2019-09-09 12:47:36,54.2022,wtceth
1298,2019-09-09 12:47:37,10951.5164,ethusdt
1306,2019-09-09 12:47:43,3481.5047,etcusdt
1314,2019-09-09 12:47:44,18218.2368,btcusdt
1307,2019-09-09 12:47:44,19.038,gntusdt
1314,2019-09-09 12:47:44,18.8427,zrxusdt
1308,2019-09-09 12:47:44,2120.5999,omgusdt
1307,2019-09-09 12:47:55,3257.4839,ltcbtc
1313,2019-09-09 12:48:00,6.7447,aeeth
1313,2019-09-09 12:48:00,10086.6216,ethbtc
1306,2019-09-09 12:48:07,52.6971,wtceth
1318,2019-09-09 12:48:08,0.834,mcoeth
1311,2019-09-09 12:48:08,93.6401,ltcusdt
1315,2019-09-09 12:48:11,94.1555,zrxusdt
1308,2019-09-09 12:48:13,15.8914,gntusdt
1299,2019-09-09 12:48:16,1772.4448,ethusdt
1315,2019-09-09 12:48:16,49885.0188,btcusdt
1309,2019-09-09 12:48:18,553.7489,omgusdt
1307,2019-09-09 12:48:20,2582.765,etcusdt
1308,2019-09-09 12:48:24,3674.6948,ltcbtc
1314,2019-09-09 12:48:30,15.2417,aeeth
1307,2019-09-09 12:48:33,52.9224,wtceth
1314,2019-09-09 12:48:41,10143.6714,ethbtc
1310,2019-09-09 12:48:43,1128.8019,omgusdt
1300,2019-09-09 12:48:45,8011.7223,ethusdt
1312,2019-09-09 12:48:48,1637.6643,ltcusdt
1316,2019-09-09 12:48:49,9687.2145,btcusdt
1319,2019-09-09 12:48:50,0.3501,mcoeth
1316,2019-09-09 12:48:52,41.3351,zrxusdt
1308,2019-09-09 12:48:54,2107.1248,etcusdt
1309,2019-09-09 12:48:57,6.2085,gntusdt
1308,2019-09-09 12:49:00,4.8789,wtceth
1309,2019-09-09 12:49:03,2501.1828,ltcbtc
1315,2019-09-09 12:49:08,3298.4153,ethbtc
1315,2019-09-09 12:49:11,7.9247,aeeth
1301,2019-09-09 12:49:14,6910.5349,ethusdt
1317,2019-09-09 12:49:14,57270.4162,btcusdt
1317,2019-09-09 12:49:21,63.3618,zrxusdt
1311,2019-09-09 12:49:23,1056.3953,omgusdt
1320,2019-09-09 12:49:23,0.4381,mcoeth
1309,2019-09-09 12:49:28,2736.1126,etcusdt
1313,2019-09-09 12:49:31,4776.5173,ltcusdt
1310,2019-09-09 12:49:32,117.8122,ltcbtc
1316,2019-09-09 12:49:35,8436.2841,ethbtc
1309,2019-09-09 12:49:35,22.0183,wtceth
1310,2019-09-09 12:49:36,12.9999,gntusdt
1316,2019-09-09 12:49:50,8.198,aeeth
1310,2019-09-09 12:49:54,1585.1473,etcusdt
1302,2019-09-09 12:49:54,473.9361,ethusdt
1312,2019-09-09 12:49:56,249.5869,omgusdt
1318,2019-09-09 12:49:56,58277.6227,btcusdt
1321,2019-09-09 12:50:02,0.9113,mcoeth
1318,2019-09-09 12:50:04,83.2203,zrxusdt
1310,2019-09-09 12:50:07,48.7545,wtceth
1311,2019-09-09 12:50:11,2551.1988,ltcbtc
1314,2019-09-09 12:50:11,1555.1158,ltcusdt
1311,2019-09-09 12:50:12,2.5815,gntusdt
1317,2019-09-09 12:50:16,12.8395,aeeth
1317,2019-09-09 12:50:19,9709.8511,ethbtc
1319,2019-09-09 12:50:29,9017.7109,btcusdt
1303,2019-09-09 12:50:30,4052.9979,ethusdt
1322,2019-09-09 12:50:30,0.5449,mcoeth
1313,2019-09-09 12:50:35,638.2355,omgusdt
1311,2019-09-09 12:50:39,2660.4684,etcusdt
1312,2019-09-09 12:50:42,19.3115,gntusdt
1311,2019-09-09 12:50:44,23.8648,wtceth
1319,2019-09-09 12:50:45,61.3915,zrxusdt
1315,2019-09-09 12:50:45,4828.1183,ltcusdt
1318,2019-09-09 12:50:46,2537.0245,ethbtc
1312,2019-09-09 12:50:56,4425.7193,ltcbtc
1318,2019-09-09 12:50:59,2.3063,aeeth
1314,2019-09-09 12:51:07,2634.6949,omgusdt
1312,2019-09-09 12:51:07,2861.5922,etcusdt
1316,2019-09-09 12:51:11,1858.4493,ltcusdt
1323,2019-09-09 12:51:13,0.8888,mcoeth
1313,2019-09-09 12:51:13,8.016,gntusdt
1304,2019-09-09 12:51:14,12101.8592,ethusdt
1320,2019-09-09 12:51:14,43526.1487,btcusdt
1319,2019-09-09 12:51:16,2098.5299,ethbtc
1320,2019-09-09 12:51:20,14.2109,zrxusdt
1312,2019-09-09 12:51:27,35.0699,wtceth
1313,2019-09-09 12:51:27,4420.4788,ltcbtc
1319,2019-09-09 12:51:33,14.025,aeeth
1313,2019-09-09 12:51:37,1377.0096,etcusdt
1315,2019-09-09 12:51:42,877.8313,omgusdt
1320,2019-09-09 12:51:43,9287.1903,ethbtc
1324,2019-09-09 12:51:46,0.1323,mcoeth
1317,2019-09-09 12:51:50,3747.9957,ltcusdt
1314,2019-09-09 12:51:51,17.5837,gntusdt
1314,2019-09-09 12:51:52,862.0883,ltcbtc
1321,2019-09-09 12:51:56,38930.0398,btcusdt
1305,2019-09-09 12:51:56,6445.8403,ethusdt
1321,2019-09-09 12:52:04,54.566,zrxusdt
1320,2019-09-09 12:52:06,16.095,aeeth
1313,2019-09-09 12:52:09,42.5788,wtceth
1314,2019-09-09 12:52:14,1216.776,etcusdt
1321,2019-09-09 12:52:15,1082.0514,ethbtc
1318,2019-09-09 12:52:16,97.6391,ltcusdt
1325,2019-09-09 12:52:19,0.1737,mcoeth
1316,2019-09-09 12:52:22,1419.0117,omgusdt
1315,2019-09-09 12:52:27,7.1437,gntusdt
1322,2019-09-09 12:52:27,29960.9656,btcusdt
1315,2019-09-09 12:52:34,4226.4866,ltcbtc
1321,2019-09-09 12:52:37,7.7801,aeeth
1306,2019-09-09 12:52:40,3150.7211,ethusdt
1322,2019-09-09 12:52:41,96.7904,zrxusdt
1326,2019-09-09 12:52:44,0.6904,mcoeth
1314,2019-09-09 12:52:48,52.3499,wtceth
1322,2019-09-09 12:52:48,8107.5091,ethbtc
1315,2019-09-09 12:52:50,992.238,etcusdt
1323,2019-09-09 12:52:54,8519.339,btcusdt
1319,2019-09-09 12:52:55,3545.468,ltcusdt
1317,2019-09-09 12:52:58,1647.1523,omgusdt
1316,2019-09-09 12:52:59,4077.4456,ltcbtc
1316,2019-09-09 12:53:12,11.66,gntusdt
1323,2019-09-09 12:53:13,89.4435,zrxusdt
1327,2019-09-09 12:53:16,0.1823,mcoeth
1307,2019-09-09 12:53:17,11449.4325,ethusdt
1322,2019-09-09 12:53:18,10.1276,aeeth
1323,2019-09-09 12:53:18,1622.9075,ethbtc
1316,2019-09-09 12:53:24,2970.2714,etcusdt
1324,2019-09-09 12:53:29,55739.132,btcusdt
1318,2019-09-09 12:53:29,276.535,omgusdt
1320,2019-09-09 12:53:31,4900.3034,ltcusdt
1315,2019-09-09 12:53:32,6.6385,wtceth
1317,2019-09-09 12:53:38,18.5238,gntusdt
1328,2019-09-09 12:53:41,0.0063,mcoeth
1317,2019-09-09 12:53:42,3696.718,ltcbtc
1308,2019-09-09 12:53:43,7794.281,ethusdt
1317,2019-09-09 12:53:52,1626.8622,etcusdt
1324,2019-09-09 12:53:52,86.9344,zrxusdt
1323,2019-09-09 12:53:58,7.2964,aeeth
1321,2019-09-09 12:54:01,3177.066,ltcusdt
1324,2019-09-09 12:54:01,9980.1535,ethbtc
1319,2019-09-09 12:54:02,1397.5331,omgusdt
1316,2019-09-09 12:54:03,15.2524,wtceth
1325,2019-09-09 12:54:08,13585.7539,btcusdt
1309,2019-09-09 12:54:14,3444.7888,ethusdt
1318,2019-09-09 12:54:15,2360.5774,ltcbtc
1318,2019-09-09 12:54:18,5.1087,gntusdt
1329,2019-09-09 12:54:18,0.7675,mcoeth
1324,2019-09-09 12:54:24,8.4518,aeeth
1318,2019-09-09 12:54:25,33.3145,etcusdt
1317,2019-09-09 12:54:30,5.8126,wtceth
1325,2019-09-09 12:54:30,27.599,zrxusdt
1320,2019-09-09 12:54:41,2541.9978,omgusdt
1326,2019-09-09 12:54:41,36949.0015,btcusdt
1322,2019-09-09 12:54:42,2131.3993,ltcusdt
1310,2019-09-09 12:54:46,11176.0212,ethusdt
1325,2019-09-09 12:54:46,1831.039,ethbtc
1319,2019-09-09 12:54:48,1551.2925,ltcbtc
1330,2019-09-09 12:54:54,0.1994,mcoeth
1325,2019-09-09 12:54:59,16.0185,aeeth
1319,2019-09-09 12:55:00,15.7267,gntusdt
1318,2019-09-09 12:55:03,35.8166,wtceth
1319,2019-09-09 12:55:05,607.8707,etcusdt
1326,2019-09-09 12:55:09,98.8913,zrxusdt
1311,2019-09-09 12:55:23,8058.23,ethusdt
1323,2019-09-09 12:55:23,3179.3917,ltcusdt
1321,2019-09-09 12:55:24,2545.1009,omgusdt
1327,2019-09-09 12:55:24,34048.9505,btcusdt
1326,2019-09-09 12:55:27,7.5863,aeeth
1326,2019-09-09 12:55:28,1478.9534,ethbtc
1320,2019-09-09 12:55:33,600.609,ltcbtc
1319,2019-09-09 12:55:35,45.7476,wtceth
1320,2019-09-09 12:55:35,1480.2198,etcusdt
1331,2019-09-09 12:55:37,0.0271,mcoeth
1327,2019-09-09 12:55:42,61.9105,zrxusdt
1320,2019-09-09 12:55:42,18.5466,gntusdt
1322,2019-09-09 12:55:49,1307.9923,omgusdt
1312,2019-09-09 12:55:52,12629.9469,ethusdt
1328,2019-09-09 12:55:58,489.9125,btcusdt
1327,2019-09-09 12:56:02,2.2536,aeeth
1324,2019-09-09 12:56:03,1751.7737,ltcusdt
1327,2019-09-09 12:56:05,10538.095,ethbtc
1332,2019-09-09 12:56:08,0.81,mcoeth
1320,2019-09-09 12:56:11,29.979,wtceth
1321,2019-09-09 12:56:15,3669.9866,ltcbtc
1321,2019-09-09 12:56:18,3422.3501,etcusdt
1321,2019-09-09 12:56:20,14.3671,gntusdt
1313,2019-09-09 12:56:20,3388.2794,ethusdt
1323,2019-09-09 12:56:21,1755.6613,omgusdt
1328,2019-09-09 12:56:21,120.5455,zrxusdt
1328,2019-09-09 12:56:30,9.0307,aeeth
1333,2019-09-09 12:56:36,0.8841,mcoeth
1329,2019-09-09 12:56:36,44157.7221,btcusdt
1328,2019-09-09 12:56:41,6124.2885,ethbtc
1325,2019-09-09 12:56:44,1579.5004,ltcusdt
1321,2019-09-09 12:56:45,17.9986,wtceth
1322,2019-09-09 12:56:48,12.1148,gntusdt
1314,2019-09-09 12:56:49,7694.9346,ethusdt
1322,2019-09-09 12:56:54,1325.887,etcusdt
1322,2019-09-09 12:56:57,3085.0393,ltcbtc
1324,2019-09-09 12:56:58,1639.4015,omgusdt
1329,2019-09-09 12:56:59,100.2913,zrxusdt
1334,2019-09-09 12:57:07,0.1374,mcoeth
1329,2019-09-09 12:57:10,5.2948,aeeth
1326,2019-09-09 12:57:18,1692.2929,ltcusdt
1323,2019-09-09 12:57:20,3.6824,gntusdt
1330,2019-09-09 12:57:20,29641.3126,btcusdt
1322,2019-09-09 12:57:21,19.2896,wtceth
1323,2019-09-09 12:57:21,2293.5578,etcusdt
1329,2019-09-09 12:57:22,8913.9785,ethbtc
1315,2019-09-09 12:57:30,2498.0123,ethusdt
1323,2019-09-09 12:57:30,1281.0375,ltcbtc
1335,2019-09-09 12:57:32,0.8369,mcoeth
1325,2019-09-09 12:57:34,1613.4642,omgusdt
1330,2019-09-09 12:57:35,111.0526,zrxusdt
1327,2019-09-09 12:57:46,1405.9398,ltcusdt
1330,2019-09-09 12:57:48,3.617,aeeth
1330,2019-09-09 12:57:51,7377.6999,ethbtc
1323,2019-09-09 12:57:57,14.2084,wtceth
1324,2019-09-09 12:58:00,3083.569,etcusdt
1331,2019-09-09 12:58:02,40454.3019,btcusdt
1324,2019-09-09 12:58:02,0.1628,gntusdt
1336,2019-09-09 12:58:03,0.5314,mcoeth
1316,2019-09-09 12:58:04,2516.3121,ethusdt
1326,2019-09-09 12:58:05,1018.6013,omgusdt
1324,2019-09-09 12:58:13,686.051,ltcbtc
1331,2019-09-09 12:58:17,49.8,zrxusdt
1328,2019-09-09 12:58:20,3174.6285,ltcusdt
1331,2019-09-09 12:58:26,2.0683,aeeth
1332,2019-09-09 12:58:29,52390.5746,btcusdt
1325,2019-09-09 12:58:29,1833.5048,etcusdt
1317,2019-09-09 12:58:32,4849.2963,ethusdt
1331,2019-09-09 12:58:35,8905.0626,ethbtc
1324,2019-09-09 12:58:38,52.8792,wtceth
1325,2019-09-09 12:58:41,105.7822,ltcbtc
1325,2019-09-09 12:58:44,15.4864,gntusdt
1337,2019-09-09 12:58:47,0.7887,mcoeth
1327,2019-09-09 12:58:48,1187.948,omgusdt
1329,2019-09-09 12:58:52,2332.671,ltcusdt
1332,2019-09-09 12:58:52,3.5617,aeeth
1332,2019-09-09 12:58:52,89.2008,zrxusdt
1326,2019-09-09 12:58:54,3605.0715,etcusdt
1325,2019-09-09 12:59:05,19.2785,wtceth
1332,2019-09-09 12:59:09,1490.046,ethbtc
1318,2019-09-09 12:59:11,112.3753,ethusdt
1326,2019-09-09 12:59:11,0.9932,gntusdt
1333,2019-09-09 12:59:14,6414.6581,btcusdt
1328,2019-09-09 12:59:17,2143.0818,omgusdt
1326,2019-09-09 12:59:22,476.6659,ltcbtc
1327,2019-09-09 12:59:23,722.9676,etcusdt
1333,2019-09-09 12:59:25,4.0899,aeeth
1330,2019-09-09 12:59:28,502.9663,ltcusdt
1333,2019-09-09 12:59:29,52.7758,zrxusdt
1338,2019-09-09 12:59:31,0.6988,mcoeth
1334,2019-09-09 12:59:44,16085.097,btcusdt
1333,2019-09-09 12:59:46,3344.9494,ethbtc
1327,2019-09-09 12:59:47,16.4002,gntusdt
1327,2019-09-09 12:59:47,401.8812,ltcbtc
1326,2019-09-09 12:59:49,1.1266,wtceth
1334,2019-09-09 12:59:54,64.2588,zrxusdt
1319,2019-09-09 12:59:54,2142.5326,ethusdt
1329,2019-09-09 12:59:56,2323.0211,omgusdt
1334,2019-09-09 12:59:59,2.3427,aeeth
1335,2019-09-09 13:00:26,13.3865,aeeth
1328,2019-09-09 13:00:27,431.9345,etcusdt
1331,2019-09-09 13:00:30,942.2582,ltcusdt
1334,2019-09-09 13:00:35,4540.8057,ethbtc
1328,2019-09-09 13:00:35,1964.0343,ltcbtc
1339,2019-09-09 13:00:35,0.6339,mcoeth
1320,2019-09-09 13:00:36,13288.0602,ethusdt
1335,2019-09-09 13:00:36,33148.8613,btcusdt
1330,2019-09-09 13:00:37,428.2438,omgusdt
1328,2019-09-09 13:00:39,1.2822,gntusdt
1327,2019-09-09 13:00:42,52.0116,wtceth
1335,2019-09-09 13:00:45,4.3334,zrxusdt
1331,2019-09-09 13:01:02,2939.0947,omgusdt
1336,2019-09-09 13:01:02,14.4252,aeeth
1332,2019-09-09 13:01:02,2391.5895,ltcusdt
1336,2019-09-09 13:01:07,33226.5977,btcusdt
1329,2019-09-09 13:01:10,2939.801,etcusdt
1329,2019-09-09 13:01:10,1499.2353,ltcbtc
1335,2019-09-09 13:01:12,10315.7167,ethbtc
1328,2019-09-09 13:01:12,50.2803,wtceth
1321,2019-09-09 13:01:14,8426.3337,ethusdt
1340,2019-09-09 13:01:18,0.5233,mcoeth
1336,2019-09-09 13:01:19,23.772,zrxusdt
1329,2019-09-09 13:01:19,1.1356,gntusdt
1337,2019-09-09 13:01:29,12.6719,aeeth
1332,2019-09-09 13:01:30,2230.2154,omgusdt
1337,2019-09-09 13:01:37,36276.8853,btcusdt
1333,2019-09-09 13:01:40,2741.6405,ltcusdt
1322,2019-09-09 13:01:41,3494.3467,ethusdt
1336,2019-09-09 13:01:41,4758.4149,ethbtc
1330,2019-09-09 13:01:44,3421.3039,etcusdt
1337,2019-09-09 13:01:47,40.9816,zrxusdt
1329,2019-09-09 13:01:47,29.1395,wtceth
1330,2019-09-09 13:01:52,6.6083,gntusdt
1330,2019-09-09 13:01:54,3094.5265,ltcbtc
1341,2019-09-09 13:02:00,0.459,mcoeth
1338,2019-09-09 13:02:02,40249.0626,btcusdt
1338,2019-09-09 13:02:03,4.1238,aeeth
1333,2019-09-09 13:02:04,2570.821,omgusdt
1331,2019-09-09 13:02:18,830.496,etcusdt
1331,2019-09-09 13:02:19,4716.1511,ltcbtc
1334,2019-09-09 13:02:21,3866.9021,ltcusdt
1331,2019-09-09 13:02:22,11.3847,gntusdt
1330,2019-09-09 13:02:24,9.6161,wtceth
1337,2019-09-09 13:02:24,10176.5375,ethbtc
1323,2019-09-09 13:02:25,3086.5521,ethusdt
1338,2019-09-09 13:02:25,153.4171,zrxusdt
1334,2019-09-09 13:02:34,2369.4136,omgusdt
1342,2019-09-09 13:02:39,0.291,mcoeth
1339,2019-09-09 13:02:43,5.5049,aeeth
1339,2019-09-09 13:02:45,2926.8118,btcusdt
1332,2019-09-09 13:02:57,24.3549,gntusdt
1324,2019-09-09 13:02:57,7904.513,ethusdt
1335,2019-09-09 13:03:01,3104.368,ltcusdt
1332,2019-09-09 13:03:01,3719.2493,ltcbtc
1332,2019-09-09 13:03:03,2765.4273,etcusdt
1331,2019-09-09 13:03:07,30.2314,wtceth
1339,2019-09-09 13:03:09,65.2746,zrxusdt
1338,2019-09-09 13:03:09,9410.3625,ethbtc
1340,2019-09-09 13:03:13,10.7412,aeeth
1335,2019-09-09 13:03:19,485.6859,omgusdt
1340,2019-09-09 13:03:19,30659.7882,btcusdt
1343,2019-09-09 13:03:24,0.1883,mcoeth
1333,2019-09-09 13:03:31,2698.4729,ltcbtc
1336,2019-09-09 13:03:34,3486.0987,ltcusdt
1325,2019-09-09 13:03:35,6750.1425,ethusdt
1339,2019-09-09 13:03:36,6175.3157,ethbtc
1333,2019-09-09 13:03:37,1961.0458,etcusdt
1333,2019-09-09 13:03:40,1.4868,gntusdt
1340,2019-09-09 13:03:42,18.9029,zrxusdt
1341,2019-09-09 13:03:49,9.5978,aeeth
1332,2019-09-09 13:03:50,42.2739,wtceth
1341,2019-09-09 13:03:52,18990.9668,btcusdt
1336,2019-09-09 13:03:58,1932.0488,omgusdt
1344,2019-09-09 13:04:01,0.5066,mcoeth
1334,2019-09-09 13:04:03,1123.5631,etcusdt
1337,2019-09-09 13:04:03,3216.9962,ltcusdt
1326,2019-09-09 13:04:04,712.95,ethusdt
1340,2019-09-09 13:04:12,8576.041,ethbtc
1334,2019-09-09 13:04:13,5176.7974,ltcbtc
1334,2019-09-09 13:04:15,8.1494,gntusdt
1341,2019-09-09 13:04:19,172.5861,zrxusdt
1342,2019-09-09 13:04:21,5.5753,aeeth
1337,2019-09-09 13:04:23,2221.1538,omgusdt
1333,2019-09-09 13:04:28,32.3208,wtceth
1342,2019-09-09 13:04:31,49006.1833,btcusdt
1345,2019-09-09 13:04:32,0.4846,mcoeth
1335,2019-09-09 13:04:37,81.8223,etcusdt
1341,2019-09-09 13:04:39,2257.3985,ethbtc
1327,2019-09-09 13:04:42,7755.073,ethusdt
1338,2019-09-09 13:04:48,3333.6308,ltcusdt
1335,2019-09-09 13:04:49,62.1353,ltcbtc
1342,2019-09-09 13:04:49,27.7437,zrxusdt
1338,2019-09-09 13:04:52,475.4733,omgusdt
1343,2019-09-09 13:04:52,7.6101,aeeth
1335,2019-09-09 13:04:53,9.3588,gntusdt
1346,2019-09-09 13:05:04,0.0573,mcoeth
1334,2019-09-09 13:05:09,53.5499,wtceth
1343,2019-09-09 13:05:11,14204.8594,btcusdt
1336,2019-09-09 13:05:12,1414.5342,etcusdt
1328,2019-09-09 13:05:17,6114.3056,ethusdt
1339,2019-09-09 13:05:18,2368.4504,omgusdt
1342,2019-09-09 13:05:23,12274.4068,ethbtc
1336,2019-09-09 13:05:24,2946.4652,ltcbtc
1339,2019-09-09 13:05:31,3247.8785,ltcusdt
1343,2019-09-09 13:05:32,33.9008,zrxusdt
1344,2019-09-09 13:05:32,10.0674,aeeth
1336,2019-09-09 13:05:33,13.5829,gntusdt
1335,2019-09-09 13:05:37,32.4037,wtceth
1347,2019-09-09 13:05:43,0.8889,mcoeth
1329,2019-09-09 13:05:44,13130.9889,ethusdt
1337,2019-09-09 13:05:46,2947.0051,etcusdt
1340,2019-09-09 13:05:48,842.2245,omgusdt
1344,2019-09-09 13:05:51,37516.8612,btcusdt
1337,2019-09-09 13:05:55,4787.6661,ltcbtc
1343,2019-09-09 13:05:55,12883.4198,ethbtc
1340,2019-09-09 13:05:58,752.5938,ltcusdt
1344,2019-09-09 13:06:01,115.074,zrxusdt
1336,2019-09-09 13:06:05,28.4271,wtceth
1345,2019-09-09 13:06:08,14.4432,aeeth
1337,2019-09-09 13:06:10,13.0605,gntusdt
1341,2019-09-09 13:06:17,577.952,omgusdt
1348,2019-09-09 13:06:17,1.0941,mcoeth
1345,2019-09-09 13:06:19,1332.1025,btcusdt
1344,2019-09-09 13:06:21,4473.2129,ethbtc
1338,2019-09-09 13:06:23,2098.6316,etcusdt
1330,2019-09-09 13:06:26,7350.895,ethusdt
1345,2019-09-09 13:06:28,28.4346,zrxusdt
1338,2019-09-09 13:06:34,4877.7338,ltcbtc
1341,2019-09-09 13:06:36,4441.9165,ltcusdt
1337,2019-09-09 13:06:39,46.0528,wtceth
1338,2019-09-09 13:06:39,22.1894,gntusdt
1346,2019-09-09 13:06:45,1.0491,aeeth
1349,2019-09-09 13:06:53,0.5347,mcoeth
1342,2019-09-09 13:06:58,1364.1019,omgusdt
1339,2019-09-09 13:07:01,2578.7005,ltcbtc
1331,2019-09-09 13:07:02,12393.4488,ethusdt
1339,2019-09-09 13:07:03,3133.208,etcusdt
1346,2019-09-09 13:07:04,43433.3764,btcusdt
1345,2019-09-09 13:07:06,12728.7557,ethbtc
1346,2019-09-09 13:07:10,124.68,zrxusdt
1338,2019-09-09 13:07:13,50.0151,wtceth
1342,2019-09-09 13:07:14,3960.6751,ltcusdt
1347,2019-09-09 13:07:16,7.0429,aeeth
1350,2019-09-09 13:07:22,0.8127,mcoeth
1339,2019-09-09 13:07:23,24.999,gntusdt
1332,2019-09-09 13:07:28,2746.8304,ethusdt
1340,2019-09-09 13:07:37,3446.014,ltcbtc
1343,2019-09-09 13:07:41,1927.7149,omgusdt
1346,2019-09-09 13:07:44,12499.9477,ethbtc
1343,2019-09-09 13:07:44,120.2147,ltcusdt
1340,2019-09-09 13:07:44,2673.8458,etcusdt
1347,2019-09-09 13:07:45,44565.4492,btcusdt
1339,2019-09-09 13:07:51,31.4827,wtceth
1347,2019-09-09 13:07:53,124.2661,zrxusdt
1333,2019-09-09 13:07:54,9720.7975,ethusdt
1348,2019-09-09 13:08:00,8.8445,aeeth
1351,2019-09-09 13:08:04,0.5063,mcoeth
1340,2019-09-09 13:08:07,6.172,gntusdt
1344,2019-09-09 13:08:11,1757.1577,ltcusdt
1341,2019-09-09 13:08:13,3541.9356,ltcbtc
1347,2019-09-09 13:08:14,9133.5411,ethbtc
1344,2019-09-09 13:08:16,1925.2258,omgusdt
1341,2019-09-09 13:08:24,372.4241,etcusdt
1348,2019-09-09 13:08:26,17888.6462,btcusdt
1340,2019-09-09 13:08:33,67.7747,wtceth
1334,2019-09-09 13:08:34,7320.92,ethusdt
1348,2019-09-09 13:08:36,81.7173,zrxusdt
1349,2019-09-09 13:08:41,7.7823,aeeth
1348,2019-09-09 13:08:42,1381.3788,ethbtc
1341,2019-09-09 13:08:43,0.4631,gntusdt
1345,2019-09-09 13:08:44,1872.2668,omgusdt
1352,2019-09-09 13:08:44,0.0122,mcoeth
1342,2019-09-09 13:08:54,4020.7323,ltcbtc
1345,2019-09-09 13:08:54,2528.0235,ltcusdt
1349,2019-09-09 13:09:01,26720.869,btcusdt
1335,2019-09-09 13:09:04,14302.9779,ethusdt
1342,2019-09-09 13:09:06,312.0854,etcusdt
1342,2019-09-09 13:09:10,11.2713,gntusdt
1349,2019-09-09 13:09:11,11520.2896,ethbtc
1341,2019-09-09 13:09:13,29.5722,wtceth
1349,2019-09-09 13:09:16,56.0556,zrxusdt
1353,2019-09-09 13:09:16,0.5101,mcoeth
1350,2019-09-09 13:09:21,12.9819,aeeth
1346,2019-09-09 13:09:23,21.137,omgusdt
1343,2019-09-09 13:09:27,3477.7028,ltcbtc
1336,2019-09-09 13:09:31,7005.3713,ethusdt
1343,2019-09-09 13:09:33,1308.7507,etcusdt
1343,2019-09-09 13:09:35,25.4278,gntusdt
1346,2019-09-09 13:09:38,805.6738,ltcusdt
1350,2019-09-09 13:09:46,44975.7265,btcusdt
1351,2019-09-09 13:09:47,9.7128,aeeth
1342,2019-09-09 13:09:49,38.4879,wtceth
1350,2019-09-09 13:09:53,6508.7916,ethbtc
1354,2019-09-09 13:09:54,0.3798,mcoeth
1350,2019-09-09 13:09:56,160.7516,zrxusdt
1344,2019-09-09 13:09:56,5248.0623,ltcbtc
1344,2019-09-09 13:10:03,2.5863,gntusdt
1344,2019-09-09 13:10:05,1572.2585,etcusdt
1347,2019-09-09 13:10:05,927.4743,omgusdt
1337,2019-09-09 13:10:12,8598.0823,ethusdt
1352,2019-09-09 13:10:13,4.976,aeeth
1343,2019-09-09 13:10:16,3.652,wtceth
1347,2019-09-09 13:10:18,1634.3633,ltcusdt
1351,2019-09-09 13:10:22,0.6558,zrxusdt
1355,2019-09-09 13:10:26,0.6109,mcoeth
1345,2019-09-09 13:10:26,1476.201,ltcbtc
1351,2019-09-09 13:10:27,30780.9475,btcusdt
1345,2019-09-09 13:10:29,8.473,gntusdt
1351,2019-09-09 13:10:30,11102.8559,ethbtc
1353,2019-09-09 13:10:40,11.7566,aeeth
1338,2019-09-09 13:10:40,5599.0452,ethusdt
1348,2019-09-09 13:10:43,1423.362,omgusdt
1344,2019-09-09 13:10:44,36.4725,wtceth
1345,2019-09-09 13:10:44,2146.98,etcusdt
1346,2019-09-09 13:10:53,3269.4653,ltcbtc
1352,2019-09-09 13:10:54,29577.1046,btcusdt
1348,2019-09-09 13:10:55,2897.9173,ltcusdt
1352,2019-09-09 13:11:01,69.2488,zrxusdt
1346,2019-09-09 13:11:04,15.7309,gntusdt
1352,2019-09-09 13:11:05,2803.9741,ethbtc
1356,2019-09-09 13:11:08,0.6529,mcoeth
1354,2019-09-09 13:11:19,11.8838,aeeth
1349,2019-09-09 13:11:19,2869.8687,omgusdt
1345,2019-09-09 13:11:21,40.7488,wtceth
1339,2019-09-09 13:11:22,6315.3321,ethusdt
1349,2019-09-09 13:11:23,1926.1192,ltcusdt
1347,2019-09-09 13:11:25,4437.2888,ltcbtc
1346,2019-09-09 13:11:25,1251.3344,etcusdt
1347,2019-09-09 13:11:30,11.1732,gntusdt
1353,2019-09-09 13:11:37,5283.5606,ethbtc
1353,2019-09-09 13:11:38,28399.2888,btcusdt
1353,2019-09-09 13:11:44,56.7452,zrxusdt
1357,2019-09-09 13:11:47,0.7904,mcoeth
1350,2019-09-09 13:11:52,3673.3012,ltcusdt
1340,2019-09-09 13:11:54,7576.0104,ethusdt
1355,2019-09-09 13:11:57,5.2615,aeeth
1350,2019-09-09 13:11:58,382.6773,omgusdt
1347,2019-09-09 13:12:00,3579.6177,etcusdt
1346,2019-09-09 13:12:03,26.598,wtceth
1348,2019-09-09 13:12:09,2356.2828,ltcbtc
1354,2019-09-09 13:12:12,9118.0157,ethbtc
1348,2019-09-09 13:12:14,13.9902,gntusdt
1354,2019-09-09 13:12:14,23687.0417,btcusdt
1354,2019-09-09 13:12:15,174.856,zrxusdt
1358,2019-09-09 13:12:17,1.1631,mcoeth
1356,2019-09-09 13:12:22,8.3642,aeeth
1351,2019-09-09 13:12:27,1229.6229,ltcusdt
1348,2019-09-09 13:12:28,974.3851,etcusdt
1341,2019-09-09 13:12:33,13545.5681,ethusdt
1349,2019-09-09 13:12:38,3199.7699,ltcbtc
1351,2019-09-09 13:12:38,3219.726,omgusdt
1355,2019-09-09 13:12:39,7473.9411,ethbtc
1355,2019-09-09 13:12:42,115.2507,zrxusdt
1347,2019-09-09 13:12:48,46.0893,wtceth
1349,2019-09-09 13:12:51,5.5151,gntusdt
1359,2019-09-09 13:12:53,0.0403,mcoeth
1355,2019-09-09 13:12:53,29890.2083,btcusdt
1357,2019-09-09 13:12:54,1.9023,aeeth
1342,2019-09-09 13:13:04,12288.4521,ethusdt
1349,2019-09-09 13:13:04,4071.4841,etcusdt
1352,2019-09-09 13:13:09,2767.039,ltcusdt
1352,2019-09-09 13:13:10,1281.049,omgusdt
1356,2019-09-09 13:13:16,175.9244,zrxusdt
1350,2019-09-09 13:13:19,1980.6907,ltcbtc
1358,2019-09-09 13:13:20,10.0022,aeeth
1356,2019-09-09 13:13:20,3976.1914,ethbtc
1350,2019-09-09 13:13:22,10.0445,gntusdt
1348,2019-09-09 13:13:26,2.7298,wtceth
1360,2019-09-09 13:13:30,0.8282,mcoeth
1343,2019-09-09 13:13:38,1952.5917,ethusdt
1356,2019-09-09 13:13:38,17788.5254,btcusdt
1353,2019-09-09 13:13:38,2706.3887,ltcusdt
1350,2019-09-09 13:13:40,3702.5732,etcusdt
1357,2019-09-09 13:13:41,92.5858,zrxusdt
1353,2019-09-09 13:13:47,3517.4851,omgusdt
1351,2019-09-09 13:13:47,22.192,gntusdt
1359,2019-09-09 13:13:51,3.5506,aeeth
1351,2019-09-09 13:14:01,4663.2005,ltcbtc
1357,2019-09-09 13:14:02,1049.7976,ethbtc
1349,2019-09-09 13:14:06,31.6157,wtceth
1344,2019-09-09 13:14:09,8994.7361,ethusdt
1361,2019-09-09 13:14:13,0.9436,mcoeth
1354,2019-09-09 13:14:18,4256.1707,ltcusdt
1352,2019-09-09 13:14:18,21.5824,gntusdt
1358,2019-09-09 13:14:20,168.3005,zrxusdt
1357,2019-09-09 13:14:22,21888.053,btcusdt
1354,2019-09-09 13:14:22,145.1965,omgusdt
1351,2019-09-09 13:14:25,3931.3055,etcusdt
1360,2019-09-09 13:14:28,7.0762,aeeth
1358,2019-09-09 13:14:32,4810.6265,ethbtc
1352,2019-09-09 13:14:33,635.754,ltcbtc
1350,2019-09-09 13:14:34,4.6555,wtceth
1355,2019-09-09 13:14:47,1986.4091,ltcusdt
1355,2019-09-09 13:14:48,2517.755,omgusdt
1345,2019-09-09 13:14:48,6976.3758,ethusdt
1362,2019-09-09 13:14:50,0.5489,mcoeth
1352,2019-09-09 13:14:54,2136.4366,etcusdt
1358,2019-09-09 13:14:58,24676.4415,btcusdt
1361,2019-09-09 13:14:58,1.4527,aeeth
1353,2019-09-09 13:15:01,24.9716,gntusdt
1351,2019-09-09 13:15:01,1.2168,wtceth
1359,2019-09-09 13:15:04,17.279,zrxusdt
1359,2019-09-09 13:15:08,12476.2186,ethbtc
1353,2019-09-09 13:15:15,1163.0641,ltcbtc
1356,2019-09-09 13:15:22,3053.4289,ltcusdt
1363,2019-09-09 13:15:22,0.9416,mcoeth
1356,2019-09-09 13:15:23,2981.6067,omgusdt
1362,2019-09-09 13:15:24,5.9864,aeeth
1354,2019-09-09 13:15:26,12.917,gntusdt
1346,2019-09-09 13:15:27,14257.7973,ethusdt
1353,2019-09-09 13:15:36,2773.3223,etcusdt
1359,2019-09-09 13:15:39,1788.2378,btcusdt
1352,2019-09-09 13:15:40,41.4224,wtceth
1360,2019-09-09 13:15:43,154.2031,zrxusdt
1360,2019-09-09 13:15:43,6232.6376,ethbtc
1354,2019-09-09 13:15:47,5187.0448,ltcbtc
1363,2019-09-09 13:15:52,11.1141,aeeth
1347,2019-09-09 13:15:54,3540.6572,ethusdt
1357,2019-09-09 13:15:58,4312.8124,ltcusdt
1364,2019-09-09 13:15:58,0.0441,mcoeth
1355,2019-09-09 13:16:05,18.7718,gntusdt
1357,2019-09-09 13:16:06,899.7509,omgusdt
1353,2019-09-09 13:16:14,19.938,wtceth
1354,2019-09-09 13:16:15,710.5063,etcusdt
1355,2019-09-09 13:16:17,1073.5375,ltcbtc
1360,2019-09-09 13:16:17,9128.2939,btcusdt
1361,2019-09-09 13:16:24,20.2327,zrxusdt
1348,2019-09-09 13:16:25,8875.5289,ethusdt
1361,2019-09-09 13:16:27,2302.3973,ethbtc
1364,2019-09-09 13:16:29,1.6578,aeeth
1365,2019-09-09 13:16:32,0.7695,mcoeth
1356,2019-09-09 13:16:32,5.3211,gntusdt
1358,2019-09-09 13:16:35,156.8442,ltcusdt
1358,2019-09-09 13:16:35,1626.2941,omgusdt
1354,2019-09-09 13:16:49,28.7554,wtceth
1362,2019-09-09 13:16:50,151.9387,zrxusdt
1349,2019-09-09 13:16:53,1829.2534,ethusdt
1356,2019-09-09 13:16:54,4228.3807,ltcbtc
1355,2019-09-09 13:16:59,2537.5998,etcusdt
1357,2019-09-09 13:17:01,25.9577,gntusdt
1361,2019-09-09 13:17:02,36604.4786,btcusdt
1362,2019-09-09 13:17:02,9257.7604,ethbtc
1359,2019-09-09 13:17:03,3911.1731,ltcusdt
1359,2019-09-09 13:17:04,3098.9394,omgusdt
1366,2019-09-09 13:17:06,0.8552,mcoeth
1365,2019-09-09 13:17:08,8.1354,aeeth
1355,2019-09-09 13:17:16,57.4821,wtceth
1363,2019-09-09 13:17:25,169.3643,zrxusdt
1350,2019-09-09 13:17:27,11499.0253,ethusdt
1357,2019-09-09 13:17:34,5018.8542,ltcbtc
1363,2019-09-09 13:17:35,5437.8199,ethbtc
1358,2019-09-09 13:17:37,23.5184,gntusdt
1360,2019-09-09 13:17:37,1915.6473,ltcusdt
1360,2019-09-09 13:17:39,164.0804,omgusdt
1356,2019-09-09 13:17:41,3422.1743,etcusdt
1366,2019-09-09 13:17:45,5.6842,aeeth
1356,2019-09-09 13:17:47,8.1095,wtceth
1362,2019-09-09 13:17:47,20557.6377,btcusdt
1367,2019-09-09 13:17:49,0.2223,mcoeth
1351,2019-09-09 13:17:59,13330.2846,ethusdt
1364,2019-09-09 13:18:04,29.9511,zrxusdt
1361,2019-09-09 13:18:07,16.311,ltcusdt
1358,2019-09-09 13:18:13,731.2161,ltcbtc
1367,2019-09-09 13:18:13,9.1322,aeeth
1357,2019-09-09 13:18:13,3015.2738,etcusdt
1364,2019-09-09 13:18:14,9355.5698,ethbtc
1361,2019-09-09 13:18:18,3061.3341,omgusdt
1359,2019-09-09 13:18:21,16.1227,gntusdt
1368,2019-09-09 13:18:24,1.085,mcoeth
1363,2019-09-09 13:18:28,53038.2407,btcusdt
1357,2019-09-09 13:18:29,55.2496,wtceth
1365,2019-09-09 13:18:30,143.3221,zrxusdt
1362,2019-09-09 13:18:32,3023.9642,ltcusdt
1359,2019-09-09 13:18:38,2467.7869,ltcbtc
1352,2019-09-09 13:18:39,2251.8963,ethusdt
1358,2019-09-09 13:18:41,1891.3721,etcusdt
1369,2019-09-09 13:18:49,0.3435,mcoeth
1368,2019-09-09 13:18:53,3.7604,aeeth
1365,2019-09-09 13:18:53,4245.9521,ethbtc
1364,2019-09-09 13:18:54,34425.2445,btcusdt
1358,2019-09-09 13:18:58,47.4238,wtceth
1362,2019-09-09 13:18:58,333.2222,omgusdt
1366,2019-09-09 13:19:02,140.9845,zrxusdt
1363,2019-09-09 13:19:03,3116.4234,ltcusdt
1360,2019-09-09 13:19:03,6.3711,gntusdt
1360,2019-09-09 13:19:04,5013.0399,ltcbtc
1353,2019-09-09 13:19:15,11106.936,ethusdt
1359,2019-09-09 13:19:17,640.089,etcusdt
1369,2019-09-09 13:19:18,1.1034,aeeth
1370,2019-09-09 13:19:29,0.7765,mcoeth
1366,2019-09-09 13:19:33,7436.4736,ethbtc
1365,2019-09-09 13:19:33,3780.348,btcusdt
1359,2019-09-09 13:19:36,12.6,wtceth
1364,2019-09-09 13:19:40,3900.1718,ltcusdt
1361,2019-09-09 13:19:41,2826.603,ltcbtc
1361,2019-09-09 13:19:41,4.7411,gntusdt
1363,2019-09-09 13:19:42,592.996,omgusdt
1367,2019-09-09 13:19:45,166.05,zrxusdt
1370,2019-09-09 13:19:47,8.5086,aeeth
1354,2019-09-09 13:19:48,11010.8845,ethusdt
1360,2019-09-09 13:19:55,847.493,etcusdt
1371,2019-09-09 13:19:59,0.4279,mcoeth
1366,2019-09-09 13:20:05,9527.7933,btcusdt
1365,2019-09-09 13:20:09,1654.2181,ltcusdt
1362,2019-09-09 13:20:11,3366.9687,ltcbtc
1360,2019-09-09 13:20:12,51.0984,wtceth
1367,2019-09-09 13:20:17,127.5479,ethbtc
1368,2019-09-09 13:20:22,140.6431,zrxusdt
1362,2019-09-09 13:20:24,15.1411,gntusdt
1364,2019-09-09 13:20:24,3423.5411,omgusdt
1372,2019-09-09 13:20:26,0.912,mcoeth
1355,2019-09-09 13:20:27,7562.1129,ethusdt
1361,2019-09-09 13:20:30,4085.3751,etcusdt
1367,2019-09-09 13:20:30,38911.3827,btcusdt
1371,2019-09-09 13:20:31,10.7935,aeeth
1366,2019-09-09 13:20:47,388.3782,ltcusdt
1363,2019-09-09 13:20:50,4137.5147,ltcbtc
1363,2019-09-09 13:20:50,9.8466,gntusdt
1368,2019-09-09 13:20:54,3503.1756,ethbtc
1361,2019-09-09 13:20:56,57.2818,wtceth
1368,2019-09-09 13:20:58,31620.6961,btcusdt
1365,2019-09-09 13:21:01,2977.2745,omgusdt
1372,2019-09-09 13:21:01,4.9644,aeeth
1362,2019-09-09 13:21:07,1786.3103,etcusdt
1369,2019-09-09 13:21:07,173.6658,zrxusdt
1356,2019-09-09 13:21:09,10938.4314,ethusdt
1373,2019-09-09 13:21:11,0.5381,mcoeth
1367,2019-09-09 13:21:15,344.6046,ltcusdt
1364,2019-09-09 13:21:21,7.3857,gntusdt
1364,2019-09-09 13:21:21,4756.4982,ltcbtc
1369,2019-09-09 13:21:28,5884.6855,ethbtc
1369,2019-09-09 13:21:32,34980.777,btcusdt
1362,2019-09-09 13:21:33,47.8864,wtceth
1370,2019-09-09 13:21:34,38.1348,zrxusdt
1366,2019-09-09 13:21:41,1.5116,omgusdt
1373,2019-09-09 13:21:44,2.7523,aeeth
1374,2019-09-09 13:21:44,1.144,mcoeth
1357,2019-09-09 13:21:45,6987.07,ethusdt
1363,2019-09-09 13:21:47,2410.429,etcusdt
1365,2019-09-09 13:21:54,3969.0317,ltcbtc
1368,2019-09-09 13:21:55,582.8053,ltcusdt
1365,2019-09-09 13:22:03,1.7206,gntusdt
1370,2019-09-09 13:22:09,38344.0362,btcusdt
1370,2019-09-09 13:22:10,7478.0973,ethbtc
1374,2019-09-09 13:22:10,3.0886,aeeth
1363,2019-09-09 13:22:13,33.2156,wtceth
1371,2019-09-09 13:22:15,105.8209,zrxusdt
1367,2019-09-09 13:22:15,1284.6289,omgusdt
1364,2019-09-09 13:22:16,2562.6805,etcusdt
1375,2019-09-09 13:22:27,0.3806,mcoeth
1358,2019-09-09 13:22:30,7947.8459,ethusdt
1369,2019-09-09 13:22:34,3058.4254,ltcusdt
1366,2019-09-09 13:22:35,663.448,ltcbtc
1366,2019-09-09 13:22:35,25.3162,gntusdt
1375,2019-09-09 13:22:35,3.498,aeeth
1371,2019-09-09 13:22:37,3825.9027,ethbtc
1372,2019-09-09 13:22:46,119.7691,zrxusdt
1365,2019-09-09 13:22:52,2266.8762,etcusdt
1371,2019-09-09 13:22:54,12050.7469,btcusdt
1376,2019-09-09 13:22:57,1.026,mcoeth
1364,2019-09-09 13:22:57,30.0503,wtceth
1368,2019-09-09 13:22:57,1727.4246,omgusdt
1367,2019-09-09 13:23:01,1685.0841,ltcbtc
1367,2019-09-09 13:23:01,18.5647,gntusdt
1359,2019-09-09 13:23:02,8275.4305,ethusdt
1370,2019-09-09 13:23:04,4007.7853,ltcusdt
1376,2019-09-09 13:23:05,7.2584,aeeth
1372,2019-09-09 13:23:06,5978.4635,ethbtc
1373,2019-09-09 13:23:13,83.2935,zrxusdt
1377,2019-09-09 13:23:25,1.0255,mcoeth
1365,2019-09-09 13:23:27,60.2475,wtceth
1368,2019-09-09 13:23:28,4197.9285,ltcbtc
1373,2019-09-09 13:23:31,8173.5147,ethbtc
1372,2019-09-09 13:23:32,53421.0436,btcusdt
1377,2019-09-09 13:23:35,5.5507,aeeth
1369,2019-09-09 13:23:35,794.7769,omgusdt
1366,2019-09-09 13:23:37,2949.4648,etcusdt
1368,2019-09-09 13:23:38,4.6671,gntusdt
1371,2019-09-09 13:23:44,440.6271,ltcusdt
1360,2019-09-09 13:23:46,11973.5798,ethusdt
1374,2019-09-09 13:23:53,78.3282,zrxusdt
1369,2019-09-09 13:23:53,1105.3758,ltcbtc
1366,2019-09-09 13:23:56,17.7699,wtceth
1374,2019-09-09 13:23:58,9157.4993,ethbtc
1378,2019-09-09 13:24:00,8.0166,aeeth
1370,2019-09-09 13:24:00,3230.5493,omgusdt
1378,2019-09-09 13:24:00,0.5477,mcoeth
1367,2019-09-09 13:24:08,2719.6873,etcusdt
1372,2019-09-09 13:24:09,3584.1759,ltcusdt
1373,2019-09-09 13:24:15,8140.8219,btcusdt
1369,2019-09-09 13:24:20,21.6276,gntusdt
1361,2019-09-09 13:24:23,10113.7331,ethusdt
1367,2019-09-09 13:24:32,65.593,wtceth
1370,2019-09-09 13:24:33,1006.9851,ltcbtc
1368,2019-09-09 13:24:36,4014.2278,etcusdt
1371,2019-09-09 13:24:36,1623.8179,omgusdt
1375,2019-09-09 13:24:36,80.7685,zrxusdt
1375,2019-09-09 13:24:37,369.5918,ethbtc
1374,2019-09-09 13:24:40,36961.1454,btcusdt
1379,2019-09-09 13:24:41,1.3273,mcoeth
1379,2019-09-09 13:24:45,11.3541,aeeth
1373,2019-09-09 13:24:52,2559.0831,ltcusdt
1362,2019-09-09 13:24:56,11219.1477,ethusdt
1370,2019-09-09 13:25:01,15.5382,gntusdt
1376,2019-09-09 13:25:02,87.4463,zrxusdt
1368,2019-09-09 13:25:03,39.0079,wtceth
1371,2019-09-09 13:25:04,4752.0227,ltcbtc
1372,2019-09-09 13:25:05,1042.8532,omgusdt
1375,2019-09-09 13:25:05,46736.141,btcusdt
1369,2019-09-09 13:25:06,2850.9963,etcusdt
1376,2019-09-09 13:25:15,6815.5342,ethbtc
1363,2019-09-09 13:25:21,1800.4542,ethusdt
1380,2019-09-09 13:25:23,3.6833,aeeth
1380,2019-09-09 13:25:25,0.1162,mcoeth
1374,2019-09-09 13:25:28,816.8972,ltcusdt
1371,2019-09-09 13:25:35,16.0715,gntusdt
1373,2019-09-09 13:25:36,3046.7135,omgusdt
1369,2019-09-09 13:25:40,39.3924,wtceth
1376,2019-09-09 13:25:40,28784.9992,btcusdt
1377,2019-09-09 13:25:40,2156.2805,ethbtc
1377,2019-09-09 13:25:41,126.2237,zrxusdt
1372,2019-09-09 13:25:47,4346.6758,ltcbtc
1370,2019-09-09 13:25:50,358.2735,etcusdt
1381,2019-09-09 13:25:56,0.0498,mcoeth
1381,2019-09-09 13:25:59,6.8228,aeeth
1374,2019-09-09 13:26:02,270.7443,omgusdt
1364,2019-09-09 13:26:03,9769.9199,ethusdt
1372,2019-09-09 13:26:05,11.9467,gntusdt
1375,2019-09-09 13:26:05,3418.494,ltcusdt
1377,2019-09-09 13:26:08,8136.1537,btcusdt
1370,2019-09-09 13:26:10,65.1668,wtceth
1378,2019-09-09 13:26:14,4981.968,ethbtc
1378,2019-09-09 13:26:15,38.7749,zrxusdt
1373,2019-09-09 13:26:17,3717.9981,ltcbtc
1382,2019-09-09 13:26:25,0.4088,mcoeth
1371,2019-09-09 13:26:28,3480.4156,etcusdt
1375,2019-09-09 13:26:30,2217.4106,omgusdt
1373,2019-09-09 13:26:35,18.9892,gntusdt
1382,2019-09-09 13:26:39,9.077,aeeth
1376,2019-09-09 13:26:40,2157.5232,ltcusdt
1365,2019-09-09 13:26:41,9972.3857,ethusdt
1374,2019-09-09 13:26:43,736.0417,ltcbtc
1371,2019-09-09 13:26:43,44.6087,wtceth
1378,2019-09-09 13:26:46,3736.7566,btcusdt
1379,2019-09-09 13:26:49,1614.9344,ethbtc
1379,2019-09-09 13:26:51,149.8372,zrxusdt
1383,2019-09-09 13:26:56,0.7091,mcoeth
1374,2019-09-09 13:27:05,22.02,gntusdt
1372,2019-09-09 13:27:07,2469.7534,etcusdt
1377,2019-09-09 13:27:14,3666.9604,ltcusdt
1376,2019-09-09 13:27:15,2963.426,omgusdt
1380,2019-09-09 13:27:16,41.3462,zrxusdt
1372,2019-09-09 13:27:18,0.4342,wtceth
1366,2019-09-09 13:27:18,2896.731,ethusdt
1380,2019-09-09 13:27:20,9793.7628,ethbtc
1375,2019-09-09 13:27:21,223.408,ltcbtc
1383,2019-09-09 13:27:22,10.8343,aeeth
1379,2019-09-09 13:27:27,47712.6719,btcusdt
1384,2019-09-09 13:27:36,0.1789,mcoeth
1375,2019-09-09 13:27:38,9.7674,gntusdt
1381,2019-09-09 13:27:42,73.7383,zrxusdt
1376,2019-09-09 13:27:47,571.0268,ltcbtc
1373,2019-09-09 13:27:49,1268.7266,etcusdt
1378,2019-09-09 13:27:49,2884.1621,ltcusdt
1367,2019-09-09 13:27:55,12847.4873,ethusdt
1380,2019-09-09 13:27:56,22591.5587,btcusdt
1377,2019-09-09 13:27:56,1626.9746,omgusdt
1373,2019-09-09 13:28:02,41.4888,wtceth
1381,2019-09-09 13:28:02,9900.1665,ethbtc
1384,2019-09-09 13:28:05,5.5367,aeeth
1377,2019-09-09 13:28:14,2897.908,ltcbtc
1376,2019-09-09 13:28:15,24.0028,gntusdt
1385,2019-09-09 13:28:17,0.3505,mcoeth
1374,2019-09-09 13:28:18,1700.5696,etcusdt
1379,2019-09-09 13:28:19,2938.023,ltcusdt
1382,2019-09-09 13:28:21,17.2485,zrxusdt
1378,2019-09-09 13:28:32,2854.2167,omgusdt
1368,2019-09-09 13:28:36,8106.9417,ethusdt
1382,2019-09-09 13:28:36,8459.6542,ethbtc
1385,2019-09-09 13:28:37,14.005,aeeth
1381,2019-09-09 13:28:38,30667.4733,btcusdt
1386,2019-09-09 13:28:42,0.8944,mcoeth
1378,2019-09-09 13:28:44,947.0952,ltcbtc
1374,2019-09-09 13:28:44,35.297,wtceth
1383,2019-09-09 13:28:54,54.4887,zrxusdt
1380,2019-09-09 13:28:56,2292.7838,ltcusdt
1377,2019-09-09 13:28:56,6.5037,gntusdt
1375,2019-09-09 13:28:57,3654.3632,etcusdt
1383,2019-09-09 13:29:02,1077.8859,ethbtc
1387,2019-09-09 13:29:08,0.8878,mcoeth
1386,2019-09-09 13:29:08,6.8948,aeeth
1379,2019-09-09 13:29:13,738.2582,omgusdt
1375,2019-09-09 13:29:16,48.3306,wtceth
1369,2019-09-09 13:29:19,7570.042,ethusdt
1382,2019-09-09 13:29:22,24923.5713,btcusdt
1384,2019-09-09 13:29:28,5447.7777,ethbtc
1379,2019-09-09 13:29:28,957.7496,ltcbtc
1378,2019-09-09 13:29:33,4.4052,gntusdt
1388,2019-09-09 13:29:33,1.0277,mcoeth
1384,2019-09-09 13:29:34,59.199,zrxusdt
1376,2019-09-09 13:29:39,1786.8152,etcusdt
1387,2019-09-09 13:29:39,12.2876,aeeth
1381,2019-09-09 13:29:40,1133.7293,ltcusdt
1380,2019-09-09 13:29:43,366.5092,omgusdt
1370,2019-09-09 13:29:54,3753.6633,ethusdt
1376,2019-09-09 13:29:55,2.6483,wtceth
1383,2019-09-09 13:30:01,28550.9977,btcusdt
1379,2019-09-09 13:30:04,23.1561,gntusdt
1380,2019-09-09 13:30:06,1926.3143,ltcbtc
1385,2019-09-09 13:30:12,1095.2366,ethbtc
1381,2019-09-09 13:30:16,3413.7399,omgusdt
1388,2019-09-09 13:30:17,14.4033,aeeth
1377,2019-09-09 13:30:18,1024.1284,etcusdt
1385,2019-09-09 13:30:18,12.2284,zrxusdt
1389,2019-09-09 13:30:18,0.5035,mcoeth
1382,2019-09-09 13:30:21,1075.8615,ltcusdt
1371,2019-09-09 13:30:22,1414.5572,ethusdt
1377,2019-09-09 13:30:26,67.3741,wtceth
1384,2019-09-09 13:30:33,8944.2176,btcusdt
1380,2019-09-09 13:30:43,13.7188,gntusdt
1389,2019-09-09 13:30:44,6.008,aeeth
1386,2019-09-09 13:30:49,13414.553,ethbtc
1381,2019-09-09 13:30:51,573.7737,ltcbtc
1378,2019-09-09 13:30:52,837.3114,etcusdt
1390,2019-09-09 13:30:53,0.9952,mcoeth
1383,2019-09-09 13:30:54,1147.7066,ltcusdt
1386,2019-09-09 13:30:54,16.8017,zrxusdt
1372,2019-09-09 13:30:55,3212.6669,ethusdt
1378,2019-09-09 13:30:57,5.7874,wtceth
1382,2019-09-09 13:31:01,2937.3205,omgusdt
1390,2019-09-09 13:31:13,0.0712,aeeth
1385,2019-09-09 13:31:17,54126.5215,btcusdt
1387,2019-09-09 13:31:19,13137.4291,ethbtc
1379,2019-09-09 13:31:23,1517.7838,etcusdt
1381,2019-09-09 13:31:23,11.5466,gntusdt
1387,2019-09-09 13:31:24,164.8155,zrxusdt
1382,2019-09-09 13:31:26,438.2979,ltcbtc
1391,2019-09-09 13:31:27,0.4165,mcoeth
1384,2019-09-09 13:31:29,3289.8019,ltcusdt
1379,2019-09-09 13:31:30,56.9315,wtceth
1383,2019-09-09 13:31:31,163.0353,omgusdt
1373,2019-09-09 13:31:39,10928.2756,ethusdt
1386,2019-09-09 13:31:43,21381.5844,btcusdt
1391,2019-09-09 13:31:43,0.7144,aeeth
1382,2019-09-09 13:31:52,4.2982,gntusdt
1383,2019-09-09 13:31:59,2651.0569,ltcbtc
1385,2019-09-09 13:32:01,245.4501,ltcusdt
1388,2019-09-09 13:32:04,987.5102,ethbtc
1380,2019-09-09 13:32:06,3550.0977,etcusdt
1388,2019-09-09 13:32:06,173.056,zrxusdt
1392,2019-09-09 13:32:07,0.5358,mcoeth
1380,2019-09-09 13:32:10,45.4008,wtceth
1384,2019-09-09 13:32:11,3404.4403,omgusdt
1387,2019-09-09 13:32:12,5735.4201,btcusdt
1392,2019-09-09 13:32:14,0.5855,aeeth
1374,2019-09-09 13:32:22,13342.618,ethusdt
1384,2019-09-09 13:32:28,4010.8107,ltcbtc
1383,2019-09-09 13:32:34,13.8248,gntusdt
1386,2019-09-09 13:32:36,1512.288,ltcusdt
1393,2019-09-09 13:32:37,0.9923,mcoeth
1388,2019-09-09 13:32:38,24963.0542,btcusdt
1389,2019-09-09 13:32:39,2611.5113,ethbtc
1381,2019-09-09 13:32:40,1624.7646,etcusdt
1389,2019-09-09 13:32:43,17.5351,zrxusdt
1375,2019-09-09 13:32:48,9997.4327,ethusdt
1385,2019-09-09 13:32:53,345.8364,omgusdt
1381,2019-09-09 13:32:54,43.9609,wtceth
1393,2019-09-09 13:32:55,6.2199,aeeth
1385,2019-09-09 13:33:03,1588.19,ltcbtc
1389,2019-09-09 13:33:06,53615.4983,btcusdt
1387,2019-09-09 13:33:10,3840.7085,ltcusdt
1384,2019-09-09 13:33:13,9.1079,gntusdt
1382,2019-09-09 13:33:15,4042.8081,etcusdt
1390,2019-09-09 13:33:17,12837.3471,ethbtc
1394,2019-09-09 13:33:20,1.1368,mcoeth
1376,2019-09-09 13:33:20,7846.7673,ethusdt
1390,2019-09-09 13:33:25,68.2885,zrxusdt
1382,2019-09-09 13:33:26,45.6775,wtceth
1386,2019-09-09 13:33:30,1824.5037,omgusdt
1394,2019-09-09 13:33:36,3.6731,aeeth
1386,2019-09-09 13:33:46,3918.0411,ltcbtc
1385,2019-09-09 13:33:46,25.6723,gntusdt
1377,2019-09-09 13:33:46,8364.1908,ethusdt
1390,2019-09-09 13:33:48,45035.9602,btcusdt
1391,2019-09-09 13:33:50,64.287,zrxusdt
1388,2019-09-09 13:33:55,1402.5273,ltcusdt
1383,2019-09-09 13:33:56,2753.5383,etcusdt
1395,2019-09-09 13:33:57,0.9369,mcoeth
1391,2019-09-09 13:34:00,7011.2529,ethbtc
1387,2019-09-09 13:34:03,2953.0278,omgusdt
1383,2019-09-09 13:34:11,50.2466,wtceth
1395,2019-09-09 13:34:14,3.5615,aeeth
1386,2019-09-09 13:34:16,11.7971,gntusdt
1391,2019-09-09 13:34:16,11707.1895,btcusdt
1384,2019-09-09 13:34:22,1347.2442,etcusdt
1392,2019-09-09 13:34:22,53.2455,zrxusdt
1389,2019-09-09 13:34:22,2164.5209,ltcusdt
1378,2019-09-09 13:34:25,145.8631,ethusdt
1387,2019-09-09 13:34:29,4008.5873,ltcbtc
1396,2019-09-09 13:34:36,0.1912,mcoeth
1392,2019-09-09 13:34:37,7413.7974,ethbtc
1396,2019-09-09 13:34:42,14.3268,aeeth
1388,2019-09-09 13:34:44,91.6226,omgusdt
1392,2019-09-09 13:34:46,54475.737,btcusdt
1384,2019-09-09 13:34:52,34.0835,wtceth
1379,2019-09-09 13:34:57,9292.708,ethusdt
1385,2019-09-09 13:34:58,1284.1112,etcusdt
1387,2019-09-09 13:35:00,11.661,gntusdt
1388,2019-09-09 13:35:02,4407.2481,ltcbtc
1390,2019-09-09 13:35:03,1141.3719,ltcusdt
1393,2019-09-09 13:35:06,123.6648,zrxusdt
1397,2019-09-09 13:35:07,10.2591,aeeth
1397,2019-09-09 13:35:08,0.8989,mcoeth
1393,2019-09-09 13:35:17,56463.2638,btcusdt
1393,2019-09-09 13:35:20,10750.281,ethbtc
1389,2019-09-09 13:35:27,3293.7739,omgusdt
1391,2019-09-09 13:35:29,4213.0974,ltcusdt
1389,2019-09-09 13:35:31,2322.6425,ltcbtc
1385,2019-09-09 13:35:32,61.4541,wtceth
1398,2019-09-09 13:35:33,1.2612,mcoeth
1398,2019-09-09 13:35:33,9.0164,aeeth
1380,2019-09-09 13:35:34,4398.7461,ethusdt
1388,2019-09-09 13:35:34,22.2738,gntusdt
1394,2019-09-09 13:35:40,99.796,zrxusdt
1386,2019-09-09 13:35:42,1897.0354,etcusdt
1394,2019-09-09 13:35:51,44148.5473,btcusdt
1392,2019-09-09 13:36:01,959.7077,ltcusdt
1390,2019-09-09 13:36:03,1897.7843,omgusdt
1394,2019-09-09 13:36:04,12069.7011,ethbtc
1390,2019-09-09 13:36:05,1066.6363,ltcbtc
1386,2019-09-09 13:36:05,18.5519,wtceth
1399,2019-09-09 13:36:07,0.6261,mcoeth
1389,2019-09-09 13:36:09,16.7084,gntusdt
1387,2019-09-09 13:36:13,158.9443,etcusdt
1399,2019-09-09 13:36:18,12.251,aeeth
1381,2019-09-09 13:36:18,2774.8048,ethusdt
1395,2019-09-09 13:36:21,38851.5015,btcusdt
1395,2019-09-09 13:36:22,82.2975,zrxusdt
1391,2019-09-09 13:36:32,2189.3544,ltcbtc
1387,2019-09-09 13:36:32,30.9422,wtceth
1393,2019-09-09 13:36:33,4256.1646,ltcusdt
1395,2019-09-09 13:36:37,3976.9674,ethbtc
1391,2019-09-09 13:36:38,1426.5052,omgusdt
1400,2019-09-09 13:36:40,1.2216,mcoeth
1400,2019-09-09 13:36:45,6.7094,aeeth
1388,2019-09-09 13:36:46,1600.7876,etcusdt
1382,2019-09-09 13:36:47,10804.9499,ethusdt
1396,2019-09-09 13:36:49,27.9645,zrxusdt
1390,2019-09-09 13:36:53,6.9691,gntusdt
1396,2019-09-09 13:36:55,52855.6649,btcusdt
1388,2019-09-09 13:37:05,12.058,wtceth
1392,2019-09-09 13:37:06,984.7345,omgusdt
1392,2019-09-09 13:37:09,2652.5909,ltcbtc
1401,2019-09-09 13:37:10,0.4579,mcoeth
1394,2019-09-09 13:37:13,1402.4641,ltcusdt
1383,2019-09-09 13:37:17,4769.6794,ethusdt
1401,2019-09-09 13:37:19,8.2877,aeeth
1396,2019-09-09 13:37:19,8519.0967,ethbtc
1389,2019-09-09 13:37:23,2888.3455,etcusdt
1389,2019-09-09 13:37:33,4.9371,wtceth
1397,2019-09-09 13:37:33,32.443,zrxusdt
1391,2019-09-09 13:37:35,3.9017,gntusdt
1397,2019-09-09 13:37:39,3361.257,btcusdt
1393,2019-09-09 13:37:39,2656.2782,omgusdt
1402,2019-09-09 13:37:42,1.2805,mcoeth
1395,2019-09-09 13:37:45,2767.2406,ltcusdt
1397,2019-09-09 13:37:47,6486.8385,ethbtc
1384,2019-09-09 13:37:47,559.0646,ethusdt
1393,2019-09-09 13:37:49,4650.0556,ltcbtc
1402,2019-09-09 13:37:58,12.043,aeeth
1390,2019-09-09 13:37:59,19.2971,wtceth
1398,2019-09-09 13:38:03,41.6269,zrxusdt
1394,2019-09-09 13:38:04,2638.858,omgusdt
1392,2019-09-09 13:38:06,23.5313,gntusdt
1390,2019-09-09 13:38:08,729.7173,etcusdt
1396,2019-09-09 13:38:11,3150.3754,ltcusdt
1398,2019-09-09 13:38:12,12749.1828,ethbtc
1403,2019-09-09 13:38:14,0.6844,mcoeth
1385,2019-09-09 13:38:15,8651.3212,ethusdt
1394,2019-09-09 13:38:17,1698.905,ltcbtc
1398,2019-09-09 13:38:20,117.2921,btcusdt
1399,2019-09-09 13:38:29,54.0368,zrxusdt
1391,2019-09-09 13:38:33,11.8475,wtceth
1395,2019-09-09 13:38:34,338.9881,omgusdt
1391,2019-09-09 13:38:35,2759.6309,etcusdt
1403,2019-09-09 13:38:37,0.4522,aeeth
1399,2019-09-09 13:38:48,24980.8172,btcusdt
1397,2019-09-09 13:38:48,2896.6804,ltcusdt
1393,2019-09-09 13:38:49,15.4611,gntusdt
1404,2019-09-09 13:38:51,0.9939,mcoeth
1386,2019-09-09 13:38:53,7133.3662,ethusdt
1399,2019-09-09 13:38:56,11255.9044,ethbtc
1395,2019-09-09 13:38:58,2276.6578,ltcbtc
1396,2019-09-09 13:39:05,1706.3704,omgusdt
1400,2019-09-09 13:39:09,71.9685,zrxusdt
1392,2019-09-09 13:39:11,65.0003,wtceth
1392,2019-09-09 13:39:11,857.6616,etcusdt
1404,2019-09-09 13:39:12,11.0051,aeeth
1400,2019-09-09 13:39:15,50404.8621,btcusdt
1394,2019-09-09 13:39:21,11.5932,gntusdt
1398,2019-09-09 13:39:22,1364.1933,ltcusdt
1400,2019-09-09 13:39:26,7460.7981,ethbtc
1405,2019-09-09 13:39:29,0.3695,mcoeth
1396,2019-09-09 13:39:30,589.2378,ltcbtc
1387,2019-09-09 13:39:32,7510.9043,ethusdt
1401,2019-09-09 13:39:39,59.4603,zrxusdt
1393,2019-09-09 13:39:39,36.1392,wtceth
1397,2019-09-09 13:39:47,488.3516,omgusdt
1393,2019-09-09 13:39:48,2612.3032,etcusdt
1399,2019-09-09 13:39:50,3542.8235,ltcusdt
1395,2019-09-09 13:39:52,8.7066,gntusdt
1405,2019-09-09 13:39:52,10.751,aeeth
1401,2019-09-09 13:39:55,40216.4062,btcusdt
1406,2019-09-09 13:39:56,0.1723,mcoeth
1397,2019-09-09 13:39:58,5039.8334,ltcbtc
1401,2019-09-09 13:39:59,10111.3472,ethbtc
1402,2019-09-09 13:40:06,70.5624,zrxusdt
1388,2019-09-09 13:40:07,9782.5978,ethusdt
1394,2019-09-09 13:40:22,20.2764,wtceth
1394,2019-09-09 13:40:22,3252.211,etcusdt
1398,2019-09-09 13:40:23,2876.6604,omgusdt
1402,2019-09-09 13:40:26,50389.4813,btcusdt
1396,2019-09-09 13:40:29,18.3146,gntusdt
1400,2019-09-09 13:40:29,2015.7796,ltcusdt
1406,2019-09-09 13:40:36,2.3838,aeeth
1403,2019-09-09 13:40:37,128.7199,zrxusdt
1407,2019-09-09 13:40:40,0.9284,mcoeth
1389,2019-09-09 13:40:40,13513.3179,ethusdt
1402,2019-09-09 13:40:41,3056.6469,ethbtc
1398,2019-09-09 13:40:43,4657.2787,ltcbtc
1395,2019-09-09 13:40:50,1934.9777,etcusdt
1395,2019-09-09 13:40:53,11.7451,wtceth
1397,2019-09-09 13:40:55,6.6564,gntusdt
1403,2019-09-09 13:41:00,48237.5417,btcusdt
1404,2019-09-09 13:41:04,34.7734,zrxusdt
1399,2019-09-09 13:41:07,3068.4767,omgusdt
1401,2019-09-09 13:41:13,633.565,ltcusdt
1407,2019-09-09 13:41:13,2.168,aeeth
1396,2019-09-09 13:41:19,19.1196,wtceth
1408,2019-09-09 13:41:19,0.4735,mcoeth
1390,2019-09-09 13:41:20,8281.3484,ethusdt
1396,2019-09-09 13:41:23,2051.3214,etcusdt
1399,2019-09-09 13:41:24,4537.6227,ltcbtc
1403,2019-09-09 13:41:24,2847.3987,ethbtc
1404,2019-09-09 13:41:26,5806.6057,btcusdt
1405,2019-09-09 13:41:31,150.8268,zrxusdt
1398,2019-09-09 13:41:34,24.0382,gntusdt
1402,2019-09-09 13:41:40,65.2105,ltcusdt
1400,2019-09-09 13:41:40,2728.5373,omgusdt
1408,2019-09-09 13:41:46,12.324,aeeth
1409,2019-09-09 13:41:46,0.5049,mcoeth
1405,2019-09-09 13:41:54,36096.7246,btcusdt
1400,2019-09-09 13:41:57,1901.1706,ltcbtc
1391,2019-09-09 13:41:57,3866.6051,ethusdt
1404,2019-09-09 13:41:57,7974.7816,ethbtc
1406,2019-09-09 13:41:58,97.2649,zrxusdt
1397,2019-09-09 13:41:59,59.4153,wtceth
1399,2019-09-09 13:41:59,2.6429,gntusdt
1397,2019-09-09 13:42:00,3672.069,etcusdt
1401,2019-09-09 13:42:20,449.8698,omgusdt
1403,2019-09-09 13:42:24,3708.8316,ltcusdt
1398,2019-09-09 13:42:27,36.1791,wtceth
1409,2019-09-09 13:42:29,9.001,aeeth
1410,2019-09-09 13:42:30,0.0967,mcoeth
1405,2019-09-09 13:42:31,1188.9641,ethbtc
1400,2019-09-09 13:42:33,3.1692,gntusdt
1398,2019-09-09 13:42:34,1422.9535,etcusdt
1406,2019-09-09 13:42:36,56239.9911,btcusdt
1401,2019-09-09 13:42:37,4269.9871,ltcbtc
1407,2019-09-09 13:42:39,80.5062,zrxusdt
1392,2019-09-09 13:42:39,11495.1728,ethusdt
1404,2019-09-09 13:42:58,4456.3115,ltcusdt
1410,2019-09-09 13:42:59,9.5734,aeeth
1401,2019-09-09 13:43:00,0.5502,gntusdt
1402,2019-09-09 13:43:02,2951.6075,omgusdt
1399,2019-09-09 13:43:03,2854.5774,etcusdt
1406,2019-09-09 13:43:05,12023.1688,ethbtc
1402,2019-09-09 13:43:05,998.7572,ltcbtc
1399,2019-09-09 13:43:08,4.3034,wtceth
1408,2019-09-09 13:43:08,133.1597,zrxusdt
1411,2019-09-09 13:43:08,0.5802,mcoeth
1407,2019-09-09 13:43:10,12940.0098,btcusdt
1393,2019-09-09 13:43:22,9453.347,ethusdt
1405,2019-09-09 13:43:24,3589.8394,ltcusdt
1402,2019-09-09 13:43:30,11.9325,gntusdt
1400,2019-09-09 13:43:31,1616.2098,etcusdt
1403,2019-09-09 13:43:34,474.1531,omgusdt
1411,2019-09-09 13:43:35,1.6969,aeeth
1409,2019-09-09 13:43:35,28.6745,zrxusdt
1407,2019-09-09 13:43:36,814.8001,ethbtc
1403,2019-09-09 13:43:41,2775.1916,ltcbtc
1412,2019-09-09 13:43:45,0.9531,mcoeth
1408,2019-09-09 13:43:51,49413.4932,btcusdt
1400,2019-09-09 13:43:53,17.8258,wtceth
1406,2019-09-09 13:43:55,650.7435,ltcusdt
1394,2019-09-09 13:43:55,10826.8693,ethusdt
1401,2019-09-09 13:43:58,234.0269,etcusdt
1403,2019-09-09 13:44:01,5.7795,gntusdt
1404,2019-09-09 13:44:02,414.8927,omgusdt
1408,2019-09-09 13:44:04,2945.6165,ethbtc
1410,2019-09-09 13:44:16,100.2972,zrxusdt
1412,2019-09-09 13:44:19,13.4852,aeeth
1409,2019-09-09 13:44:20,17843.8833,btcusdt
1401,2019-09-09 13:44:22,4.7573,wtceth
1413,2019-09-09 13:44:24,0.5358,mcoeth
1404,2019-09-09 13:44:25,3652.9976,ltcbtc
1395,2019-09-09 13:44:32,6908.9364,ethusdt
1409,2019-09-09 13:44:34,3343.1006,ethbtc
1407,2019-09-09 13:44:38,231.6713,ltcusdt
1402,2019-09-09 13:44:42,3094.8284,etcusdt
1404,2019-09-09 13:44:43,19.0011,gntusdt
1405,2019-09-09 13:44:47,1688.3067,omgusdt
1414,2019-09-09 13:44:49,0.0937,mcoeth
1413,2019-09-09 13:44:50,4.4595,aeeth
1405,2019-09-09 13:44:53,5321.9724,ltcbtc
1410,2019-09-09 13:44:54,9569.7623,btcusdt
1402,2019-09-09 13:44:56,6.2475,wtceth
1396,2019-09-09 13:45:00,13049.5341,ethusdt
1411,2019-09-09 13:45:01,121.5119,zrxusdt
1410,2019-09-09 13:45:09,3016.317,ethbtc
1403,2019-09-09 13:45:09,3945.3203,etcusdt
1408,2019-09-09 13:45:12,3072.1205,ltcusdt
1405,2019-09-09 13:45:17,5.1613,gntusdt
1406,2019-09-09 13:45:21,3498.9761,omgusdt
1411,2019-09-09 13:45:23,48936.1227,btcusdt
1415,2019-09-09 13:45:24,0.8144,mcoeth
1414,2019-09-09 13:45:28,4.9916,aeeth
1406,2019-09-09 13:45:34,1088.6266,ltcbtc
1397,2019-09-09 13:45:35,3655.1161,ethusdt
1404,2019-09-09 13:45:35,277.1253,etcusdt
1412,2019-09-09 13:45:38,86.8304,zrxusdt
1403,2019-09-09 13:45:40,37.2282,wtceth
1406,2019-09-09 13:45:43,5.3745,gntusdt
1409,2019-09-09 13:45:44,4223.2169,ltcusdt
1407,2019-09-09 13:45:48,3265.0551,omgusdt
1411,2019-09-09 13:45:54,2866.8447,ethbtc
1416,2019-09-09 13:45:58,0.0612,mcoeth
1412,2019-09-09 13:46:01,36299.44,btcusdt
1405,2019-09-09 13:46:03,3410.6138,etcusdt
1415,2019-09-09 13:46:06,11.8893,aeeth
1407,2019-09-09 13:46:13,3699.9799,ltcbtc
1404,2019-09-09 13:46:17,3.0907,wtceth
1398,2019-09-09 13:46:17,8860.4803,ethusdt
1408,2019-09-09 13:46:18,1540.3121,omgusdt
1410,2019-09-09 13:46:19,3981.7039,ltcusdt
1413,2019-09-09 13:46:21,4.6662,zrxusdt
1407,2019-09-09 13:46:23,20.7564,gntusdt
1406,2019-09-09 13:46:28,3143.129,etcusdt
1412,2019-09-09 13:46:31,12197.0761,ethbtc
1413,2019-09-09 13:46:37,10114.3647,btcusdt
1408,2019-09-09 13:46:41,2040.0251,ltcbtc
1417,2019-09-09 13:46:43,0.6682,mcoeth
1409,2019-09-09 13:46:43,2511.08,omgusdt
1416,2019-09-09 13:46:47,0.0694,aeeth
1414,2019-09-09 13:46:48,37.8962,zrxusdt
1408,2019-09-09 13:46:50,3.9608,gntusdt
1405,2019-09-09 13:46:53,48.638,wtceth
1399,2019-09-09 13:46:55,4020.901,ethusdt
1413,2019-09-09 13:47:02,5337.897,ethbtc
1414,2019-09-09 13:47:03,47302.3781,btcusdt
1411,2019-09-09 13:47:04,85.9882,ltcusdt
1407,2019-09-09 13:47:04,2926.3936,etcusdt
1409,2019-09-09 13:47:06,854.5033,ltcbtc
1417,2019-09-09 13:47:13,9.5044,aeeth
1418,2019-09-09 13:47:17,0.2878,mcoeth
1415,2019-09-09 13:47:18,146.3742,zrxusdt
1406,2019-09-09 13:47:22,13.2172,wtceth
1409,2019-09-09 13:47:23,24.8236,gntusdt
1410,2019-09-09 13:47:27,866.6629,omgusdt
1400,2019-09-09 13:47:28,2415.9227,ethusdt
1415,2019-09-09 13:47:31,12864.2951,btcusdt
1414,2019-09-09 13:47:36,6111.6617,ethbtc
1418,2019-09-09 13:47:38,4.1159,aeeth
1410,2019-09-09 13:47:42,1431.3334,ltcbtc
1412,2019-09-09 13:47:46,4005.999,ltcusdt
1408,2019-09-09 13:47:47,760.5627,etcusdt
1416,2019-09-09 13:47:51,128.4464,zrxusdt
1419,2019-09-09 13:48:00,0.0625,mcoeth
1410,2019-09-09 13:48:02,13.8338,gntusdt
1411,2019-09-09 13:48:02,237.9695,omgusdt
1415,2019-09-09 13:48:03,2804.9772,ethbtc
1416,2019-09-09 13:48:03,32949.9631,btcusdt
1401,2019-09-09 13:48:06,9142.84,ethusdt
1407,2019-09-09 13:48:07,30.2855,wtceth
1419,2019-09-09 13:48:14,8.509,aeeth
1411,2019-09-09 13:48:19,3143.1939,ltcbtc
1413,2019-09-09 13:48:21,335.5646,ltcusdt
1409,2019-09-09 13:48:28,822.5416,etcusdt
1412,2019-09-09 13:48:29,3133.4019,omgusdt
1416,2019-09-09 13:48:33,10677.7246,ethbtc
1417,2019-09-09 13:48:36,109.3944,zrxusdt
1402,2019-09-09 13:48:36,3745.3777,ethusdt
1420,2019-09-09 13:48:41,13.9243,aeeth
1420,2019-09-09 13:48:42,0.2608,mcoeth
1408,2019-09-09 13:48:43,29.8897,wtceth
1411,2019-09-09 13:48:46,13.3511,gntusdt
1417,2019-09-09 13:48:47,48350.8875,btcusdt
1414,2019-09-09 13:48:53,427.0271,ltcusdt
1413,2019-09-09 13:48:54,2293.4708,omgusdt
1410,2019-09-09 13:48:56,1976.8341,etcusdt
1412,2019-09-09 13:49:01,2186.4092,ltcbtc
1403,2019-09-09 13:49:07,8479.5366,ethusdt
1421,2019-09-09 13:49:09,5.9649,aeeth
1418,2019-09-09 13:49:10,15.2244,zrxusdt
1417,2019-09-09 13:49:17,12067.299,ethbtc
1409,2019-09-09 13:49:18,53.5438,wtceth
1421,2019-09-09 13:49:19,1.2731,mcoeth
1412,2019-09-09 13:49:21,2.678,gntusdt
1413,2019-09-09 13:49:28,2469.8169,ltcbtc
1418,2019-09-09 13:49:31,14551.7799,btcusdt
1411,2019-09-09 13:49:33,50.1836,etcusdt
1419,2019-09-09 13:49:35,101.6724,zrxusdt
1414,2019-09-09 13:49:36,1392.9861,omgusdt
1422,2019-09-09 13:49:37,11.6155,aeeth
1415,2019-09-09 13:49:38,1277.6686,ltcusdt
1418,2019-09-09 13:49:44,5926.3312,ethbtc
1413,2019-09-09 13:49:51,0.7483,gntusdt
1404,2019-09-09 13:49:51,8518.802,ethusdt
1410,2019-09-09 13:49:53,10.3203,wtceth
1423,2019-09-09 13:50:02,2.7385,aeeth
1422,2019-09-09 13:50:04,0.6188,mcoeth
1420,2019-09-09 13:50:09,69.1746,zrxusdt
1419,2019-09-09 13:50:10,3460.6226,ethbtc
1419,2019-09-09 13:50:10,44845.7173,btcusdt
1414,2019-09-09 13:50:12,4655.2919,ltcbtc
1412,2019-09-09 13:50:13,1276.2701,etcusdt
1415,2019-09-09 13:50:15,3053.6175,omgusdt
1411,2019-09-09 13:50:21,54.9068,wtceth
1416,2019-09-09 13:50:22,3806.2458,ltcusdt
1414,2019-09-09 13:50:32,13.8747,gntusdt
1405,2019-09-09 13:50:33,13448.1886,ethusdt
1421,2019-09-09 13:50:38,131.4821,zrxusdt
1424,2019-09-09 13:50:38,8.8988,aeeth
1420,2019-09-09 13:50:38,4787.8067,ethbtc
1423,2019-09-09 13:50:40,0.4051,mcoeth
1413,2019-09-09 13:50:42,518.001,etcusdt
1417,2019-09-09 13:50:49,334.1021,ltcusdt
1420,2019-09-09 13:50:49,4784.7575,btcusdt
1412,2019-09-09 13:50:50,28.3978,wtceth
1415,2019-09-09 13:50:52,3056.9653,ltcbtc
1416,2019-09-09 13:51:00,14.0783,omgusdt
1415,2019-09-09 13:51:01,22.4302,gntusdt
1425,2019-09-09 13:51:10,9.9659,aeeth
1421,2019-09-09 13:51:10,6670.85,ethbtc
1422,2019-09-09 13:51:13,158.2818,zrxusdt
1418,2019-09-09 13:51:17,927.3314,ltcusdt
1406,2019-09-09 13:51:17,1128.4216,ethusdt
1414,2019-09-09 13:51:18,3277.2355,etcusdt
1424,2019-09-09 13:51:19,1.0699,mcoeth
1416,2019-09-09 13:51:26,18.5291,gntusdt
1421,2019-09-09 13:51:27,19333.6996,btcusdt
1413,2019-09-09 13:51:29,66.3873,wtceth
1417,2019-09-09 13:51:31,1584.679,omgusdt
1416,2019-09-09 13:51:36,2042.4592,ltcbtc
1423,2019-09-09 13:51:40,50.5947,zrxusdt
1407,2019-09-09 13:51:43,7.8184,ethusdt
1422,2019-09-09 13:51:46,39.7941,ethbtc
1426,2019-09-09 13:51:50,14.2204,aeeth
1415,2019-09-09 13:51:50,560.2179,etcusdt
1419,2019-09-09 13:51:53,1815.3438,ltcusdt
1417,2019-09-09 13:51:54,6.6704,gntusdt
1418,2019-09-09 13:51:59,1388.1975,omgusdt
1425,2019-09-09 13:52:00,0.5273,mcoeth
1422,2019-09-09 13:52:01,45327.9,btcusdt
1417,2019-09-09 13:52:06,1354.8412,ltcbtc
1414,2019-09-09 13:52:12,19.8179,wtceth
1423,2019-09-09 13:52:12,2573.0256,ethbtc
1424,2019-09-09 13:52:18,58.2058,zrxusdt
1427,2019-09-09 13:52:22,9.3845,aeeth
1419,2019-09-09 13:52:25,3388.7273,omgusdt
1420,2019-09-09 13:52:25,730.952,ltcusdt
1408,2019-09-09 13:52:27,6176.2518,ethusdt
1418,2019-09-09 13:52:29,11.7135,gntusdt
1416,2019-09-09 13:52:30,3421.5109,etcusdt
1423,2019-09-09 13:52:39,6410.6111,btcusdt
1426,2019-09-09 13:52:39,0.9411,mcoeth
1415,2019-09-09 13:52:45,18.0708,wtceth
1418,2019-09-09 13:52:46,4865.9036,ltcbtc
1424,2019-09-09 13:52:47,6699.1854,ethbtc
1425,2019-09-09 13:53:00,124.1779,zrxusdt
1420,2019-09-09 13:53:02,386.1951,omgusdt
1409,2019-09-09 13:53:07,1330.8903,ethusdt
1428,2019-09-09 13:53:07,8.4963,aeeth
1417,2019-09-09 13:53:07,984.0107,etcusdt
1419,2019-09-09 13:53:07,5.9341,gntusdt
1427,2019-09-09 13:53:08,0.3209,mcoeth
1421,2019-09-09 13:53:08,3704.1155,ltcusdt
1424,2019-09-09 13:53:18,52827.8562,btcusdt
1416,2019-09-09 13:53:22,6.0921,wtceth
1425,2019-09-09 13:53:22,2654.5449,ethbtc
1419,2019-09-09 13:53:27,374.0064,ltcbtc
1421,2019-09-09 13:53:28,2589.4186,omgusdt
1426,2019-09-09 13:53:28,177.6113,zrxusdt
1418,2019-09-09 13:53:33,731.1122,etcusdt
1410,2019-09-09 13:53:35,1837.7549,ethusdt
1420,2019-09-09 13:53:37,3.6578,gntusdt
1429,2019-09-09 13:53:40,10.9483,aeeth
1422,2019-09-09 13:53:50,4457.0004,ltcusdt
1417,2019-09-09 13:53:51,42.5724,wtceth
1428,2019-09-09 13:53:53,0.4101,mcoeth
1422,2019-09-09 13:53:53,3142.4872,omgusdt
1420,2019-09-09 13:53:56,2090.4095,ltcbtc
1419,2019-09-09 13:54:01,3663.5613,etcusdt
1425,2019-09-09 13:54:02,23534.8627,btcusdt
1421,2019-09-09 13:54:04,8.8693,gntusdt
1411,2019-09-09 13:54:05,3939.4675,ethusdt
1427,2019-09-09 13:54:05,30.4928,zrxusdt
1426,2019-09-09 13:54:05,8234.4511,ethbtc
1430,2019-09-09 13:54:06,9.0081,aeeth
1418,2019-09-09 13:54:18,68.3725,wtceth
1423,2019-09-09 13:54:21,1827.3743,ltcusdt
1429,2019-09-09 13:54:22,0.0099,mcoeth
1423,2019-09-09 13:54:25,108.4494,omgusdt
1422,2019-09-09 13:54:29,21.1805,gntusdt
1428,2019-09-09 13:54:30,72.0469,zrxusdt
1421,2019-09-09 13:54:34,712.6665,ltcbtc
1427,2019-09-09 13:54:35,7055.2145,ethbtc
1431,2019-09-09 13:54:38,0.0231,aeeth
1412,2019-09-09 13:54:39,9876.1381,ethusdt
1426,2019-09-09 13:54:40,35049.7741,btcusdt
1420,2019-09-09 13:54:46,1100.4543,etcusdt
1430,2019-09-09 13:54:47,0.5066,mcoeth
1424,2019-09-09 13:54:57,3983.2936,ltcusdt
1424,2019-09-09 13:54:58,2221.631,omgusdt
1419,2019-09-09 13:55:02,52.1345,wtceth
1429,2019-09-09 13:55:03,39.939,zrxusdt
1413,2019-09-09 13:55:07,7297.1538,ethusdt
1428,2019-09-09 13:55:10,111.1175,ethbtc
1427,2019-09-09 13:55:11,42392.7129,btcusdt
1423,2019-09-09 13:55:12,18.8709,gntusdt
1421,2019-09-09 13:55:14,657.3093,etcusdt
1422,2019-09-09 13:55:14,3490.6956,ltcbtc
1432,2019-09-09 13:55:19,9.542,aeeth
1425,2019-09-09 13:55:26,2304.6128,ltcusdt
1425,2019-09-09 13:55:26,1087.6581,omgusdt
1420,2019-09-09 13:55:28,6.8329,wtceth
1431,2019-09-09 13:55:29,0.5517,mcoeth
1429,2019-09-09 13:55:39,13277.0347,ethbtc
1430,2019-09-09 13:55:41,176.0624,zrxusdt
1424,2019-09-09 13:55:42,0.2841,gntusdt
1414,2019-09-09 13:55:47,1716.1609,ethusdt
1433,2019-09-09 13:55:49,6.8832,aeeth
1428,2019-09-09 13:55:51,10810.3008,btcusdt
1422,2019-09-09 13:55:52,1854.1832,etcusdt
1421,2019-09-09 13:55:54,47.6974,wtceth
1423,2019-09-09 13:55:57,10.1646,ltcbtc
1426,2019-09-09 13:56:07,111.4823,omgusdt
1432,2019-09-09 13:56:07,0.57,mcoeth
1426,2019-09-09 13:56:08,373.1037,ltcusdt
1425,2019-09-09 13:56:09,18.0387,gntusdt
1430,2019-09-09 13:56:12,7890.5906,ethbtc
1431,2019-09-09 13:56:20,142.1692,zrxusdt
1434,2019-09-09 13:56:22,8.6907,aeeth
1423,2019-09-09 13:56:25,1738.9401,etcusdt
1424,2019-09-09 13:56:25,4649.8635,ltcbtc
1422,2019-09-09 13:56:30,38.8547,wtceth
1429,2019-09-09 13:56:31,53871.2212,btcusdt
1415,2019-09-09 13:56:32,6834.4589,ethusdt
1427,2019-09-09 13:56:34,3962.1604,ltcusdt
1433,2019-09-09 13:56:45,1.0296,mcoeth
1431,2019-09-09 13:56:47,8127.3479,ethbtc
1427,2019-09-09 13:56:48,2759.8398,omgusdt
1435,2019-09-09 13:56:48,13.732,aeeth
1426,2019-09-09 13:56:50,10.0552,gntusdt
1424,2019-09-09 13:56:52,2605.1344,etcusdt
1432,2019-09-09 13:56:54,151.7189,zrxusdt
1430,2019-09-09 13:56:57,38754.793,btcusdt
1416,2019-09-09 13:56:59,8146.6012,ethusdt
1425,2019-09-09 13:57:00,4172.7801,ltcbtc
1428,2019-09-09 13:57:03,1243.6351,ltcusdt
1423,2019-09-09 13:57:06,40.567,wtceth
1428,2019-09-09 13:57:18,1139.9448,omgusdt
1434,2019-09-09 13:57:22,0.4083,mcoeth
1427,2019-09-09 13:57:24,24.783,gntusdt
1431,2019-09-09 13:57:26,7957.7173,btcusdt
1425,2019-09-09 13:57:26,1860.8636,etcusdt
1429,2019-09-09 13:57:32,919.8525,ltcusdt
1432,2019-09-09 13:57:32,7945.9198,ethbtc
1436,2019-09-09 13:57:32,8.4785,aeeth
1433,2019-09-09 13:57:35,127.9616,zrxusdt
1417,2019-09-09 13:57:41,13136.7162,ethusdt
1426,2019-09-09 13:57:43,2548.5709,ltcbtc
1424,2019-09-09 13:57:43,55.1492,wtceth
1428,2019-09-09 13:57:49,14.6223,gntusdt
1432,2019-09-09 13:57:59,22872.6597,btcusdt
1429,2019-09-09 13:58:02,117.9221,omgusdt
1435,2019-09-09 13:58:03,0.5711,mcoeth
1426,2019-09-09 13:58:04,3031.6491,etcusdt
1434,2019-09-09 13:58:07,129.8448,zrxusdt
1437,2019-09-09 13:58:07,0.9882,aeeth
1433,2019-09-09 13:58:07,9694.6158,ethbtc
1418,2019-09-09 13:58:10,6017.1951,ethusdt
1427,2019-09-09 13:58:12,3648.6407,ltcbtc
1425,2019-09-09 13:58:14,22.9523,wtceth
1430,2019-09-09 13:58:14,2313.7175,ltcusdt
1429,2019-09-09 13:58:16,9.5742,gntusdt
1438,2019-09-09 13:58:33,1.8589,aeeth
1436,2019-09-09 13:58:35,0.17,mcoeth
1433,2019-09-09 13:58:37,18859.554,btcusdt
1427,2019-09-09 13:58:38,485.4589,etcusdt
1426,2019-09-09 13:58:39,27.2166,wtceth
1428,2019-09-09 13:58:41,591.993,ltcbtc
1430,2019-09-09 13:58:43,0.7024,gntusdt
1430,2019-09-09 13:58:43,733.0919,omgusdt
1419,2019-09-09 13:58:45,4134.3583,ethusdt
1434,2019-09-09 13:58:46,9592.7645,ethbtc
1435,2019-09-09 13:58:49,141.3646,zrxusdt
1431,2019-09-09 13:58:53,54.1437,ltcusdt
1427,2019-09-09 13:59:07,13.5468,wtceth
1439,2019-09-09 13:59:13,6.3131,aeeth
1437,2019-09-09 13:59:14,0.1754,mcoeth
1429,2019-09-09 13:59:15,3125.7641,ltcbtc
1431,2019-09-09 13:59:15,25.7583,gntusdt
1434,2019-09-09 13:59:19,28130.6558,btcusdt
1428,2019-09-09 13:59:20,999.3739,etcusdt
1431,2019-09-09 13:59:23,1434.1175,omgusdt
1420,2019-09-09 13:59:23,12141.7988,ethusdt
1432,2019-09-09 13:59:25,1061.1287,ltcusdt
1435,2019-09-09 13:59:31,6170.1601,ethbtc
1436,2019-09-09 13:59:33,101.8913,zrxusdt
1428,2019-09-09 13:59:34,62.8323,wtceth
1430,2019-09-09 13:59:46,2888.48,ltcbtc
1440,2019-09-09 13:59:47,11.3883,aeeth
1432,2019-09-09 13:59:51,137.3913,omgusdt
1429,2019-09-09 13:59:53,3296.3549,etcusdt
1438,2019-09-09 13:59:54,0.285,mcoeth
1432,2019-09-09 14:00:00,16.8509,gntusdt
1430,2019-09-09 14:00:26,2306.9124,etcusdt
1437,2019-09-09 14:00:27,71.9729,zrxusdt
1441,2019-09-09 14:00:27,6.3349,aeeth
1433,2019-09-09 14:00:27,4222.672,ltcusdt
1421,2019-09-09 14:00:28,8216.4054,ethusdt
1433,2019-09-09 14:00:30,6.9037,gntusdt
1439,2019-09-09 14:00:32,0.2398,mcoeth
1433,2019-09-09 14:00:38,2840.7724,omgusdt
1429,2019-09-09 14:00:42,49.6938,wtceth
1431,2019-09-09 14:00:42,33.0822,ltcbtc
1435,2019-09-09 14:00:43,42602.1283,btcusdt
1436,2019-09-09 14:00:44,7381.4424,ethbtc
1431,2019-09-09 14:00:52,746.4146,etcusdt
1438,2019-09-09 14:00:54,56.1081,zrxusdt
1434,2019-09-09 14:00:55,1055.5554,ltcusdt
1422,2019-09-09 14:00:59,8189.0461,ethusdt
1442,2019-09-09 14:01:07,8.2576,aeeth
1430,2019-09-09 14:01:08,16.1466,wtceth
1437,2019-09-09 14:01:09,3765.4242,ethbtc
1440,2019-09-09 14:01:10,0.4905,mcoeth
1432,2019-09-09 14:01:11,3943.3333,ltcbtc
1434,2019-09-09 14:01:15,11.0986,gntusdt
1439,2019-09-09 14:01:19,110.7443,zrxusdt
1436,2019-09-09 14:01:21,42565.5034,btcusdt
1434,2019-09-09 14:01:22,921.5668,omgusdt
1423,2019-09-09 14:01:24,3541.5414,ethusdt
1435,2019-09-09 14:01:29,3372.7875,ltcusdt
1432,2019-09-09 14:01:31,795.9493,etcusdt
1438,2019-09-09 14:01:36,4226.6672,ethbtc
1431,2019-09-09 14:01:42,16.7623,wtceth
1435,2019-09-09 14:01:45,12.5357,gntusdt
1443,2019-09-09 14:01:46,6.9675,aeeth
1433,2019-09-09 14:01:49,1361.7005,ltcbtc
1437,2019-09-09 14:01:50,5971.5399,btcusdt
1440,2019-09-09 14:01:54,40.7421,zrxusdt
1441,2019-09-09 14:01:55,0.4179,mcoeth
1435,2019-09-09 14:01:55,970.0481,omgusdt
1436,2019-09-09 14:02:01,1986.1132,ltcusdt
1424,2019-09-09 14:02:05,9114.0588,ethusdt
1439,2019-09-09 14:02:10,6877.9934,ethbtc
1433,2019-09-09 14:02:14,2364.1905,etcusdt
1432,2019-09-09 14:02:16,18.485,wtceth
1436,2019-09-09 14:02:20,17.893,gntusdt
1434,2019-09-09 14:02:27,3621.7245,ltcbtc
1444,2019-09-09 14:02:29,2.7176,aeeth
1441,2019-09-09 14:02:29,117.0798,zrxusdt
1442,2019-09-09 14:02:30,0.4031,mcoeth
1437,2019-09-09 14:02:31,799.0411,ltcusdt
1438,2019-09-09 14:02:34,34831.0631,btcusdt
1436,2019-09-09 14:02:35,1454.1292,omgusdt
1440,2019-09-09 14:02:41,9149.8269,ethbtc
1425,2019-09-09 14:02:46,4333.612,ethusdt
1434,2019-09-09 14:02:49,2500.4503,etcusdt
1433,2019-09-09 14:02:49,5.8525,wtceth
1437,2019-09-09 14:03:02,5.3663,gntusdt
1443,2019-09-09 14:03:04,0.607,mcoeth
1445,2019-09-09 14:03:05,9.3608,aeeth
1435,2019-09-09 14:03:07,2311.0475,ltcbtc
1442,2019-09-09 14:03:12,122.735,zrxusdt
1437,2019-09-09 14:03:15,696.3922,omgusdt
1438,2019-09-09 14:03:16,5647.104,ltcusdt
1435,2019-09-09 14:03:17,2394.4982,etcusdt
1426,2019-09-09 14:03:19,8980.0164,ethusdt
1439,2019-09-09 14:03:19,1208.7722,btcusdt
1441,2019-09-09 14:03:23,10270.5711,ethbtc
1434,2019-09-09 14:03:27,1.4296,wtceth
1444,2019-09-09 14:03:32,0.3092,mcoeth
1438,2019-09-09 14:03:36,5.0089,gntusdt
1446,2019-09-09 14:03:40,10.1159,aeeth
1436,2019-09-09 14:03:45,1328.4223,ltcbtc
1427,2019-09-09 14:03:48,7585.2478,ethusdt
1442,2019-09-09 14:03:48,10593.6191,ethbtc
1438,2019-09-09 14:03:48,952.9531,omgusdt
1443,2019-09-09 14:03:48,94.8079,zrxusdt
1435,2019-09-09 14:03:52,28.8658,wtceth
1440,2019-09-09 14:03:52,40794.1375,btcusdt
1436,2019-09-09 14:03:53,855.7964,etcusdt
1439,2019-09-09 14:03:53,1082.3176,ltcusdt
1439,2019-09-09 14:04:13,15.8316,gntusdt
1444,2019-09-09 14:04:14,0.7044,zrxusdt
1445,2019-09-09 14:04:17,0.091,mcoeth
1440,2019-09-09 14:04:18,1819.145,ltcusdt
1437,2019-09-09 14:04:20,3575.6091,ltcbtc
1447,2019-09-09 14:04:24,3.4779,aeeth
1443,2019-09-09 14:04:27,7255.2736,ethbtc
1437,2019-09-09 14:04:27,809.8819,etcusdt
1439,2019-09-09 14:04:28,2170.768,omgusdt
1441,2019-09-09 14:04:31,19568.1408,btcusdt
1428,2019-09-09 14:04:31,7438.4936,ethusdt
1436,2019-09-09 14:04:35,13.3518,wtceth
1445,2019-09-09 14:04:39,101.5428,zrxusdt
1440,2019-09-09 14:04:44,10.945,gntusdt
1438,2019-09-09 14:04:53,908.9694,etcusdt
1441,2019-09-09 14:04:54,2556.919,ltcusdt
1446,2019-09-09 14:04:58,0.1311,mcoeth
1438,2019-09-09 14:04:58,953.2538,ltcbtc
1448,2019-09-09 14:04:58,3.0461,aeeth
1442,2019-09-09 14:05:00,20562.5455,btcusdt
1429,2019-09-09 14:05:03,8925.5663,ethusdt
1446,2019-09-09 14:05:06,105.6591,zrxusdt
1444,2019-09-09 14:05:10,1784.5494,ethbtc
1440,2019-09-09 14:05:13,846.0308,omgusdt
1441,2019-09-09 14:05:16,2.4647,gntusdt
1437,2019-09-09 14:05:19,7.4869,wtceth
1439,2019-09-09 14:05:26,2591.9764,etcusdt
1439,2019-09-09 14:05:30,2254.7368,ltcbtc
1430,2019-09-09 14:05:30,12612.0425,ethusdt
1447,2019-09-09 14:05:32,0.0443,mcoeth
1442,2019-09-09 14:05:33,4550.8161,ltcusdt
1449,2019-09-09 14:05:34,1.4403,aeeth
1441,2019-09-09 14:05:38,2274.9046,omgusdt
1443,2019-09-09 14:05:42,24167.0864,btcusdt
1445,2019-09-09 14:05:42,5401.8889,ethbtc
1447,2019-09-09 14:05:50,42.1766,zrxusdt
1438,2019-09-09 14:05:54,12.4871,wtceth
1442,2019-09-09 14:05:55,18.8966,gntusdt
1431,2019-09-09 14:06:03,11851.7209,ethusdt
1440,2019-09-09 14:06:05,2730.7007,ltcbtc
1442,2019-09-09 14:06:05,130.7649,omgusdt
1443,2019-09-09 14:06:05,3182.7402,ltcusdt
1450,2019-09-09 14:06:05,1.8094,aeeth
1440,2019-09-09 14:06:07,264.1835,etcusdt
1448,2019-09-09 14:06:07,0.4859,mcoeth
1446,2019-09-09 14:06:10,516.4376,ethbtc
1444,2019-09-09 14:06:19,9516.3353,btcusdt
1448,2019-09-09 14:06:26,3.3869,zrxusdt
1439,2019-09-09 14:06:31,16.0161,wtceth
1432,2019-09-09 14:06:31,4339.3148,ethusdt
1444,2019-09-09 14:06:33,3057.3327,ltcusdt
1441,2019-09-09 14:06:34,490.7074,ltcbtc
1443,2019-09-09 14:06:37,1930.7445,omgusdt
1441,2019-09-09 14:06:37,2090.2617,etcusdt
1443,2019-09-09 14:06:38,9.5447,gntusdt
1447,2019-09-09 14:06:39,7797.5812,ethbtc
1449,2019-09-09 14:06:45,0.2106,mcoeth
1451,2019-09-09 14:06:48,11.059,aeeth
1445,2019-09-09 14:06:51,26907.5955,btcusdt
1449,2019-09-09 14:06:52,44.0583,zrxusdt
1442,2019-09-09 14:07:00,3517.9615,ltcbtc
1444,2019-09-09 14:07:04,3533.1972,omgusdt
1445,2019-09-09 14:07:05,5734.5197,ltcusdt
1444,2019-09-09 14:07:06,2.1629,gntusdt
1433,2019-09-09 14:07:08,9916.9643,ethusdt
1440,2019-09-09 14:07:14,39.5775,wtceth
1448,2019-09-09 14:07:16,4626.2051,ethbtc
1452,2019-09-09 14:07:20,9.3564,aeeth
1442,2019-09-09 14:07:21,1190.0715,etcusdt
1446,2019-09-09 14:07:26,31533.7388,btcusdt
1443,2019-09-09 14:07:27,2585.1255,ltcbtc
1450,2019-09-09 14:07:27,0.8341,mcoeth
1450,2019-09-09 14:07:27,78.092,zrxusdt
1441,2019-09-09 14:07:40,23.3005,wtceth
1445,2019-09-09 14:07:42,3482.4567,omgusdt
1449,2019-09-09 14:07:45,9790.7923,ethbtc
1445,2019-09-09 14:07:45,19.4999,gntusdt
1453,2019-09-09 14:07:46,0.0704,aeeth
1434,2019-09-09 14:07:48,7026.6667,ethusdt
1446,2019-09-09 14:07:49,3484.0146,ltcusdt
1447,2019-09-09 14:07:51,26622.3992,btcusdt
1443,2019-09-09 14:07:54,68.0891,etcusdt
1451,2019-09-09 14:07:58,59.6493,zrxusdt
1444,2019-09-09 14:08:02,2857.106,ltcbtc
1446,2019-09-09 14:08:08,769.3965,omgusdt
1451,2019-09-09 14:08:09,0.1515,mcoeth
1454,2019-09-09 14:08:14,4.8798,aeeth
1442,2019-09-09 14:08:15,49.7308,wtceth
1447,2019-09-09 14:08:15,5640.3122,ltcusdt
1444,2019-09-09 14:08:19,730.2685,etcusdt
1435,2019-09-09 14:08:19,12943.4104,ethusdt
1450,2019-09-09 14:08:22,4295.8759,ethbtc
1446,2019-09-09 14:08:23,5.7165,gntusdt
1448,2019-09-09 14:08:28,25742.7965,btcusdt
1445,2019-09-09 14:08:32,3461.739,ltcbtc
1452,2019-09-09 14:08:36,86.6999,zrxusdt
1447,2019-09-09 14:08:37,3539.3232,omgusdt
1445,2019-09-09 14:08:44,1438.289,etcusdt
1452,2019-09-09 14:08:47,0.07,mcoeth
1455,2019-09-09 14:08:48,8.8395,aeeth
1451,2019-09-09 14:08:48,2879.515,ethbtc
1436,2019-09-09 14:08:51,1876.4789,ethusdt
1448,2019-09-09 14:08:54,4317.0063,ltcusdt
1449,2019-09-09 14:08:56,12990.5993,btcusdt
1443,2019-09-09 14:08:57,5.3289,wtceth
1447,2019-09-09 14:08:59,16.6483,gntusdt
1448,2019-09-09 14:09:11,3056.6772,omgusdt
1453,2019-09-09 14:09:13,122.0845,zrxusdt
1446,2019-09-09 14:09:14,3867.1582,ltcbtc
1456,2019-09-09 14:09:19,4.8489,aeeth
1452,2019-09-09 14:09:20,7131.0816,ethbtc
1449,2019-09-09 14:09:24,3506.9802,ltcusdt
1446,2019-09-09 14:09:27,487.7511,etcusdt
1453,2019-09-09 14:09:28,0.0136,mcoeth
1437,2019-09-09 14:09:29,4748.9269,ethusdt
1448,2019-09-09 14:09:32,2.0188,gntusdt
1450,2019-09-09 14:09:35,46291.7626,btcusdt
1444,2019-09-09 14:09:39,11.3269,wtceth
1454,2019-09-09 14:09:44,19.1662,zrxusdt
1457,2019-09-09 14:09:47,7.6483,aeeth
1449,2019-09-09 14:09:51,2896.0463,omgusdt
1450,2019-09-09 14:09:53,3652.3175,ltcusdt
1447,2019-09-09 14:09:59,1864.9961,ltcbtc
1454,2019-09-09 14:09:59,0.1963,mcoeth
1453,2019-09-09 14:10:01,5093.2131,ethbtc
1451,2019-09-09 14:10:04,25582.9328,btcusdt
1447,2019-09-09 14:10:08,2483.8346,etcusdt
1438,2019-09-09 14:10:10,8576.5928,ethusdt
1449,2019-09-09 14:10:17,6.5251,gntusdt
1451,2019-09-09 14:10:20,641.0865,ltcusdt
1445,2019-09-09 14:10:21,29.9184,wtceth
1455,2019-09-09 14:10:25,15.7688,zrxusdt
1448,2019-09-09 14:10:28,2304.8863,ltcbtc
1455,2019-09-09 14:10:29,0.8404,mcoeth
1450,2019-09-09 14:10:30,2432.583,omgusdt
1458,2019-09-09 14:10:30,0.6652,aeeth
1454,2019-09-09 14:10:34,416.5672,ethbtc
1452,2019-09-09 14:10:38,17336.1243,btcusdt
1448,2019-09-09 14:10:41,2802.3875,etcusdt
1439,2019-09-09 14:10:43,6679.2994,ethusdt
1456,2019-09-09 14:10:52,114.8498,zrxusdt
1450,2019-09-09 14:10:57,2.7224,gntusdt
1459,2019-09-09 14:10:57,7.3695,aeeth
1456,2019-09-09 14:11:00,0.7852,mcoeth
1449,2019-09-09 14:11:02,2002.5009,ltcbtc
1446,2019-09-09 14:11:03,12.3125,wtceth
1453,2019-09-09 14:11:04,1374.115,btcusdt
1452,2019-09-09 14:11:05,1859.5818,ltcusdt
1451,2019-09-09 14:11:06,1759.1984,omgusdt
1449,2019-09-09 14:11:06,1617.8593,etcusdt
1455,2019-09-09 14:11:07,4169.7246,ethbtc
1440,2019-09-09 14:11:12,11427.7093,ethusdt
1457,2019-09-09 14:11:22,20.9954,zrxusdt
1457,2019-09-09 14:11:30,0.6302,mcoeth
1447,2019-09-09 14:11:31,4.6127,wtceth
1451,2019-09-09 14:11:31,3.4414,gntusdt
1450,2019-09-09 14:11:38,2795.1146,etcusdt
1452,2019-09-09 14:11:39,1170.0816,omgusdt
1460,2019-09-09 14:11:39,6.9717,aeeth
1456,2019-09-09 14:11:39,95.819,ethbtc
1450,2019-09-09 14:11:42,3711.044,ltcbtc
1454,2019-09-09 14:11:46,42454.6461,btcusdt
1441,2019-09-09 14:11:49,2990.4308,ethusdt
1453,2019-09-09 14:11:50,5131.4623,ltcusdt
1458,2019-09-09 14:11:59,99.0001,zrxusdt
1452,2019-09-09 14:12:00,11.2925,gntusdt
1448,2019-09-09 14:12:01,17.2931,wtceth
1458,2019-09-09 14:12:02,0.2103,mcoeth
1451,2019-09-09 14:12:03,1620.2435,etcusdt
1453,2019-09-09 14:12:09,1499.1908,omgusdt
1457,2019-09-09 14:12:10,7344.4396,ethbtc
1455,2019-09-09 14:12:13,15142.8203,btcusdt
1442,2019-09-09 14:12:22,12026.8358,ethusdt
1461,2019-09-09 14:12:23,8.6426,aeeth
1451,2019-09-09 14:12:25,3908.5337,ltcbtc
1454,2019-09-09 14:12:25,5113.2081,ltcusdt
1459,2019-09-09 14:12:30,74.1648,zrxusdt
1449,2019-09-09 14:12:31,36.9174,wtceth
1453,2019-09-09 14:12:33,17.1091,gntusdt
1452,2019-09-09 14:12:34,429.128,etcusdt
1459,2019-09-09 14:12:35,0.2301,mcoeth
1454,2019-09-09 14:12:39,2285.9796,omgusdt
1458,2019-09-09 14:12:49,11381.3017,ethbtc
1452,2019-09-09 14:12:50,3570.6245,ltcbtc
1443,2019-09-09 14:12:52,3394.2642,ethusdt
1456,2019-09-09 14:12:56,23675.4412,btcusdt
1455,2019-09-09 14:13:01,1019.0307,ltcusdt
1460,2019-09-09 14:13:02,45.8481,zrxusdt
1450,2019-09-09 14:13:06,50.5904,wtceth
1462,2019-09-09 14:13:08,2.9243,aeeth
1455,2019-09-09 14:13:08,1713.46,omgusdt
1453,2019-09-09 14:13:11,165.8544,etcusdt
1454,2019-09-09 14:13:13,7.127,gntusdt
1460,2019-09-09 14:13:15,0.5319,mcoeth
1459,2019-09-09 14:13:17,3802.1524,ethbtc
1457,2019-09-09 14:13:27,31072.3714,btcusdt
1461,2019-09-09 14:13:30,102.1482,zrxusdt
1456,2019-09-09 14:13:32,4820.6505,ltcusdt
1453,2019-09-09 14:13:33,1711.5605,ltcbtc
1444,2019-09-09 14:13:34,8975.5304,ethusdt
1454,2019-09-09 14:13:37,1352.465,etcusdt
1463,2019-09-09 14:13:41,2.3089,aeeth
1461,2019-09-09 14:13:47,0.7351,mcoeth
1451,2019-09-09 14:13:48,12.7857,wtceth
1456,2019-09-09 14:13:52,1242.4927,omgusdt
1455,2019-09-09 14:13:57,15.5108,gntusdt
1445,2019-09-09 14:13:59,2067.6631,ethusdt
1460,2019-09-09 14:14:01,11202.7777,ethbtc
1462,2019-09-09 14:14:03,73.2983,zrxusdt
1458,2019-09-09 14:14:06,51313.2911,btcusdt
1455,2019-09-09 14:14:10,797.5638,etcusdt
1464,2019-09-09 14:14:12,4.6044,aeeth
1462,2019-09-09 14:14:14,0.4234,mcoeth
1457,2019-09-09 14:14:16,867.5589,ltcusdt
1454,2019-09-09 14:14:16,2996.0832,ltcbtc
1457,2019-09-09 14:14:24,2896.6793,omgusdt
1452,2019-09-09 14:14:26,2.4035,wtceth
1446,2019-09-09 14:14:33,2612.3586,ethusdt
1456,2019-09-09 14:14:33,11.2907,gntusdt
1465,2019-09-09 14:14:39,3.9759,aeeth
1459,2019-09-09 14:14:39,23060.9043,btcusdt
1455,2019-09-09 14:14:43,1013.3193,ltcbtc
1463,2019-09-09 14:14:43,68.1059,zrxusdt
1463,2019-09-09 14:14:44,0.7577,mcoeth
1461,2019-09-09 14:14:45,7708.699,ethbtc
1456,2019-09-09 14:14:47,683.2455,etcusdt
1458,2019-09-09 14:14:53,4582.6721,ltcusdt
1458,2019-09-09 14:14:57,593.4998,omgusdt
1453,2019-09-09 14:15:06,42.4567,wtceth
1447,2019-09-09 14:15:14,11058.3119,ethusdt
1457,2019-09-09 14:15:16,9.3155,gntusdt
1456,2019-09-09 14:15:17,1714.0862,ltcbtc
1460,2019-09-09 14:15:22,21268.9725,btcusdt
1464,2019-09-09 14:15:22,0.6154,mcoeth
1466,2019-09-09 14:15:24,11.8826,aeeth
1464,2019-09-09 14:15:26,102.1974,zrxusdt
1457,2019-09-09 14:15:27,1780.1287,etcusdt
1459,2019-09-09 14:15:29,216.5255,ltcusdt
1462,2019-09-09 14:15:30,2057.5126,ethbtc
1459,2019-09-09 14:15:30,2645.2605,omgusdt
1454,2019-09-09 14:15:48,52.0219,wtceth
1457,2019-09-09 14:15:50,1324.4423,ltcbtc
1448,2019-09-09 14:15:51,3436.2045,ethusdt
1458,2019-09-09 14:15:58,17.4281,gntusdt
1460,2019-09-09 14:16:01,6112.0733,ltcusdt
1461,2019-09-09 14:16:01,43890.9862,btcusdt
1458,2019-09-09 14:16:03,1613.4532,etcusdt
1463,2019-09-09 14:16:03,76.0773,ethbtc
1467,2019-09-09 14:16:05,9.5457,aeeth
1465,2019-09-09 14:16:06,0.3157,mcoeth
1465,2019-09-09 14:16:10,117.1921,zrxusdt
1460,2019-09-09 14:16:14,3374.235,omgusdt
1449,2019-09-09 14:16:20,4802.3025,ethusdt
1462,2019-09-09 14:16:27,18994.8593,btcusdt
1455,2019-09-09 14:16:27,39.5648,wtceth
1458,2019-09-09 14:16:29,1106.7744,ltcbtc
1468,2019-09-09 14:16:33,0.8992,aeeth
1459,2019-09-09 14:16:33,9.585,gntusdt
1466,2019-09-09 14:16:37,0.8002,mcoeth
1461,2019-09-09 14:16:37,5807.5614,ltcusdt
1459,2019-09-09 14:16:38,587.6355,etcusdt
1464,2019-09-09 14:16:39,3343.74,ethbtc
1461,2019-09-09 14:16:42,2060.7494,omgusdt
1466,2019-09-09 14:16:53,13.9178,zrxusdt
1459,2019-09-09 14:16:57,974.7218,ltcbtc
1469,2019-09-09 14:17:02,6.8432,aeeth
1450,2019-09-09 14:17:02,3275.6173,ethusdt
1456,2019-09-09 14:17:05,30.2969,wtceth
1460,2019-09-09 14:17:07,14.2231,gntusdt
1462,2019-09-09 14:17:08,963.4103,omgusdt
1465,2019-09-09 14:17:08,9409.9939,ethbtc
1463,2019-09-09 14:17:10,21003.9333,btcusdt
1467,2019-09-09 14:17:16,0.0684,mcoeth
1462,2019-09-09 14:17:20,4816.5988,ltcusdt
1460,2019-09-09 14:17:23,1954.6305,etcusdt
1467,2019-09-09 14:17:27,118.6434,zrxusdt
1460,2019-09-09 14:17:30,2851.1351,ltcbtc
1451,2019-09-09 14:17:33,7752.0293,ethusdt
1463,2019-09-09 14:17:34,2050.1967,omgusdt
1470,2019-09-09 14:17:35,5.4477,aeeth
1464,2019-09-09 14:17:40,40521.0397,btcusdt
1461,2019-09-09 14:17:45,11.7002,gntusdt
1466,2019-09-09 14:17:48,6780.3009,ethbtc
1457,2019-09-09 14:17:48,26.4289,wtceth
1468,2019-09-09 14:17:55,0.1269,mcoeth
1468,2019-09-09 14:17:56,61.4692,zrxusdt
1464,2019-09-09 14:17:59,2440.9062,omgusdt
1463,2019-09-09 14:17:59,4863.8614,ltcusdt
1461,2019-09-09 14:18:02,282.6608,ltcbtc
1461,2019-09-09 14:18:05,1526.7134,etcusdt
1471,2019-09-09 14:18:08,4.4405,aeeth
1452,2019-09-09 14:18:08,4627.9599,ethusdt
1465,2019-09-09 14:18:13,48803.4534,btcusdt
1469,2019-09-09 14:18:23,0.0398,mcoeth
1465,2019-09-09 14:18:25,381.3048,omgusdt
1462,2019-09-09 14:18:26,16.382,gntusdt
1458,2019-09-09 14:18:26,16.6027,wtceth
1467,2019-09-09 14:18:30,930.134,ethbtc
1464,2019-09-09 14:18:31,5523.8701,ltcusdt
1462,2019-09-09 14:18:36,2842.1684,etcusdt
1453,2019-09-09 14:18:37,3888.3675,ethusdt
1472,2019-09-09 14:18:37,2.754,aeeth
1466,2019-09-09 14:18:38,40451.443,btcusdt
1462,2019-09-09 14:18:39,84.2252,ltcbtc
1469,2019-09-09 14:18:39,30.8876,zrxusdt
1470,2019-09-09 14:18:57,0.4135,mcoeth
1466,2019-09-09 14:19:02,3622.8178,omgusdt
1463,2019-09-09 14:19:03,21.0253,gntusdt
1467,2019-09-09 14:19:04,17598.8617,btcusdt
1465,2019-09-09 14:19:06,2686.0564,ltcusdt
1468,2019-09-09 14:19:06,4121.2156,ethbtc
1459,2019-09-09 14:19:09,48.9724,wtceth
1463,2019-09-09 14:19:12,1333.9669,etcusdt
1463,2019-09-09 14:19:14,2214.2053,ltcbtc
1470,2019-09-09 14:19:18,109.8454,zrxusdt
1473,2019-09-09 14:19:20,5.7625,aeeth
1454,2019-09-09 14:19:21,12119.016,ethusdt
1468,2019-09-09 14:19:32,29696.0068,btcusdt
1471,2019-09-09 14:19:33,0.0001,mcoeth
1467,2019-09-09 14:19:36,1309.6409,omgusdt
1464,2019-09-09 14:19:37,2750.7847,etcusdt
1464,2019-09-09 14:19:41,3123.7358,ltcbtc
1469,2019-09-09 14:19:43,1347.289,ethbtc
1464,2019-09-09 14:19:45,20.3418,gntusdt
1471,2019-09-09 14:19:46,20.8345,zrxusdt
1460,2019-09-09 14:19:46,49.5584,wtceth
1466,2019-09-09 14:19:48,4709.8443,ltcusdt
1455,2019-09-09 14:19:54,4588.3058,ethusdt
1469,2019-09-09 14:20:00,48962.0934,btcusdt
1474,2019-09-09 14:20:02,0.4268,aeeth
1468,2019-09-09 14:20:06,2639.3161,omgusdt
1472,2019-09-09 14:20:07,0.3998,mcoeth
1470,2019-09-09 14:20:13,10875.48,ethbtc
1461,2019-09-09 14:20:17,13.5343,wtceth
1465,2019-09-09 14:20:19,12.3725,gntusdt
1472,2019-09-09 14:20:19,67.9676,zrxusdt
1465,2019-09-09 14:20:19,1228.2625,ltcbtc
1465,2019-09-09 14:20:21,2321.5904,etcusdt
1456,2019-09-09 14:20:25,1510.4523,ethusdt
1470,2019-09-09 14:20:27,27531.31,btcusdt
1467,2019-09-09 14:20:33,55.0159,ltcusdt
1473,2019-09-09 14:20:38,0.6792,mcoeth
1471,2019-09-09 14:20:40,5162.2172,ethbtc
1469,2019-09-09 14:20:41,907.6841,omgusdt
1462,2019-09-09 14:20:45,31.4966,wtceth
1475,2019-09-09 14:20:47,2.7044,aeeth
1466,2019-09-09 14:20:50,744.805,etcusdt
1473,2019-09-09 14:20:52,94.5932,zrxusdt
1466,2019-09-09 14:20:53,3032.1599,ltcbtc
1466,2019-09-09 14:21:00,10.8515,gntusdt
1471,2019-09-09 14:21:03,38847.4933,btcusdt
1457,2019-09-09 14:21:07,6931.6562,ethusdt
1468,2019-09-09 14:21:08,1309.3415,ltcusdt
1472,2019-09-09 14:21:12,11905.7046,ethbtc
1463,2019-09-09 14:21:15,48.9772,wtceth
1474,2019-09-09 14:21:17,0.1933,mcoeth
1470,2019-09-09 14:21:17,2140.1597,omgusdt
1476,2019-09-09 14:21:23,11.0298,aeeth
1474,2019-09-09 14:21:27,22.8046,zrxusdt
1467,2019-09-09 14:21:27,2088.2139,etcusdt
1467,2019-09-09 14:21:32,8.5094,gntusdt
1467,2019-09-09 14:21:36,657.9139,ltcbtc
1458,2019-09-09 14:21:36,6384.6147,ethusdt
1469,2019-09-09 14:21:39,2903.3541,ltcusdt
1473,2019-09-09 14:21:39,4086.8243,ethbtc
1472,2019-09-09 14:21:41,10837.1257,btcusdt
1475,2019-09-09 14:21:42,0.8544,mcoeth
1477,2019-09-09 14:21:53,4.6512,aeeth
1475,2019-09-09 14:21:59,77.6512,zrxusdt
1464,2019-09-09 14:21:59,21.3833,wtceth
1471,2019-09-09 14:22:01,1316.5389,omgusdt
1470,2019-09-09 14:22:05,2495.2705,ltcusdt
1474,2019-09-09 14:22:11,3449.391,ethbtc
1468,2019-09-09 14:22:12,483.4971,etcusdt
1468,2019-09-09 14:22:12,7.1938,gntusdt
1468,2019-09-09 14:22:12,174.0284,ltcbtc
1476,2019-09-09 14:22:13,0.2044,mcoeth
1459,2019-09-09 14:22:14,4207.3075,ethusdt
1473,2019-09-09 14:22:14,27479.5483,btcusdt
1465,2019-09-09 14:22:34,45.7165,wtceth
1476,2019-09-09 14:22:35,114.0205,zrxusdt
1475,2019-09-09 14:22:36,3897.287,ethbtc
1478,2019-09-09 14:22:37,6.895,aeeth
1472,2019-09-09 14:22:39,1316.9683,omgusdt
1474,2019-09-09 14:22:39,2208.0872,btcusdt
1477,2019-09-09 14:22:40,0.6749,mcoeth
1471,2019-09-09 14:22:40,5658.5574,ltcusdt
1469,2019-09-09 14:22:43,2864.4495,ltcbtc
1469,2019-09-09 14:22:50,716.7257,etcusdt
1469,2019-09-09 14:22:52,18.1092,gntusdt
1460,2019-09-09 14:22:53,5758.3023,ethusdt
1478,2019-09-09 14:23:05,0.0655,mcoeth
1476,2019-09-09 14:23:08,6287.188,ethbtc
1477,2019-09-09 14:23:09,73.5876,zrxusdt
1475,2019-09-09 14:23:14,14407.9489,btcusdt
1470,2019-09-09 14:23:15,2080.8152,ltcbtc
1472,2019-09-09 14:23:16,3395.3471,ltcusdt
1466,2019-09-09 14:23:16,2.2738,wtceth
1470,2019-09-09 14:23:19,2.9229,gntusdt
1479,2019-09-09 14:23:20,10.9276,aeeth
1473,2019-09-09 14:23:22,284.1448,omgusdt
1470,2019-09-09 14:23:25,2808.3927,etcusdt
1461,2019-09-09 14:23:34,8856.1685,ethusdt
1479,2019-09-09 14:23:44,0.0435,mcoeth
1476,2019-09-09 14:23:45,16475.7315,btcusdt
1473,2019-09-09 14:23:47,5497.7372,ltcusdt
1478,2019-09-09 14:23:52,36.8737,zrxusdt
1477,2019-09-09 14:23:52,7061.3791,ethbtc
1471,2019-09-09 14:23:53,12.6556,gntusdt
1471,2019-09-09 14:23:57,3598.3039,ltcbtc
1467,2019-09-09 14:24:01,47.3058,wtceth
1471,2019-09-09 14:24:03,2915.6548,etcusdt
1474,2019-09-09 14:24:04,135.6601,omgusdt
1480,2019-09-09 14:24:05,6.4716,aeeth
1480,2019-09-09 14:24:10,0.259,mcoeth
1477,2019-09-09 14:24:12,31816.8563,btcusdt
1462,2019-09-09 14:24:12,3707.8911,ethusdt
1474,2019-09-09 14:24:22,5965.5083,ltcusdt
1472,2019-09-09 14:24:24,3709.6099,ltcbtc
1472,2019-09-09 14:24:25,5.3802,gntusdt
1468,2019-09-09 14:24:30,37.0539,wtceth
1481,2019-09-09 14:24:32,7.4643,aeeth
1478,2019-09-09 14:24:32,2054.5472,ethbtc
1472,2019-09-09 14:24:33,2819.1296,etcusdt
1479,2019-09-09 14:24:34,27.544,zrxusdt
1481,2019-09-09 14:24:36,0.0286,mcoeth
1478,2019-09-09 14:24:40,37132.5091,btcusdt
1475,2019-09-09 14:24:42,239.9017,omgusdt
1475,2019-09-09 14:24:54,5239.5269,ltcusdt
1473,2019-09-09 14:24:55,2775.0815,ltcbtc
1463,2019-09-09 14:24:56,826.277,ethusdt
1469,2019-09-09 14:24:58,43.5825,wtceth
1479,2019-09-09 14:25:04,3432.8207,ethbtc
1473,2019-09-09 14:25:05,6.5119,gntusdt
1473,2019-09-09 14:25:10,416.5942,etcusdt
1482,2019-09-09 14:25:16,0.5803,aeeth
1476,2019-09-09 14:25:17,3539.6284,omgusdt
1482,2019-09-09 14:25:19,0.7896,mcoeth
1480,2019-09-09 14:25:19,8.9747,zrxusdt
1464,2019-09-09 14:25:25,8456.0775,ethusdt
1479,2019-09-09 14:25:25,22969.9373,btcusdt
1476,2019-09-09 14:25:27,3720.279,ltcusdt
1470,2019-09-09 14:25:32,39.7435,wtceth
1474,2019-09-09 14:25:35,515.4571,ltcbtc
1480,2019-09-09 14:25:37,103.0948,ethbtc
1474,2019-09-09 14:25:37,12.5169,gntusdt
1483,2019-09-09 14:25:45,4.3491,aeeth
1483,2019-09-09 14:25:46,0.7872,mcoeth
1477,2019-09-09 14:25:50,439.4855,omgusdt
1465,2019-09-09 14:25:52,12714.2488,ethusdt
1474,2019-09-09 14:25:54,1193.3496,etcusdt
1477,2019-09-09 14:25:58,5575.0788,ltcusdt
1481,2019-09-09 14:25:59,6.8205,zrxusdt
1475,2019-09-09 14:26:04,274.3133,ltcbtc
1480,2019-09-09 14:26:08,41678.3086,btcusdt
1481,2019-09-09 14:26:09,38.797,ethbtc
1475,2019-09-09 14:26:11,16.5864,gntusdt
1484,2019-09-09 14:26:13,0.8119,mcoeth
1471,2019-09-09 14:26:17,20.8982,wtceth
1484,2019-09-09 14:26:26,8.3827,aeeth
1482,2019-09-09 14:26:29,118.5962,zrxusdt
1466,2019-09-09 14:26:31,723.755,ethusdt
1475,2019-09-09 14:26:32,1028.2607,etcusdt
1478,2019-09-09 14:26:32,3481.81,omgusdt
1476,2019-09-09 14:26:32,3376.9437,ltcbtc
1478,2019-09-09 14:26:35,2933.1608,ltcusdt
1485,2019-09-09 14:26:39,0.2064,mcoeth
1481,2019-09-09 14:26:44,493.0827,btcusdt
1472,2019-09-09 14:26:46,49.8313,wtceth
1482,2019-09-09 14:26:53,11750.7305,ethbtc
1476,2019-09-09 14:26:53,21.6887,gntusdt
1476,2019-09-09 14:26:58,166.4575,etcusdt
1485,2019-09-09 14:27:00,11.9029,aeeth
1467,2019-09-09 14:27:01,8561.6585,ethusdt
1479,2019-09-09 14:27:04,2687.9398,omgusdt
1482,2019-09-09 14:27:09,36237.7834,btcusdt
1479,2019-09-09 14:27:09,4801.4724,ltcusdt
1486,2019-09-09 14:27:09,0.5152,mcoeth
1483,2019-09-09 14:27:12,38.0495,zrxusdt
1477,2019-09-09 14:27:15,1966.8554,ltcbtc
1473,2019-09-09 14:27:27,32.7534,wtceth
1480,2019-09-09 14:27:34,2183.7362,omgusdt
1477,2019-09-09 14:27:35,10.3829,gntusdt
1483,2019-09-09 14:27:36,9488.1553,ethbtc
1477,2019-09-09 14:27:38,1732.3943,etcusdt
1483,2019-09-09 14:27:38,4180.7931,btcusdt
1486,2019-09-09 14:27:41,9.8739,aeeth
1468,2019-09-09 14:27:43,7108.5558,ethusdt
1480,2019-09-09 14:27:46,3995.3411,ltcusdt
1487,2019-09-09 14:27:47,0.3267,mcoeth
1478,2019-09-09 14:27:51,1889.9679,ltcbtc
1484,2019-09-09 14:27:55,103.7537,zrxusdt
1484,2019-09-09 14:28:02,6137.1836,ethbtc
1474,2019-09-09 14:28:07,35.5939,wtceth
1478,2019-09-09 14:28:09,8.5547,gntusdt
1481,2019-09-09 14:28:11,1467.3069,omgusdt
1484,2019-09-09 14:28:14,48869.5717,btcusdt
1479,2019-09-09 14:28:17,1832.0515,ltcbtc
1478,2019-09-09 14:28:18,868.6078,etcusdt
1481,2019-09-09 14:28:19,189.8807,ltcusdt
1488,2019-09-09 14:28:20,0.3888,mcoeth
1487,2019-09-09 14:28:22,6.9984,aeeth
1469,2019-09-09 14:28:25,3404.4656,ethusdt
1485,2019-09-09 14:28:40,9.9589,zrxusdt
1475,2019-09-09 14:28:43,10.6496,wtceth
1479,2019-09-09 14:28:46,16.0855,gntusdt
1485,2019-09-09 14:28:46,18411.3274,btcusdt
1485,2019-09-09 14:28:46,3772.5563,ethbtc
1480,2019-09-09 14:28:50,71.1262,ltcbtc
1482,2019-09-09 14:28:52,2275.1866,omgusdt
1479,2019-09-09 14:28:56,1836.5057,etcusdt
1489,2019-09-09 14:28:57,0.8419,mcoeth
1470,2019-09-09 14:29:01,11198.6285,ethusdt
1482,2019-09-09 14:29:02,3970.7563,ltcusdt
1488,2019-09-09 14:29:07,11.6416,aeeth
1486,2019-09-09 14:29:11,52776.8132,btcusdt
1486,2019-09-09 14:29:13,1589.3609,ethbtc
1486,2019-09-09 14:29:16,27.5766,zrxusdt
1476,2019-09-09 14:29:20,51.9498,wtceth
1483,2019-09-09 14:29:20,2223.1437,omgusdt
1480,2019-09-09 14:29:26,15.9249,gntusdt
1481,2019-09-09 14:29:27,3301.4957,ltcbtc
1471,2019-09-09 14:29:30,8795.6492,ethusdt
1480,2019-09-09 14:29:32,1451.5212,etcusdt
1483,2019-09-09 14:29:32,2303.9926,ltcusdt
1490,2019-09-09 14:29:41,0.2662,mcoeth
1489,2019-09-09 14:29:46,10.1229,aeeth
1484,2019-09-09 14:29:46,1023.9991,omgusdt
1487,2019-09-09 14:29:50,30951.5949,btcusdt
1487,2019-09-09 14:29:57,11282.6827,ethbtc
1477,2019-09-09 14:29:59,47.5093,wtceth
1487,2019-09-09 14:30:01,65.4841,zrxusdt
1481,2019-09-09 14:30:06,7.2542,gntusdt
1484,2019-09-09 14:30:07,731.1136,ltcusdt
1482,2019-09-09 14:30:11,3817.0504,ltcbtc
1472,2019-09-09 14:30:13,6120.1614,ethusdt
1491,2019-09-09 14:30:13,0.503,mcoeth
1485,2019-09-09 14:30:13,1118.6056,omgusdt
1481,2019-09-09 14:30:16,369.8783,etcusdt
1490,2019-09-09 14:30:17,12.0329,aeeth
1488,2019-09-09 14:30:24,8737.3545,ethbtc
1488,2019-09-09 14:30:30,27689.7361,btcusdt
1482,2019-09-09 14:30:32,5.2384,gntusdt
1485,2019-09-09 14:30:38,5756.7275,ltcusdt
1488,2019-09-09 14:30:38,66.0019,zrxusdt
1478,2019-09-09 14:30:42,29.7248,wtceth
1491,2019-09-09 14:30:46,0.0513,aeeth
1483,2019-09-09 14:30:48,3178.5295,ltcbtc
1482,2019-09-09 14:30:50,685.6706,etcusdt
1473,2019-09-09 14:30:50,2990.6275,ethusdt
1486,2019-09-09 14:30:56,729.5642,omgusdt
1492,2019-09-09 14:30:57,0.7005,mcoeth
1489,2019-09-09 14:31:04,87.5076,ethbtc
1489,2019-09-09 14:31:13,462.9133,btcusdt
1489,2019-09-09 14:31:14,97.1441,zrxusdt
1483,2019-09-09 14:31:16,38.5176,etcusdt
1483,2019-09-09 14:31:17,14.6477,gntusdt
1484,2019-09-09 14:31:21,18.4328,ltcbtc
1486,2019-09-09 14:31:22,2765.6355,ltcusdt
1479,2019-09-09 14:31:22,2.5403,wtceth
1487,2019-09-09 14:31:26,3194.4276,omgusdt
1492,2019-09-09 14:31:31,2.3703,aeeth
1474,2019-09-09 14:31:33,4712.9155,ethusdt
1493,2019-09-09 14:31:35,0.4473,mcoeth
1487,2019-09-09 14:31:47,1307.6821,ltcusdt
1490,2019-09-09 14:31:48,11281.8602,ethbtc
1480,2019-09-09 14:31:50,44.0852,wtceth
1490,2019-09-09 14:31:52,14922.7449,btcusdt
1484,2019-09-09 14:31:52,16.3815,gntusdt
1485,2019-09-09 14:31:57,717.0145,ltcbtc
1488,2019-09-09 14:31:57,803.2858,omgusdt
1484,2019-09-09 14:31:58,1441.0033,etcusdt
1490,2019-09-09 14:31:59,20.9137,zrxusdt
1494,2019-09-09 14:32:04,0.1579,mcoeth
1475,2019-09-09 14:32:10,3321.8338,ethusdt
1493,2019-09-09 14:32:11,12.019,aeeth
1491,2019-09-09 14:32:22,1987.232,ethbtc
1488,2019-09-09 14:32:26,2451.494,ltcusdt
1489,2019-09-09 14:32:27,2701.0132,omgusdt
1491,2019-09-09 14:32:29,17035.6669,btcusdt
1486,2019-09-09 14:32:30,3510.4977,ltcbtc
1485,2019-09-09 14:32:30,959.4045,etcusdt
1481,2019-09-09 14:32:32,37.4311,wtceth
1476,2019-09-09 14:32:35,2912.3264,ethusdt
1485,2019-09-09 14:32:36,18.1168,gntusdt
1491,2019-09-09 14:32:42,121.816,zrxusdt
1494,2019-09-09 14:32:44,0.9644,aeeth
1495,2019-09-09 14:32:46,0.2045,mcoeth
1492,2019-09-09 14:32:57,3088.1915,ethbtc
1487,2019-09-09 14:33:00,3833.3201,ltcbtc
1482,2019-09-09 14:33:02,51.4223,wtceth
1477,2019-09-09 14:33:05,2933.5339,ethusdt
1489,2019-09-09 14:33:05,1189.7583,ltcusdt
1490,2019-09-09 14:33:08,2992.2838,omgusdt
1492,2019-09-09 14:33:11,7364.7489,btcusdt
1486,2019-09-09 14:33:12,1264.9993,etcusdt
1495,2019-09-09 14:33:14,7.2214,aeeth
1486,2019-09-09 14:33:14,5.0079,gntusdt
1496,2019-09-09 14:33:24,0.6733,mcoeth
1492,2019-09-09 14:33:27,18.5635,zrxusdt
1478,2019-09-09 14:33:32,5187.1137,ethusdt
1490,2019-09-09 14:33:36,371.1613,ltcusdt
1493,2019-09-09 14:33:39,2611.0829,ethbtc
1496,2019-09-09 14:33:39,3.1267,aeeth
1483,2019-09-09 14:33:40,39.8099,wtceth
1487,2019-09-09 14:33:41,0.8009,gntusdt
1488,2019-09-09 14:33:41,3371.4124,ltcbtc
1491,2019-09-09 14:33:41,321.3261,omgusdt
1493,2019-09-09 14:33:44,14390.1599,btcusdt
1487,2019-09-09 14:33:53,2758.2777,etcusdt
1493,2019-09-09 14:33:54,43.5608,zrxusdt
1497,2019-09-09 14:34:05,0.5153,mcoeth
1479,2019-09-09 14:34:05,328.7384,ethusdt
1484,2019-09-09 14:34:05,44.1035,wtceth
1491,2019-09-09 14:34:10,6007.7776,ltcusdt
1494,2019-09-09 14:34:11,11000.6376,ethbtc
1492,2019-09-09 14:34:16,917.9809,omgusdt
1497,2019-09-09 14:34:17,8.952,aeeth
1488,2019-09-09 14:34:18,0.5529,gntusdt
1489,2019-09-09 14:34:22,2502.4697,ltcbtc
1488,2019-09-09 14:34:23,157.0613,etcusdt
1494,2019-09-09 14:34:24,34831.1076,btcusdt
1494,2019-09-09 14:34:25,64.5748,zrxusdt
1480,2019-09-09 14:34:31,5172.4873,ethusdt
1498,2019-09-09 14:34:35,0.2864,mcoeth
1492,2019-09-09 14:34:39,4612.4337,ltcusdt
1495,2019-09-09 14:34:40,10540.9177,ethbtc
1498,2019-09-09 14:34:47,10.4254,aeeth
1489,2019-09-09 14:34:47,17.7754,gntusdt
1485,2019-09-09 14:34:49,23.4808,wtceth
1493,2019-09-09 14:34:52,322.5395,omgusdt
1495,2019-09-09 14:34:55,65.537,zrxusdt
1490,2019-09-09 14:34:57,2262.087,ltcbtc
1489,2019-09-09 14:35:05,795.3346,etcusdt
1493,2019-09-09 14:35:05,1144.9798,ltcusdt
1499,2019-09-09 14:35:08,0.489,mcoeth
1495,2019-09-09 14:35:08,53687.4914,btcusdt
1481,2019-09-09 14:35:11,4518.6162,ethusdt
1499,2019-09-09 14:35:21,6.3191,aeeth
1491,2019-09-09 14:35:23,605.6034,ltcbtc
1496,2019-09-09 14:35:24,3336.7486,ethbtc
1486,2019-09-09 14:35:28,8.8451,wtceth
1490,2019-09-09 14:35:28,9.3379,gntusdt
1494,2019-09-09 14:35:37,1013.7967,omgusdt
1496,2019-09-09 14:35:38,4.2471,zrxusdt
1482,2019-09-09 14:35:39,4594.8217,ethusdt
1490,2019-09-09 14:35:42,2211.9312,etcusdt
1496,2019-09-09 14:35:43,25074.4392,btcusdt
1494,2019-09-09 14:35:46,5272.7053,ltcusdt
1492,2019-09-09 14:35:50,1089.7139,ltcbtc
1500,2019-09-09 14:35:51,0.4639,mcoeth
1497,2019-09-09 14:35:57,5622.1639,ethbtc
1495,2019-09-09 14:36:02,1055.812,omgusdt
1500,2019-09-09 14:36:03,0.6029,aeeth
1491,2019-09-09 14:36:06,9.2462,gntusdt
1497,2019-09-09 14:36:06,33.5196,zrxusdt
1487,2019-09-09 14:36:13,23.9933,wtceth
1497,2019-09-09 14:36:20,7241.1849,btcusdt
1483,2019-09-09 14:36:21,5157.7763,ethusdt
1491,2019-09-09 14:36:22,302.7293,etcusdt
1495,2019-09-09 14:36:22,5674.7005,ltcusdt
1493,2019-09-09 14:36:24,3954.032,ltcbtc
1501,2019-09-09 14:36:27,0.6355,mcoeth
1498,2019-09-09 14:36:37,5732.4519,ethbtc
1498,2019-09-09 14:36:40,93.4505,zrxusdt
1501,2019-09-09 14:36:42,10.2339,aeeth
1496,2019-09-09 14:36:44,2496.9556,omgusdt
1492,2019-09-09 14:36:47,2.2018,gntusdt
1498,2019-09-09 14:36:51,13143.717,btcusdt
1488,2019-09-09 14:36:52,43.5734,wtceth
1502,2019-09-09 14:36:55,0.3627,mcoeth
1492,2019-09-09 14:36:57,2057.2747,etcusdt
1484,2019-09-09 14:37:01,13110.0105,ethusdt
1494,2019-09-09 14:37:07,3022.5619,ltcbtc
1496,2019-09-09 14:37:07,2379.3655,ltcusdt
1499,2019-09-09 14:37:15,894.107,ethbtc
1499,2019-09-09 14:37:17,38042.4999,btcusdt
1499,2019-09-09 14:37:22,25.9069,zrxusdt
1497,2019-09-09 14:37:23,2697.9915,omgusdt
1493,2019-09-09 14:37:26,14.4575,gntusdt
1489,2019-09-09 14:37:26,9.2063,wtceth
1502,2019-09-09 14:37:26,5.8276,aeeth
1503,2019-09-09 14:37:27,0.8299,mcoeth
1493,2019-09-09 14:37:34,1350.583,etcusdt
1495,2019-09-09 14:37:35,2360.8789,ltcbtc
1485,2019-09-09 14:37:38,7613.8757,ethusdt
1500,2019-09-09 14:37:44,4242.8581,btcusdt
1500,2019-09-09 14:37:48,3806.0271,ethbtc
1497,2019-09-09 14:37:49,5040.2701,ltcusdt
1490,2019-09-09 14:37:53,2.0059,wtceth
1503,2019-09-09 14:37:59,2.8613,aeeth
1498,2019-09-09 14:38:01,597.1857,omgusdt
1494,2019-09-09 14:38:07,21.2752,gntusdt
1494,2019-09-09 14:38:07,2867.4802,etcusdt
1500,2019-09-09 14:38:07,10.777,zrxusdt
1486,2019-09-09 14:38:11,2490.3183,ethusdt
1496,2019-09-09 14:38:11,834.9834,ltcbtc
1504,2019-09-09 14:38:12,0.7387,mcoeth
1501,2019-09-09 14:38:18,30236.9223,btcusdt
1498,2019-09-09 14:38:21,3767.5372,ltcusdt
1501,2019-09-09 14:38:23,5555.7457,ethbtc
1499,2019-09-09 14:38:29,1041.9103,omgusdt
1491,2019-09-09 14:38:29,18.6355,wtceth
1495,2019-09-09 14:38:33,2861.3083,etcusdt
1504,2019-09-09 14:38:34,4.7924,aeeth
1501,2019-09-09 14:38:38,39.5237,zrxusdt
1495,2019-09-09 14:38:39,9.787,gntusdt
1497,2019-09-09 14:38:43,692.6363,ltcbtc
1487,2019-09-09 14:38:44,6549.5648,ethusdt
1502,2019-09-09 14:38:52,9285.0969,btcusdt
1505,2019-09-09 14:38:54,0.6251,mcoeth
1499,2019-09-09 14:39:01,4712.4818,ltcusdt
1500,2019-09-09 14:39:02,186.0223,omgusdt
1505,2019-09-09 14:39:03,7.8322,aeeth
1496,2019-09-09 14:39:05,1729.893,etcusdt
1502,2019-09-09 14:39:07,9738.4987,ethbtc
1502,2019-09-09 14:39:09,2.2297,zrxusdt
1492,2019-09-09 14:39:11,29.5404,wtceth
1488,2019-09-09 14:39:15,404.9001,ethusdt
1496,2019-09-09 14:39:16,0.1147,gntusdt
1503,2019-09-09 14:39:21,2021.6161,btcusdt
1498,2019-09-09 14:39:24,1468.4853,ltcbtc
1506,2019-09-09 14:39:33,0.8602,mcoeth
1500,2019-09-09 14:39:33,3483.5916,ltcusdt
1503,2019-09-09 14:39:33,10334.8897,ethbtc
1501,2019-09-09 14:39:33,1545.9285,omgusdt
1503,2019-09-09 14:39:34,73.9207,zrxusdt
1506,2019-09-09 14:39:37,6.4286,aeeth
1497,2019-09-09 14:39:47,2469.2868,etcusdt
1493,2019-09-09 14:39:54,41.9197,wtceth
1489,2019-09-09 14:39:54,4795.977,ethusdt
1497,2019-09-09 14:39:56,8.741,gntusdt
1499,2019-09-09 14:39:57,1668.4068,ltcbtc
1501,2019-09-09 14:40:01,5651.7073,ltcusdt
1507,2019-09-09 14:40:02,0.8253,mcoeth
1504,2019-09-09 14:40:06,32286.8395,btcusdt
1507,2019-09-09 14:40:11,3.0456,aeeth
1504,2019-09-09 14:40:12,67.8462,zrxusdt
1502,2019-09-09 14:40:14,2772.3948,omgusdt
1504,2019-09-09 14:40:16,9358.3903,ethbtc
1498,2019-09-09 14:40:19,2130.0709,etcusdt
1494,2019-09-09 14:40:22,36.0641,wtceth
1490,2019-09-09 14:40:32,7589.5398,ethusdt
1508,2019-09-09 14:40:36,0.3161,mcoeth
1502,2019-09-09 14:40:39,1258.8741,ltcusdt
1505,2019-09-09 14:40:39,61.365,zrxusdt
1498,2019-09-09 14:40:40,17.7464,gntusdt
1505,2019-09-09 14:40:40,38152.7086,btcusdt
1500,2019-09-09 14:40:40,684.8584,ltcbtc
1508,2019-09-09 14:40:43,8.6212,aeeth
1499,2019-09-09 14:40:46,1675.19,etcusdt
1505,2019-09-09 14:40:56,3419.1969,ethbtc
1503,2019-09-09 14:40:59,3647.107,omgusdt
1509,2019-09-09 14:41:01,0.0961,mcoeth
1495,2019-09-09 14:41:03,16.4309,wtceth
1503,2019-09-09 14:41:04,2296.4136,ltcusdt
1491,2019-09-09 14:41:10,8844.4973,ethusdt
1509,2019-09-09 14:41:10,10.2304,aeeth
1506,2019-09-09 14:41:14,18.6854,zrxusdt
1499,2019-09-09 14:41:14,6.9505,gntusdt
1501,2019-09-09 14:41:21,1866.0563,ltcbtc
1506,2019-09-09 14:41:25,3849.9317,btcusdt
1500,2019-09-09 14:41:25,2116.9856,etcusdt
1496,2019-09-09 14:41:34,26.7052,wtceth
1510,2019-09-09 14:41:34,0.4136,mcoeth
1510,2019-09-09 14:41:35,8.0983,aeeth
1504,2019-09-09 14:41:36,2197.453,omgusdt
1492,2019-09-09 14:41:40,65.2933,ethusdt
1506,2019-09-09 14:41:40,6123.3838,ethbtc
1504,2019-09-09 14:41:40,5235.563,ltcusdt
1500,2019-09-09 14:41:54,3.6857,gntusdt
1507,2019-09-09 14:41:57,116.2902,zrxusdt
1502,2019-09-09 14:41:59,1004.1439,ltcbtc
1507,2019-09-09 14:42:02,9050.7631,btcusdt
1501,2019-09-09 14:42:02,710.5035,etcusdt
1511,2019-09-09 14:42:05,0.4918,mcoeth
1497,2019-09-09 14:42:05,30.924,wtceth
1511,2019-09-09 14:42:06,4.6226,aeeth
1505,2019-09-09 14:42:07,394.9596,omgusdt
1493,2019-09-09 14:42:21,572.0102,ethusdt
1507,2019-09-09 14:42:24,5081.452,ethbtc
1505,2019-09-09 14:42:24,352.3345,ltcusdt
1512,2019-09-09 14:42:35,0.0437,mcoeth
1503,2019-09-09 14:42:35,3613.2304,ltcbtc
1501,2019-09-09 14:42:36,17.8319,gntusdt
1508,2019-09-09 14:42:36,71.0303,zrxusdt
1506,2019-09-09 14:42:37,1337.0178,omgusdt
1508,2019-09-09 14:42:37,40139.2882,btcusdt
1502,2019-09-09 14:42:43,354.7691,etcusdt
1498,2019-09-09 14:42:49,35.9562,wtceth
1506,2019-09-09 14:42:49,1202.3706,ltcusdt
1512,2019-09-09 14:42:50,0.0513,aeeth
1504,2019-09-09 14:43:00,3416.1911,ltcbtc
1494,2019-09-09 14:43:00,7254.6831,ethusdt
1513,2019-09-09 14:43:01,0.2634,mcoeth
1508,2019-09-09 14:43:04,1239.676,ethbtc
1509,2019-09-09 14:43:05,122.6341,zrxusdt
1507,2019-09-09 14:43:05,3539.6607,omgusdt
1507,2019-09-09 14:43:14,2575.3674,ltcusdt
1509,2019-09-09 14:43:14,30021.9961,btcusdt
1499,2019-09-09 14:43:17,17.158,wtceth
1502,2019-09-09 14:43:19,16.5294,gntusdt
1513,2019-09-09 14:43:25,11.6259,aeeth
1514,2019-09-09 14:43:26,0.6397,mcoeth
1503,2019-09-09 14:43:27,2514.2858,etcusdt
1495,2019-09-09 14:43:29,12812.6079,ethusdt
1508,2019-09-09 14:43:35,1163.4265,omgusdt
1510,2019-09-09 14:43:35,46.596,zrxusdt
1509,2019-09-09 14:43:36,1003.8662,ethbtc
1510,2019-09-09 14:43:40,46756.1696,btcusdt
1505,2019-09-09 14:43:43,1129.7891,ltcbtc
1515,2019-09-09 14:43:54,0.7212,mcoeth
1500,2019-09-09 14:43:55,32.1111,wtceth
1508,2019-09-09 14:43:55,4691.7746,ltcusdt
1503,2019-09-09 14:43:57,15.3419,gntusdt
1504,2019-09-09 14:44:02,419.842,etcusdt
1514,2019-09-09 14:44:08,6.792,aeeth
1509,2019-09-09 14:44:10,3569.0964,omgusdt
1496,2019-09-09 14:44:11,1624.9062,ethusdt
1511,2019-09-09 14:44:12,31462.9485,btcusdt
1506,2019-09-09 14:44:15,3636.9813,ltcbtc
1511,2019-09-09 14:44:15,42.6992,zrxusdt
1510,2019-09-09 14:44:16,1918.0759,ethbtc
1516,2019-09-09 14:44:29,0.8552,mcoeth
1509,2019-09-09 14:44:33,81.3977,ltcusdt
1504,2019-09-09 14:44:34,2.8749,gntusdt
1501,2019-09-09 14:44:34,13.3838,wtceth
1497,2019-09-09 14:44:42,6254.6379,ethusdt
1505,2019-09-09 14:44:43,1395.412,etcusdt
1515,2019-09-09 14:44:48,4.3319,aeeth
1510,2019-09-09 14:44:50,2597.2586,omgusdt
1512,2019-09-09 14:44:51,38616.7916,btcusdt
1507,2019-09-09 14:44:53,127.2069,ltcbtc
1512,2019-09-09 14:44:56,47.6157,zrxusdt
1517,2019-09-09 14:44:56,0.3919,mcoeth
1511,2019-09-09 14:44:57,3726.7051,ethbtc
1502,2019-09-09 14:45:15,43.2781,wtceth
1506,2019-09-09 14:45:15,2897.1524,etcusdt
1510,2019-09-09 14:45:16,50.4732,ltcusdt
1505,2019-09-09 14:45:17,3.2199,gntusdt
1498,2019-09-09 14:45:23,2830.4535,ethusdt
1516,2019-09-09 14:45:27,0.5796,aeeth
1518,2019-09-09 14:45:29,0.638,mcoeth
1513,2019-09-09 14:45:31,9218.0985,btcusdt
1511,2019-09-09 14:45:32,3134.76,omgusdt
1508,2019-09-09 14:45:36,2660.4395,ltcbtc
1513,2019-09-09 14:45:40,31.3175,zrxusdt
1512,2019-09-09 14:45:41,7843.0275,ethbtc
1507,2019-09-09 14:45:42,1215.2589,etcusdt
1506,2019-09-09 14:45:47,10.0559,gntusdt
1503,2019-09-09 14:45:49,42.9314,wtceth
1511,2019-09-09 14:45:51,3191.127,ltcusdt
1517,2019-09-09 14:45:55,7.9478,aeeth
1519,2019-09-09 14:45:59,0.6494,mcoeth
1514,2019-09-09 14:46:00,27687.8686,btcusdt
1499,2019-09-09 14:46:07,7441.9621,ethusdt
1514,2019-09-09 14:46:10,23.0801,zrxusdt
1509,2019-09-09 14:46:11,830.1615,ltcbtc
1513,2019-09-09 14:46:13,4642.2616,ethbtc
1512,2019-09-09 14:46:16,3733.6753,omgusdt
1508,2019-09-09 14:46:19,2341.0469,etcusdt
1520,2019-09-09 14:46:24,0.5192,mcoeth
1507,2019-09-09 14:46:25,3.0396,gntusdt
1518,2019-09-09 14:46:25,1.3103,aeeth
1504,2019-09-09 14:46:29,2.3456,wtceth
1512,2019-09-09 14:46:36,3609.9065,ltcusdt
1515,2019-09-09 14:46:37,53610.2601,btcusdt
1515,2019-09-09 14:46:38,30.8603,zrxusdt
1510,2019-09-09 14:46:41,3450.1822,ltcbtc
1513,2019-09-09 14:46:42,2684.6166,omgusdt
1514,2019-09-09 14:46:44,11868.6044,ethbtc
1500,2019-09-09 14:46:52,10061.9739,ethusdt
1509,2019-09-09 14:46:54,2865.6967,etcusdt
1521,2019-09-09 14:46:58,0.7553,mcoeth
1508,2019-09-09 14:47:02,14.4472,gntusdt
1516,2019-09-09 14:47:02,49190.4935,btcusdt
1505,2019-09-09 14:47:05,4.7102,wtceth
1519,2019-09-09 14:47:07,7.4414,aeeth
1513,2019-09-09 14:47:09,2234.1191,ltcusdt
1516,2019-09-09 14:47:11,101.5768,zrxusdt
1514,2019-09-09 14:47:20,1253.0234,omgusdt
1511,2019-09-09 14:47:24,3760.0243,ltcbtc
1515,2019-09-09 14:47:26,3067.9738,ethbtc
1522,2019-09-09 14:47:32,0.5212,mcoeth
1510,2019-09-09 14:47:34,2598.7167,etcusdt
1509,2019-09-09 14:47:37,20.058,gntusdt
1501,2019-09-09 14:47:37,9011.6103,ethusdt
1517,2019-09-09 14:47:39,34829.654,btcusdt
1517,2019-09-09 14:47:46,79.1539,zrxusdt
1514,2019-09-09 14:47:47,2013.6118,ltcusdt
1520,2019-09-09 14:47:47,7.124,aeeth
1506,2019-09-09 14:47:48,19.4982,wtceth
1512,2019-09-09 14:47:50,1013.2511,ltcbtc
1515,2019-09-09 14:47:54,777.9491,omgusdt
1516,2019-09-09 14:47:54,7784.4575,ethbtc
1502,2019-09-09 14:48:08,13461.3734,ethusdt
1521,2019-09-09 14:48:14,9.4932,aeeth
1523,2019-09-09 14:48:14,0.7215,mcoeth
1511,2019-09-09 14:48:14,2943.7368,etcusdt
1515,2019-09-09 14:48:14,1122.0518,ltcusdt
1518,2019-09-09 14:48:16,21329.4245,btcusdt
1507,2019-09-09 14:48:17,31.8529,wtceth
1510,2019-09-09 14:48:19,13.6633,gntusdt
1517,2019-09-09 14:48:19,5187.4913,ethbtc
1513,2019-09-09 14:48:25,321.5882,ltcbtc
1518,2019-09-09 14:48:25,51.5022,zrxusdt
1503,2019-09-09 14:48:37,6206.2517,ethusdt
1516,2019-09-09 14:48:38,2171.1238,omgusdt
1511,2019-09-09 14:48:47,15.1663,gntusdt
1524,2019-09-09 14:48:50,0.0658,mcoeth
1519,2019-09-09 14:48:54,25524.6519,btcusdt
1512,2019-09-09 14:48:56,2165.3715,etcusdt
1518,2019-09-09 14:48:56,577.8421,ethbtc
1522,2019-09-09 14:48:57,3.371,aeeth
1508,2019-09-09 14:48:57,47.9639,wtceth
1516,2019-09-09 14:48:59,252.8632,ltcusdt
1504,2019-09-09 14:49:09,1600.6567,ethusdt
1519,2019-09-09 14:49:09,99.5588,zrxusdt
1517,2019-09-09 14:49:09,1703.1012,omgusdt
1514,2019-09-09 14:49:10,601.0315,ltcbtc
1512,2019-09-09 14:49:23,3.9351,gntusdt
1525,2019-09-09 14:49:24,0.631,mcoeth
1513,2019-09-09 14:49:31,223.6424,etcusdt
1517,2019-09-09 14:49:32,3999.6929,ltcusdt
1523,2019-09-09 14:49:35,2.1158,aeeth
1518,2019-09-09 14:49:36,1883.6119,omgusdt
1520,2019-09-09 14:49:37,42.7694,zrxusdt
1515,2019-09-09 14:49:38,266.2861,ltcbtc
1520,2019-09-09 14:49:38,5412.5938,btcusdt
1509,2019-09-09 14:49:39,4.1712,wtceth
1519,2019-09-09 14:49:40,5232.0864,ethbtc
1505,2019-09-09 14:49:46,13469.6257,ethusdt
1526,2019-09-09 14:49:50,0.1851,mcoeth
1513,2019-09-09 14:49:57,5.3201,gntusdt
1518,2019-09-09 14:49:59,1605.7436,ltcusdt
1519,2019-09-09 14:50:03,3188.1109,omgusdt
1520,2019-09-09 14:50:05,11623.8457,ethbtc
1516,2019-09-09 14:50:07,2066.2712,ltcbtc
1524,2019-09-09 14:50:08,3.0293,aeeth
1514,2019-09-09 14:50:11,855.8241,etcusdt
1510,2019-09-09 14:50:11,52.1674,wtceth
1506,2019-09-09 14:50:15,4193.4876,ethusdt
1521,2019-09-09 14:50:21,109.303,zrxusdt
1521,2019-09-09 14:50:21,9968.8151,btcusdt
1519,2019-09-09 14:50:24,803.1756,ltcusdt
1527,2019-09-09 14:50:33,0.3203,mcoeth
1520,2019-09-09 14:50:35,3115.8081,omgusdt
1507,2019-09-09 14:50:40,7838.0826,ethusdt
1514,2019-09-09 14:50:41,15.9101,gntusdt
1517,2019-09-09 14:50:41,2814.1772,ltcbtc
1511,2019-09-09 14:50:43,33.4918,wtceth
1515,2019-09-09 14:50:47,403.2481,etcusdt
1522,2019-09-09 14:50:47,51646.6893,btcusdt
1521,2019-09-09 14:50:49,7922.291,ethbtc
1525,2019-09-09 14:50:50,8.6941,aeeth
1522,2019-09-09 14:50:52,120.0463,zrxusdt
1528,2019-09-09 14:50:58,0.6139,mcoeth
1520,2019-09-09 14:51:05,680.2436,ltcusdt
1515,2019-09-09 14:51:14,13.7418,gntusdt
1518,2019-09-09 14:51:15,2825.1192,ltcbtc
1523,2019-09-09 14:51:17,93.3513,zrxusdt
1508,2019-09-09 14:51:18,2752.4069,ethusdt
1521,2019-09-09 14:51:19,1496.1783,omgusdt
1523,2019-09-09 14:51:20,27708.2569,btcusdt
1526,2019-09-09 14:51:20,2.2164,aeeth
1512,2019-09-09 14:51:27,46.9628,wtceth
1516,2019-09-09 14:51:29,2790.7344,etcusdt
1522,2019-09-09 14:51:32,8000.4921,ethbtc
1529,2019-09-09 14:51:37,0.4311,mcoeth
1524,2019-09-09 14:51:44,66.7231,zrxusdt
1521,2019-09-09 14:51:48,2321.5735,ltcusdt
1527,2019-09-09 14:51:52,3.7989,aeeth
1509,2019-09-09 14:51:53,7792.9353,ethusdt
1516,2019-09-09 14:51:55,15.792,gntusdt
1524,2019-09-09 14:51:56,26927.9594,btcusdt
1522,2019-09-09 14:51:56,2512.8162,omgusdt
1519,2019-09-09 14:51:58,1619.7321,ltcbtc
1517,2019-09-09 14:52:10,2453.4832,etcusdt
1513,2019-09-09 14:52:12,40.0669,wtceth
1523,2019-09-09 14:52:15,4114.8686,ethbtc
1525,2019-09-09 14:52:16,42.1356,zrxusdt
1510,2019-09-09 14:52:20,9396.5033,ethusdt
1523,2019-09-09 14:52:21,308.9426,omgusdt
1530,2019-09-09 14:52:21,0.7566,mcoeth
1528,2019-09-09 14:52:22,2.7554,aeeth
1525,2019-09-09 14:52:25,34061.3779,btcusdt
1517,2019-09-09 14:52:30,8.1845,gntusdt
1522,2019-09-09 14:52:33,2604.8561,ltcusdt
1514,2019-09-09 14:52:37,3.8158,wtceth
1520,2019-09-09 14:52:38,3820.2724,ltcbtc
1524,2019-09-09 14:52:44,4703.6915,ethbtc
1518,2019-09-09 14:52:54,2270.8943,etcusdt
1531,2019-09-09 14:52:55,0.4958,mcoeth
1524,2019-09-09 14:52:55,1302.5657,omgusdt
1529,2019-09-09 14:52:56,2.3669,aeeth
1511,2019-09-09 14:52:57,751.6144,ethusdt
1526,2019-09-09 14:53:00,20.7419,zrxusdt
1526,2019-09-09 14:53:02,41209.7533,btcusdt
1518,2019-09-09 14:53:10,16.2727,gntusdt
1523,2019-09-09 14:53:16,2059.2485,ltcusdt
1519,2019-09-09 14:53:20,1957.6073,etcusdt
1515,2019-09-09 14:53:20,40.792,wtceth
1525,2019-09-09 14:53:20,2828.3471,omgusdt
1521,2019-09-09 14:53:22,2105.3866,ltcbtc
1512,2019-09-09 14:53:22,912.0288,ethusdt
1525,2019-09-09 14:53:23,891.8052,ethbtc
1530,2019-09-09 14:53:33,2.3993,aeeth
1527,2019-09-09 14:53:33,42850.3771,btcusdt
1527,2019-09-09 14:53:37,4.9356,zrxusdt
1532,2019-09-09 14:53:38,0.2383,mcoeth
1519,2019-09-09 14:53:43,9.7937,gntusdt
1516,2019-09-09 14:53:45,25.8441,wtceth
1520,2019-09-09 14:53:46,1215.7164,etcusdt
1522,2019-09-09 14:53:48,224.8907,ltcbtc
1526,2019-09-09 14:53:54,367.0141,omgusdt
1526,2019-09-09 14:53:55,33.0651,ethbtc
1524,2019-09-09 14:53:56,35.4243,ltcusdt
1513,2019-09-09 14:53:58,13414.2783,ethusdt
1531,2019-09-09 14:54:02,8.4382,aeeth
1533,2019-09-09 14:54:11,0.7577,mcoeth
1520,2019-09-09 14:54:15,16.5543,gntusdt
1528,2019-09-09 14:54:15,7237.6721,btcusdt
1528,2019-09-09 14:54:19,88.1971,zrxusdt
1523,2019-09-09 14:54:23,461.3254,ltcbtc
1517,2019-09-09 14:54:26,46.9272,wtceth
1532,2019-09-09 14:54:27,1.309,aeeth
1521,2019-09-09 14:54:27,2371.1382,etcusdt
1527,2019-09-09 14:54:37,1422.4251,omgusdt
1514,2019-09-09 14:54:38,4844.4832,ethusdt
1534,2019-09-09 14:54:39,0.6651,mcoeth
1527,2019-09-09 14:54:40,8964.9845,ethbtc
1525,2019-09-09 14:54:40,4062.3297,ltcusdt
1529,2019-09-09 14:54:43,53466.8014,btcusdt
1529,2019-09-09 14:54:52,60.7913,zrxusdt
1521,2019-09-09 14:54:56,20.5018,gntusdt
1524,2019-09-09 14:55:03,316.9356,ltcbtc
1518,2019-09-09 14:55:04,14.1185,wtceth
1515,2019-09-09 14:55:05,7545.7895,ethusdt
1526,2019-09-09 14:55:06,3137.3333,ltcusdt
1528,2019-09-09 14:55:08,3536.4973,omgusdt
1522,2019-09-09 14:55:11,1468.6781,etcusdt
1533,2019-09-09 14:55:11,1.2017,aeeth
1528,2019-09-09 14:55:13,1680.2499,ethbtc
1530,2019-09-09 14:55:18,30138.5818,btcusdt
1535,2019-09-09 14:55:18,0.8355,mcoeth
1530,2019-09-09 14:55:18,68.501,zrxusdt
1522,2019-09-09 14:55:35,20.4858,gntusdt
1527,2019-09-09 14:55:35,5159.8144,ltcusdt
1516,2019-09-09 14:55:37,610.1344,ethusdt
1529,2019-09-09 14:55:38,6128.5313,ethbtc
1519,2019-09-09 14:55:39,3.0507,wtceth
1523,2019-09-09 14:55:41,950.3966,etcusdt
1525,2019-09-09 14:55:43,212.1227,ltcbtc
1531,2019-09-09 14:55:45,61.4161,zrxusdt
1529,2019-09-09 14:55:46,2892.9662,omgusdt
1534,2019-09-09 14:55:55,2.9419,aeeth
1536,2019-09-09 14:55:59,0.0439,mcoeth
1531,2019-09-09 14:55:59,17003.7565,btcusdt
1528,2019-09-09 14:56:02,293.773,ltcusdt
1517,2019-09-09 14:56:03,5977.8073,ethusdt
1520,2019-09-09 14:56:04,33.6188,wtceth
1526,2019-09-09 14:56:11,839.2137,ltcbtc
1530,2019-09-09 14:56:12,2322.5069,omgusdt
1523,2019-09-09 14:56:14,19.038,gntusdt
1530,2019-09-09 14:56:16,6572.7857,ethbtc
1524,2019-09-09 14:56:24,2041.6189,etcusdt
1532,2019-09-09 14:56:25,22767.4211,btcusdt
1532,2019-09-09 14:56:25,31.8424,zrxusdt
1537,2019-09-09 14:56:38,0.1253,mcoeth
1529,2019-09-09 14:56:40,5804.3653,ltcusdt
1535,2019-09-09 14:56:40,1.7515,aeeth
1524,2019-09-09 14:56:41,7.8026,gntusdt
1527,2019-09-09 14:56:41,836.5973,ltcbtc
1518,2019-09-09 14:56:43,8511.5385,ethusdt
1531,2019-09-09 14:56:44,8637.956,ethbtc
1521,2019-09-09 14:56:46,10.5873,wtceth
1531,2019-09-09 14:56:48,889.9199,omgusdt
1533,2019-09-09 14:56:54,43950.6973,btcusdt
1533,2019-09-09 14:57:00,63.339,zrxusdt
1525,2019-09-09 14:57:09,1908.0111,etcusdt
1532,2019-09-09 14:57:11,2323.9325,ethbtc
1536,2019-09-09 14:57:12,7.737,aeeth
1530,2019-09-09 14:57:13,5654.021,ltcusdt
1538,2019-09-09 14:57:15,0.022,mcoeth
1525,2019-09-09 14:57:16,12.0473,gntusdt
1519,2019-09-09 14:57:17,12672.2493,ethusdt
1522,2019-09-09 14:57:19,50.9275,wtceth
1528,2019-09-09 14:57:21,904.994,ltcbtc
1532,2019-09-09 14:57:23,2875.7699,omgusdt
1534,2019-09-09 14:57:29,7601.8275,btcusdt
1534,2019-09-09 14:57:31,1.0862,zrxusdt
1526,2019-09-09 14:57:35,1767.3235,etcusdt
1537,2019-09-09 14:57:37,5.5385,aeeth
1526,2019-09-09 14:57:42,3.3191,gntusdt
1539,2019-09-09 14:57:42,0.45,mcoeth
1531,2019-09-09 14:57:49,5259.7334,ltcusdt
1533,2019-09-09 14:57:52,10762.1164,ethbtc
1520,2019-09-09 14:57:54,7460.1361,ethusdt
1523,2019-09-09 14:57:58,8.9679,wtceth
1535,2019-09-09 14:57:59,113.1319,zrxusdt
1527,2019-09-09 14:58:00,2504.0122,etcusdt
1533,2019-09-09 14:58:05,2283.4649,omgusdt
1535,2019-09-09 14:58:06,30161.5647,btcusdt
1529,2019-09-09 14:58:06,1687.4619,ltcbtc
1538,2019-09-09 14:58:12,11.8378,aeeth
1527,2019-09-09 14:58:22,1.7452,gntusdt
1534,2019-09-09 14:58:24,7619.8396,ethbtc
1540,2019-09-09 14:58:24,0.2261,mcoeth
1536,2019-09-09 14:58:29,123.4614,zrxusdt
1532,2019-09-09 14:58:31,2970.4448,ltcusdt
1521,2019-09-09 14:58:36,2581.1489,ethusdt
1528,2019-09-09 14:58:37,533.6635,etcusdt
1524,2019-09-09 14:58:37,49.9263,wtceth
1536,2019-09-09 14:58:38,50592.6314,btcusdt
1534,2019-09-09 14:58:40,3110.8477,omgusdt
1530,2019-09-09 14:58:43,2005.1149,ltcbtc
1539,2019-09-09 14:58:50,6.4298,aeeth
1528,2019-09-09 14:58:51,8.8083,gntusdt
1535,2019-09-09 14:58:56,1415.5438,ethbtc
1533,2019-09-09 14:58:59,1998.4058,ltcusdt
1541,2019-09-09 14:59:01,0.2192,mcoeth
1537,2019-09-09 14:59:03,42155.5785,btcusdt
1537,2019-09-09 14:59:03,30.1649,zrxusdt
1529,2019-09-09 14:59:05,1376.1665,etcusdt
1525,2019-09-09 14:59:08,33.2976,wtceth
1522,2019-09-09 14:59:08,7195.8698,ethusdt
1531,2019-09-09 14:59:11,3398.6878,ltcbtc
1535,2019-09-09 14:59:22,266.9891,omgusdt
1529,2019-09-09 14:59:23,13.577,gntusdt
1540,2019-09-09 14:59:25,11.1696,aeeth
1534,2019-09-09 14:59:25,94.5345,ltcusdt
1538,2019-09-09 14:59:29,25.0521,zrxusdt
1536,2019-09-09 14:59:33,11689.6773,ethbtc
1538,2019-09-09 14:59:35,44919.2444,btcusdt
1532,2019-09-09 14:59:39,1455.1054,ltcbtc
1526,2019-09-09 14:59:40,2.3378,wtceth
1530,2019-09-09 14:59:41,2098.6958,etcusdt
1523,2019-09-09 14:59:42,6602.7735,ethusdt
1542,2019-09-09 14:59:44,0.0743,mcoeth
1536,2019-09-09 14:59:53,2107.9228,omgusdt
1541,2019-09-09 14:59:58,10.2222,aeeth
1539,2019-09-09 15:00:26,8.6947,zrxusdt
1535,2019-09-09 15:00:27,2670.4951,ltcusdt
1537,2019-09-09 15:00:28,16115.3731,ethbtc
1527,2019-09-09 15:00:31,62.9811,wtceth
1543,2019-09-09 15:00:31,0.7631,mcoeth
1530,2019-09-09 15:00:36,5.9726,gntusdt
1533,2019-09-09 15:00:37,653.2241,ltcbtc
1542,2019-09-09 15:00:39,6.9093,aeeth
1524,2019-09-09 15:00:40,3494.6505,ethusdt
1539,2019-09-09 15:00:42,50730.8214,btcusdt
1537,2019-09-09 15:00:42,1508.6246,omgusdt
1531,2019-09-09 15:00:44,712.9596,etcusdt
1544,2019-09-09 15:00:57,0.7892,mcoeth
1536,2019-09-09 15:00:59,11.085,ltcusdt
1528,2019-09-09 15:01:00,8.2139,wtceth
1538,2019-09-09 15:01:01,2901.2767,ethbtc
1540,2019-09-09 15:01:04,39.7893,zrxusdt
1525,2019-09-09 15:01:07,12525.6257,ethusdt
1531,2019-09-09 15:01:19,20.9008,gntusdt
1543,2019-09-09 15:01:21,6.2119,aeeth
1534,2019-09-09 15:01:22,4369.9418,ltcbtc
1532,2019-09-09 15:01:22,381.8738,etcusdt
1540,2019-09-09 15:01:22,47562.5465,btcusdt
1538,2019-09-09 15:01:24,2524.9436,omgusdt
1526,2019-09-09 15:01:33,2739.7425,ethusdt
1545,2019-09-09 15:01:34,0.3567,mcoeth
1537,2019-09-09 15:01:35,5076.4325,ltcusdt
1529,2019-09-09 15:01:36,33.6576,wtceth
1539,2019-09-09 15:01:41,11061.0874,ethbtc
1541,2019-09-09 15:01:45,74.633,zrxusdt
1541,2019-09-09 15:01:48,48318.79,btcusdt
1539,2019-09-09 15:01:50,1486.8012,omgusdt
1533,2019-09-09 15:02:00,592.2673,etcusdt
1527,2019-09-09 15:02:00,5459.471,ethusdt
1538,2019-09-09 15:02:01,2713.9826,ltcusdt
1535,2019-09-09 15:02:03,995.8278,ltcbtc
1544,2019-09-09 15:02:03,4.1264,aeeth
1532,2019-09-09 15:02:03,0.6918,gntusdt
1546,2019-09-09 15:02:04,0.7829,mcoeth
1540,2019-09-09 15:02:12,4489.6334,ethbtc
1542,2019-09-09 15:02:13,94.2573,zrxusdt
1530,2019-09-09 15:02:21,11.6581,wtceth
1540,2019-09-09 15:02:22,1644.5959,omgusdt
1545,2019-09-09 15:02:28,11.6261,aeeth
1534,2019-09-09 15:02:30,2437.5304,etcusdt
1542,2019-09-09 15:02:32,51838.3875,btcusdt
1547,2019-09-09 15:02:34,0.5584,mcoeth
1539,2019-09-09 15:02:35,660.8556,ltcusdt
1536,2019-09-09 15:02:35,2140.2482,ltcbtc
1528,2019-09-09 15:02:42,8080.8465,ethusdt
1533,2019-09-09 15:02:43,7.1742,gntusdt
1541,2019-09-09 15:02:48,6585.8668,ethbtc
1543,2019-09-09 15:02:48,123.0591,zrxusdt
1531,2019-09-09 15:02:49,52.9557,wtceth
1541,2019-09-09 15:02:58,2534.3248,omgusdt
1546,2019-09-09 15:02:58,4.7657,aeeth
1537,2019-09-09 15:03:00,422.1296,ltcbtc
1540,2019-09-09 15:03:01,393.3851,ltcusdt
1543,2019-09-09 15:03:05,33979.8493,btcusdt
1548,2019-09-09 15:03:09,0.1588,mcoeth
1535,2019-09-09 15:03:14,2063.7614,etcusdt
1532,2019-09-09 15:03:15,42.4605,wtceth
1534,2019-09-09 15:03:17,8.3005,gntusdt
1529,2019-09-09 15:03:19,13374.959,ethusdt
1542,2019-09-09 15:03:20,8581.9595,ethbtc
1544,2019-09-09 15:03:23,150.6414,zrxusdt
1538,2019-09-09 15:03:26,942.8374,ltcbtc
1547,2019-09-09 15:03:27,7.4989,aeeth
1544,2019-09-09 15:03:34,8411.7006,btcusdt
1541,2019-09-09 15:03:37,545.8483,ltcusdt
1542,2019-09-09 15:03:39,1876.0893,omgusdt
1536,2019-09-09 15:03:41,1266.027,etcusdt
1535,2019-09-09 15:03:44,14.2875,gntusdt
1545,2019-09-09 15:03:51,100.1465,zrxusdt
1533,2019-09-09 15:03:52,46.5904,wtceth
1549,2019-09-09 15:03:52,0.3886,mcoeth
1548,2019-09-09 15:03:54,13.1317,aeeth
1543,2019-09-09 15:04:00,3750.8293,ethbtc
1530,2019-09-09 15:04:02,10988.6914,ethusdt
1539,2019-09-09 15:04:04,1837.9165,ltcbtc
1543,2019-09-09 15:04:09,59.0235,omgusdt
1536,2019-09-09 15:04:10,12.9289,gntusdt
1537,2019-09-09 15:04:12,2015.3988,etcusdt
1545,2019-09-09 15:04:13,46397.0746,btcusdt
1542,2019-09-09 15:04:15,6421.5864,ltcusdt
1546,2019-09-09 15:04:19,143.4649,zrxusdt
1550,2019-09-09 15:04:27,0.4807,mcoeth
1531,2019-09-09 15:04:31,3219.8231,ethusdt
1540,2019-09-09 15:04:33,2734.5273,ltcbtc
1544,2019-09-09 15:04:34,1080.4568,omgusdt
1534,2019-09-09 15:04:35,30.0177,wtceth
1544,2019-09-09 15:04:36,7004.7479,ethbtc
1549,2019-09-09 15:04:38,12.4138,aeeth
1538,2019-09-09 15:04:45,2162.0753,etcusdt
1537,2019-09-09 15:04:48,14.5191,gntusdt
1546,2019-09-09 15:04:49,45270.0598,btcusdt
1543,2019-09-09 15:04:52,2259.8792,ltcusdt
1541,2019-09-09 15:04:59,1070.689,ltcbtc
1535,2019-09-09 15:05:01,0.6077,wtceth
1551,2019-09-09 15:05:04,0.7038,mcoeth
1547,2019-09-09 15:05:04,121.4213,zrxusdt
1545,2019-09-09 15:05:05,3396.2995,omgusdt
1550,2019-09-09 15:05:09,9.6161,aeeth
1539,2019-09-09 15:05:10,1595.4436,etcusdt
1545,2019-09-09 15:05:14,7194.3065,ethbtc
1532,2019-09-09 15:05:15,6992.3161,ethusdt
1538,2019-09-09 15:05:15,11.2623,gntusdt
1544,2019-09-09 15:05:27,5313.8428,ltcusdt
1547,2019-09-09 15:05:29,33322.9927,btcusdt
1552,2019-09-09 15:05:32,0.7427,mcoeth
1542,2019-09-09 15:05:34,4586.1547,ltcbtc
1546,2019-09-09 15:05:34,191.3813,omgusdt
1536,2019-09-09 15:05:37,61.0186,wtceth
1540,2019-09-09 15:05:38,1479.1669,etcusdt
1546,2019-09-09 15:05:39,9796.5854,ethbtc
1548,2019-09-09 15:05:44,144.7586,zrxusdt
1551,2019-09-09 15:05:54,7.2983,aeeth
1548,2019-09-09 15:05:56,16035.4344,btcusdt
1539,2019-09-09 15:05:58,9.2086,gntusdt
1533,2019-09-09 15:06:00,10516.805,ethusdt
1545,2019-09-09 15:06:01,1946.9162,ltcusdt
1541,2019-09-09 15:06:07,72.1328,etcusdt
1537,2019-09-09 15:06:10,24.6249,wtceth
1547,2019-09-09 15:06:11,3434.9251,omgusdt
1553,2019-09-09 15:06:11,0.2636,mcoeth
1543,2019-09-09 15:06:17,1191.8408,ltcbtc
1549,2019-09-09 15:06:17,72.7099,zrxusdt
1547,2019-09-09 15:06:19,2195.6466,ethbtc
1534,2019-09-09 15:06:34,5230.5671,ethusdt
1549,2019-09-09 15:06:36,38425.8866,btcusdt
1548,2019-09-09 15:06:36,262.8301,omgusdt
1552,2019-09-09 15:06:39,6.3392,aeeth
1540,2019-09-09 15:06:43,20.3739,gntusdt
1538,2019-09-09 15:06:44,1.1707,wtceth
1546,2019-09-09 15:06:45,6214.3265,ltcusdt
1548,2019-09-09 15:06:47,13364.0409,ethbtc
1550,2019-09-09 15:06:49,100.2371,zrxusdt
1542,2019-09-09 15:06:49,247.1924,etcusdt
1554,2019-09-09 15:06:53,0.7694,mcoeth
1544,2019-09-09 15:06:57,3401.1044,ltcbtc
1550,2019-09-09 15:07:08,34284.2684,btcusdt
1549,2019-09-09 15:07:08,2547.2825,omgusdt
1535,2019-09-09 15:07:12,7544.6755,ethusdt
1551,2019-09-09 15:07:17,148.8563,zrxusdt
1539,2019-09-09 15:07:17,38.3907,wtceth
1547,2019-09-09 15:07:18,3695.3388,ltcusdt
1541,2019-09-09 15:07:18,20.9237,gntusdt
1553,2019-09-09 15:07:20,8.2096,aeeth
1549,2019-09-09 15:07:22,14960.6574,ethbtc
1545,2019-09-09 15:07:25,2507.4311,ltcbtc
1543,2019-09-09 15:07:29,3276.5934,etcusdt
1551,2019-09-09 15:07:36,35397.8501,btcusdt
1555,2019-09-09 15:07:36,0.382,mcoeth
1536,2019-09-09 15:07:38,2774.4543,ethusdt
1550,2019-09-09 15:07:38,870.4999,omgusdt
1542,2019-09-09 15:07:44,23.1313,gntusdt
1540,2019-09-09 15:07:44,6.1656,wtceth
1552,2019-09-09 15:07:51,7.6138,zrxusdt
1546,2019-09-09 15:07:52,1468.4271,ltcbtc
1544,2019-09-09 15:07:58,367.5811,etcusdt
1550,2019-09-09 15:07:58,10074.4185,ethbtc
1548,2019-09-09 15:08:02,3595.5857,ltcusdt
1554,2019-09-09 15:08:04,10.8247,aeeth
1556,2019-09-09 15:08:05,0.4626,mcoeth
1551,2019-09-09 15:08:07,3349.5765,omgusdt
1537,2019-09-09 15:08:10,188.0071,ethusdt
1541,2019-09-09 15:08:10,31.566,wtceth
1552,2019-09-09 15:08:14,40206.531,btcusdt
1553,2019-09-09 15:08:17,94.8515,zrxusdt
1545,2019-09-09 15:08:24,3285.2951,etcusdt
1543,2019-09-09 15:08:25,16.6787,gntusdt
1547,2019-09-09 15:08:33,4107.0448,ltcbtc
1551,2019-09-09 15:08:33,8682.1977,ethbtc
1555,2019-09-09 15:08:40,6.7133,aeeth
1557,2019-09-09 15:08:41,0.4058,mcoeth
1542,2019-09-09 15:08:41,24.8468,wtceth
1554,2019-09-09 15:08:43,22.9896,zrxusdt
1538,2019-09-09 15:08:43,10172.1814,ethusdt
1549,2019-09-09 15:08:44,4478.779,ltcusdt
1552,2019-09-09 15:08:47,2321.5771,omgusdt
1544,2019-09-09 15:08:52,3.8756,gntusdt
1553,2019-09-09 15:08:53,18784.3019,btcusdt
1552,2019-09-09 15:09:02,2187.6217,ethbtc
1546,2019-09-09 15:09:03,2807.9442,etcusdt
1548,2019-09-09 15:09:04,3710.7441,ltcbtc
1555,2019-09-09 15:09:08,135.9146,zrxusdt
1556,2019-09-09 15:09:13,11.2508,aeeth
1550,2019-09-09 15:09:13,4381.9254,ltcusdt
1543,2019-09-09 15:09:18,12.2341,wtceth
1545,2019-09-09 15:09:19,4.8713,gntusdt
1554,2019-09-09 15:09:20,35801.2279,btcusdt
1539,2019-09-09 15:09:21,5488.1476,ethusdt
1558,2019-09-09 15:09:22,0.1597,mcoeth
1553,2019-09-09 15:09:24,2483.7488,omgusdt
1553,2019-09-09 15:09:29,7445.8951,ethbtc
1551,2019-09-09 15:09:39,3442.5913,ltcusdt
1547,2019-09-09 15:09:39,153.3698,etcusdt
1557,2019-09-09 15:09:47,10.4464,aeeth
1544,2019-09-09 15:09:47,4.8347,wtceth
1540,2019-09-09 15:09:48,10147.0499,ethusdt
1549,2019-09-09 15:09:49,1219.3707,ltcbtc
1556,2019-09-09 15:09:49,79.0206,zrxusdt
1554,2019-09-09 15:09:56,1826.3783,ethbtc
1554,2019-09-09 15:09:57,529.4611,omgusdt
1546,2019-09-09 15:09:58,23.2467,gntusdt
1555,2019-09-09 15:10:02,37464.0159,btcusdt
1559,2019-09-09 15:10:05,0.4477,mcoeth
1541,2019-09-09 15:10:13,10740.5128,ethusdt
1552,2019-09-09 15:10:14,2262.85,ltcusdt
1550,2019-09-09 15:10:15,297.6833,ltcbtc
1557,2019-09-09 15:10:15,108.5144,zrxusdt
1548,2019-09-09 15:10:19,2308.7396,etcusdt
1558,2019-09-09 15:10:23,0.1926,aeeth
1545,2019-09-09 15:10:25,19.7902,wtceth
1560,2019-09-09 15:10:35,0.1897,mcoeth
1556,2019-09-09 15:10:38,45329.6331,btcusdt
1547,2019-09-09 15:10:40,5.347,gntusdt
1555,2019-09-09 15:10:41,16364.543,ethbtc
1555,2019-09-09 15:10:42,3240.0626,omgusdt
1551,2019-09-09 15:10:44,4014.5871,ltcbtc
1553,2019-09-09 15:10:51,5751.3974,ltcusdt
1542,2019-09-09 15:10:55,3662.7288,ethusdt
1558,2019-09-09 15:10:56,75.6442,zrxusdt
1549,2019-09-09 15:10:58,1042.5667,etcusdt
1546,2019-09-09 15:10:59,40.1915,wtceth
1557,2019-09-09 15:11:03,41793.6495,btcusdt
1559,2019-09-09 15:11:05,13.2341,aeeth
1556,2019-09-09 15:11:10,14646.7149,ethbtc
1548,2019-09-09 15:11:12,23.7124,gntusdt
1556,2019-09-09 15:11:13,3265.3734,omgusdt
1561,2019-09-09 15:11:13,0.4142,mcoeth
1552,2019-09-09 15:11:13,1410.4414,ltcbtc
1554,2019-09-09 15:11:20,2833.5961,ltcusdt
1559,2019-09-09 15:11:23,138.5215,zrxusdt
1550,2019-09-09 15:11:25,808.6812,etcusdt
1558,2019-09-09 15:11:32,5898.5748,btcusdt
1547,2019-09-09 15:11:37,15.7859,wtceth
1553,2019-09-09 15:11:40,3171.6364,ltcbtc
1543,2019-09-09 15:11:40,11883.2748,ethusdt
1562,2019-09-09 15:11:42,0.1575,mcoeth
1557,2019-09-09 15:11:43,15802.5753,ethbtc
1557,2019-09-09 15:11:49,341.4128,omgusdt
1560,2019-09-09 15:11:49,9.1063,aeeth
1560,2019-09-09 15:11:50,87.9115,zrxusdt
1549,2019-09-09 15:11:52,20.2068,gntusdt
1555,2019-09-09 15:11:55,4608.7545,ltcusdt
1544,2019-09-09 15:12:05,5867.5218,ethusdt
1559,2019-09-09 15:12:05,10193.7003,btcusdt
1548,2019-09-09 15:12:06,38.5177,wtceth
1551,2019-09-09 15:12:07,3112.6208,etcusdt
1563,2019-09-09 15:12:09,0.7407,mcoeth
1561,2019-09-09 15:12:18,10.0182,zrxusdt
1561,2019-09-09 15:12:18,13.1466,aeeth
1556,2019-09-09 15:12:20,5478.1857,ltcusdt
1554,2019-09-09 15:12:21,3015.725,ltcbtc
1558,2019-09-09 15:12:24,9070.3136,ethbtc
1558,2019-09-09 15:12:25,662.8599,omgusdt
1550,2019-09-09 15:12:37,13.0801,gntusdt
1549,2019-09-09 15:12:38,42.8492,wtceth
1552,2019-09-09 15:12:43,589.5249,etcusdt
1564,2019-09-09 15:12:44,0.446,mcoeth
1562,2019-09-09 15:12:44,5.1706,aeeth
1560,2019-09-09 15:12:48,9846.3232,btcusdt
1545,2019-09-09 15:12:49,3715.3589,ethusdt
1559,2019-09-09 15:12:53,1377.4153,omgusdt
1562,2019-09-09 15:13:01,129.8569,zrxusdt
1557,2019-09-09 15:13:03,1511.7128,ltcusdt
1550,2019-09-09 15:13:03,6.611,wtceth
1559,2019-09-09 15:13:04,3441.8085,ethbtc
1555,2019-09-09 15:13:05,1338.4185,ltcbtc
1553,2019-09-09 15:13:11,1011.6553,etcusdt
1551,2019-09-09 15:13:14,10.051,gntusdt
1546,2019-09-09 15:13:17,12403.002,ethusdt
1563,2019-09-09 15:13:19,4.7252,aeeth
1565,2019-09-09 15:13:21,0.772,mcoeth
1560,2019-09-09 15:13:23,1125.8093,omgusdt
1561,2019-09-09 15:13:32,34492.6143,btcusdt
1563,2019-09-09 15:13:33,140.0597,zrxusdt
1551,2019-09-09 15:13:36,35.4061,wtceth
1558,2019-09-09 15:13:36,5516.4103,ltcusdt
1552,2019-09-09 15:13:39,18.5213,gntusdt
1560,2019-09-09 15:13:46,14439.8665,ethbtc
1556,2019-09-09 15:13:50,2472.0284,ltcbtc
1561,2019-09-09 15:13:52,3024.7967,omgusdt
1554,2019-09-09 15:13:53,489.4675,etcusdt
1547,2019-09-09 15:14:00,11688.0139,ethusdt
1566,2019-09-09 15:14:02,0.3288,mcoeth
1552,2019-09-09 15:14:03,55.9775,wtceth
1564,2019-09-09 15:14:04,7.9344,aeeth
1564,2019-09-09 15:14:05,10.8393,zrxusdt
1562,2019-09-09 15:14:12,34351.2526,btcusdt
1561,2019-09-09 15:14:14,1079.3367,ethbtc
1553,2019-09-09 15:14:14,14.7717,gntusdt
1557,2019-09-09 15:14:17,4658.8336,ltcbtc
1562,2019-09-09 15:14:21,88.7557,omgusdt
1559,2019-09-09 15:14:21,4883.4559,ltcusdt
1555,2019-09-09 15:14:27,2138.8108,etcusdt
1565,2019-09-09 15:14:29,10.5781,aeeth
1548,2019-09-09 15:14:31,9225.8547,ethusdt
1567,2019-09-09 15:14:37,0.4623,mcoeth
1563,2019-09-09 15:14:43,45916.0559,btcusdt
1565,2019-09-09 15:14:46,40.7612,zrxusdt
1553,2019-09-09 15:14:46,10.4767,wtceth
1554,2019-09-09 15:14:49,7.6064,gntusdt
1562,2019-09-09 15:14:49,9591.9287,ethbtc
1563,2019-09-09 15:14:49,1619.8159,omgusdt
1558,2019-09-09 15:14:59,1424.664,ltcbtc
1568,2019-09-09 15:15:02,0.3371,mcoeth
1556,2019-09-09 15:15:02,1795.9031,etcusdt
1560,2019-09-09 15:15:04,5537.6325,ltcusdt
1549,2019-09-09 15:15:07,6718.3704,ethusdt
1566,2019-09-09 15:15:13,5.0091,aeeth
1563,2019-09-09 15:15:22,14144.6004,ethbtc
1564,2019-09-09 15:15:24,38436.3442,btcusdt
1555,2019-09-09 15:15:27,13.5003,gntusdt
1566,2019-09-09 15:15:28,127.6168,zrxusdt
1554,2019-09-09 15:15:29,57.3994,wtceth
1564,2019-09-09 15:15:30,2090.5253,omgusdt
1561,2019-09-09 15:15:31,4359.8577,ltcusdt
1557,2019-09-09 15:15:37,58.1239,etcusdt
1559,2019-09-09 15:15:39,2612.4277,ltcbtc
1550,2019-09-09 15:15:43,8180.9552,ethusdt
1569,2019-09-09 15:15:46,0.7293,mcoeth
1556,2019-09-09 15:15:53,6.4786,gntusdt
1567,2019-09-09 15:15:57,5.2105,aeeth
1564,2019-09-09 15:15:59,3937.2246,ethbtc
1567,2019-09-09 15:16:00,72.7508,zrxusdt
1565,2019-09-09 15:16:05,51834.3338,btcusdt
1555,2019-09-09 15:16:09,45.9871,wtceth
1565,2019-09-09 15:16:10,3532.2091,omgusdt
1558,2019-09-09 15:16:12,2213.3644,etcusdt
1562,2019-09-09 15:16:16,5034.189,ltcusdt
1560,2019-09-09 15:16:18,4735.4962,ltcbtc
1557,2019-09-09 15:16:19,11.0629,gntusdt
1570,2019-09-09 15:16:23,0.0011,mcoeth
1551,2019-09-09 15:16:24,2649.7585,ethusdt
1568,2019-09-09 15:16:31,142.8174,zrxusdt
1568,2019-09-09 15:16:39,9.3381,aeeth
1565,2019-09-09 15:16:41,6750.5348,ethbtc
1566,2019-09-09 15:16:43,9305.8631,btcusdt
1566,2019-09-09 15:16:48,1224.6236,omgusdt
1558,2019-09-09 15:16:49,15.1775,gntusdt
1552,2019-09-09 15:16:49,10192.0588,ethusdt
1563,2019-09-09 15:16:52,5748.5393,ltcusdt
1556,2019-09-09 15:16:53,41.2742,wtceth
1559,2019-09-09 15:16:53,3142.7562,etcusdt
1561,2019-09-09 15:17:01,421.8725,ltcbtc
1569,2019-09-09 15:17:01,145.8969,zrxusdt
1571,2019-09-09 15:17:04,0.6018,mcoeth
1566,2019-09-09 15:17:07,1141.0089,ethbtc
1559,2019-09-09 15:17:15,4.0849,gntusdt
1567,2019-09-09 15:17:17,26388.7795,btcusdt
1569,2019-09-09 15:17:17,7.1955,aeeth
1560,2019-09-09 15:17:19,2965.6645,etcusdt
1567,2019-09-09 15:17:24,2823.5426,omgusdt
1553,2019-09-09 15:17:30,5472.9417,ethusdt
1564,2019-09-09 15:17:31,974.2933,ltcusdt
1557,2019-09-09 15:17:33,34.5625,wtceth
1572,2019-09-09 15:17:33,0.4969,mcoeth
1570,2019-09-09 15:17:34,110.586,zrxusdt
1562,2019-09-09 15:17:40,3259.1267,ltcbtc
1567,2019-09-09 15:17:44,10102.0886,ethbtc
1570,2019-09-09 15:17:45,10.3984,aeeth
1554,2019-09-09 15:17:55,12793.8003,ethusdt
1568,2019-09-09 15:17:55,23032.8797,btcusdt
1560,2019-09-09 15:17:59,16.6695,gntusdt
1561,2019-09-09 15:17:59,2534.5101,etcusdt
1571,2019-09-09 15:18:05,93.6209,zrxusdt
1573,2019-09-09 15:18:06,0.7691,mcoeth
1558,2019-09-09 15:18:07,19.1306,wtceth
1568,2019-09-09 15:18:09,3576.4476,omgusdt
1565,2019-09-09 15:18:11,3933.8263,ltcusdt
1571,2019-09-09 15:18:15,13.3302,aeeth
1563,2019-09-09 15:18:25,3554.3138,ltcbtc
1568,2019-09-09 15:18:29,14469.8387,ethbtc
1555,2019-09-09 15:18:32,124.6776,ethusdt
1569,2019-09-09 15:18:32,43654.6274,btcusdt
1562,2019-09-09 15:18:38,46.3013,etcusdt
1561,2019-09-09 15:18:40,12.0429,gntusdt
1572,2019-09-09 15:18:40,7.437,aeeth
1572,2019-09-09 15:18:46,77.1061,zrxusdt
1574,2019-09-09 15:18:47,0.588,mcoeth
1559,2019-09-09 15:18:50,50.1076,wtceth
1569,2019-09-09 15:18:54,2576.2496,omgusdt
1566,2019-09-09 15:18:56,5831.7285,ltcusdt
1564,2019-09-09 15:19:04,3259.3327,ltcbtc
1556,2019-09-09 15:19:07,8322.6198,ethusdt
1569,2019-09-09 15:19:09,4829.3604,ethbtc
1570,2019-09-09 15:19:09,4469.3718,btcusdt
1573,2019-09-09 15:19:20,51.6881,zrxusdt
1563,2019-09-09 15:19:20,2486.647,etcusdt
1562,2019-09-09 15:19:21,22.3115,gntusdt
1575,2019-09-09 15:19:23,0.5407,mcoeth
1573,2019-09-09 15:19:25,1.1418,aeeth
1570,2019-09-09 15:19:28,2665.6259,omgusdt
1567,2019-09-09 15:19:29,3669.8631,ltcusdt
1560,2019-09-09 15:19:30,35.8765,wtceth
1565,2019-09-09 15:19:35,1705.2132,ltcbtc
1570,2019-09-09 15:19:36,13328.4708,ethbtc
1557,2019-09-09 15:19:44,10581.5605,ethusdt
1571,2019-09-09 15:19:49,1970.5227,btcusdt
1574,2019-09-09 15:19:55,9.7243,aeeth
1564,2019-09-09 15:19:56,2136.5936,etcusdt
1576,2019-09-09 15:19:58,0.3839,mcoeth
1571,2019-09-09 15:19:59,3326.4354,omgusdt
1561,2019-09-09 15:20:02,11.6521,wtceth
1571,2019-09-09 15:20:04,13117.0001,ethbtc
1574,2019-09-09 15:20:04,51.9647,zrxusdt
1568,2019-09-09 15:20:05,2348.1328,ltcusdt
1563,2019-09-09 15:20:06,17.3558,gntusdt
1566,2019-09-09 15:20:07,853.5968,ltcbtc
1572,2019-09-09 15:20:20,22636.5318,btcusdt
1558,2019-09-09 15:20:28,10650.6556,ethusdt
1575,2019-09-09 15:20:30,1.9967,aeeth
1577,2019-09-09 15:20:32,0.3715,mcoeth
1564,2019-09-09 15:20:32,6.5152,gntusdt
1567,2019-09-09 15:20:33,751.5582,ltcbtc
1572,2019-09-09 15:20:33,3339.3065,ethbtc
1565,2019-09-09 15:20:33,1813.3442,etcusdt
1572,2019-09-09 15:20:36,2344.4733,omgusdt
1569,2019-09-09 15:20:37,5341.7246,ltcusdt
1575,2019-09-09 15:20:38,93.4084,zrxusdt
1562,2019-09-09 15:20:42,31.9002,wtceth
1573,2019-09-09 15:20:54,5833.8329,btcusdt
1578,2019-09-09 15:20:58,0.5986,mcoeth
1559,2019-09-09 15:21:01,10036.8257,ethusdt
1568,2019-09-09 15:21:03,931.1099,ltcbtc
1576,2019-09-09 15:21:07,41.2289,zrxusdt
1576,2019-09-09 15:21:10,6.4917,aeeth
1566,2019-09-09 15:21:12,2953.7416,etcusdt
1563,2019-09-09 15:21:12,21.1485,wtceth
1570,2019-09-09 15:21:12,1545.7463,ltcusdt
1573,2019-09-09 15:21:14,2401.567,omgusdt
1565,2019-09-09 15:21:15,5.6693,gntusdt
1573,2019-09-09 15:21:18,15216.0758,ethbtc
1560,2019-09-09 15:21:30,10569.3878,ethusdt
1574,2019-09-09 15:21:30,43956.0418,btcusdt
1569,2019-09-09 15:21:36,4438.3424,ltcbtc
1579,2019-09-09 15:21:42,0.1168,mcoeth
1564,2019-09-09 15:21:43,16.4018,wtceth
1566,2019-09-09 15:21:43,20.1567,gntusdt
1577,2019-09-09 15:21:46,94.8162,zrxusdt
1577,2019-09-09 15:21:47,11.3637,aeeth
1574,2019-09-09 15:21:49,2322.9791,omgusdt
1567,2019-09-09 15:21:49,2356.7927,etcusdt
1571,2019-09-09 15:21:51,2292.2791,ltcusdt
1561,2019-09-09 15:22:01,112.4985,ethusdt
1574,2019-09-09 15:22:02,7379.1596,ethbtc
1575,2019-09-09 15:22:10,14915.3504,btcusdt
1578,2019-09-09 15:22:12,34.4471,zrxusdt
1570,2019-09-09 15:22:14,973.2661,ltcbtc
1580,2019-09-09 15:22:15,0.4183,mcoeth
1568,2019-09-09 15:22:17,2690.0703,etcusdt
1567,2019-09-09 15:22:17,24.3092,gntusdt
1578,2019-09-09 15:22:19,4.6197,aeeth
1565,2019-09-09 15:22:22,51.5404,wtceth
1575,2019-09-09 15:22:26,683.4898,omgusdt
1572,2019-09-09 15:22:28,3894.9266,ltcusdt
1562,2019-09-09 15:22:28,5275.0803,ethusdt
1575,2019-09-09 15:22:40,4624.6148,ethbtc
1581,2019-09-09 15:22:43,0.2566,mcoeth
1571,2019-09-09 15:22:44,2269.1015,ltcbtc
1568,2019-09-09 15:22:47,23.8306,gntusdt
1569,2019-09-09 15:22:52,2714.0678,etcusdt
1579,2019-09-09 15:22:52,45.3113,zrxusdt
1576,2019-09-09 15:22:52,38312.7423,btcusdt
1579,2019-09-09 15:22:53,7.6585,aeeth
1566,2019-09-09 15:23:01,21.0687,wtceth
1573,2019-09-09 15:23:05,6356.9235,ltcusdt
1576,2019-09-09 15:23:07,3554.3656,omgusdt
1563,2019-09-09 15:23:08,12712.1849,ethusdt
1572,2019-09-09 15:23:10,333.6644,ltcbtc
1582,2019-09-09 15:23:11,0.1647,mcoeth
1576,2019-09-09 15:23:18,2671.9923,ethbtc
1569,2019-09-09 15:23:21,5.2336,gntusdt
1580,2019-09-09 15:23:22,98.32,zrxusdt
1580,2019-09-09 15:23:22,6.9124,aeeth
1570,2019-09-09 15:23:29,1966.167,etcusdt
1577,2019-09-09 15:23:34,42437.0359,btcusdt
1564,2019-09-09 15:23:34,2841.9683,ethusdt
1574,2019-09-09 15:23:34,3404.6737,ltcusdt
1567,2019-09-09 15:23:37,40.3986,wtceth
1573,2019-09-09 15:23:37,1172.4204,ltcbtc
1577,2019-09-09 15:23:39,3500.4833,omgusdt
1577,2019-09-09 15:23:50,10089.1785,ethbtc
1581,2019-09-09 15:23:51,0.1719,aeeth
1583,2019-09-09 15:23:56,0.4417,mcoeth
1581,2019-09-09 15:23:57,142.7329,zrxusdt
1570,2019-09-09 15:24:01,18.7111,gntusdt
1568,2019-09-09 15:24:07,17.2896,wtceth
1571,2019-09-09 15:24:10,221.4367,etcusdt
1575,2019-09-09 15:24:12,3059.5251,ltcusdt
1574,2019-09-09 15:24:13,2567.138,ltcbtc
1565,2019-09-09 15:24:13,4489.2303,ethusdt
1578,2019-09-09 15:24:16,47277.6022,btcusdt
1582,2019-09-09 15:24:22,13.1392,aeeth
1578,2019-09-09 15:24:22,2642.7972,omgusdt
1582,2019-09-09 15:24:28,43.9756,zrxusdt
1578,2019-09-09 15:24:31,12957.9407,ethbtc
1571,2019-09-09 15:24:36,12.6153,gntusdt
1569,2019-09-09 15:24:37,43.8499,wtceth
1584,2019-09-09 15:24:41,0.2842,mcoeth
1566,2019-09-09 15:24:41,6184.5834,ethusdt
1572,2019-09-09 15:24:48,2534.7865,etcusdt
1583,2019-09-09 15:24:54,12.4623,aeeth
1575,2019-09-09 15:24:54,154.2369,ltcbtc
1576,2019-09-09 15:24:54,5191.4666,ltcusdt
1579,2019-09-09 15:24:55,55.4671,btcusdt
1579,2019-09-09 15:25:00,445.1973,omgusdt
1579,2019-09-09 15:25:02,11132.2452,ethbtc
1583,2019-09-09 15:25:11,8.7543,zrxusdt
1570,2019-09-09 15:25:11,47.2369,wtceth
1573,2019-09-09 15:25:19,2832.2247,etcusdt
1576,2019-09-09 15:25:20,1162.2362,ltcbtc
1567,2019-09-09 15:25:20,10919.6481,ethusdt
1572,2019-09-09 15:25:21,11.8951,gntusdt
1585,2019-09-09 15:25:23,0.5241,mcoeth
1577,2019-09-09 15:25:26,1256.1859,ltcusdt
1584,2019-09-09 15:25:28,1.5329,aeeth
1580,2019-09-09 15:25:29,3062.5531,omgusdt
1580,2019-09-09 15:25:34,28160.2555,btcusdt
1580,2019-09-09 15:25:36,5217.6738,ethbtc
1568,2019-09-09 15:25:47,8404.8961,ethusdt
1584,2019-09-09 15:25:53,111.4478,zrxusdt
1578,2019-09-09 15:25:54,2115.8392,ltcusdt
1573,2019-09-09 15:25:54,11.634,gntusdt
1586,2019-09-09 15:25:55,0.2997,mcoeth
1571,2019-09-09 15:25:56,5.167,wtceth
1574,2019-09-09 15:25:57,1584.5145,etcusdt
1577,2019-09-09 15:25:58,3969.1266,ltcbtc
1581,2019-09-09 15:25:59,2786.4917,omgusdt
1581,2019-09-09 15:26:10,22629.7524,btcusdt
1585,2019-09-09 15:26:10,0.7802,aeeth
1569,2019-09-09 15:26:12,3918.0995,ethusdt
1581,2019-09-09 15:26:17,2845.6019,ethbtc
1579,2019-09-09 15:26:20,5839.6287,ltcusdt
1574,2019-09-09 15:26:25,1.2975,gntusdt
1572,2019-09-09 15:26:27,20.6344,wtceth
1587,2019-09-09 15:26:28,0.1811,mcoeth
1582,2019-09-09 15:26:31,1271.9767,omgusdt
1578,2019-09-09 15:26:32,4596.4605,ltcbtc
1585,2019-09-09 15:26:32,38.8935,zrxusdt
1586,2019-09-09 15:26:38,9.9064,aeeth
1575,2019-09-09 15:26:40,2316.6877,etcusdt
1580,2019-09-09 15:26:45,5843.0135,ltcusdt
1582,2019-09-09 15:26:55,13470.9353,ethbtc
1582,2019-09-09 15:26:55,40590.5909,btcusdt
1570,2019-09-09 15:26:56,3375.1618,ethusdt
1586,2019-09-09 15:26:57,140.466,zrxusdt
1573,2019-09-09 15:26:58,13.6527,wtceth
1575,2019-09-09 15:27:06,10.9178,gntusdt
1579,2019-09-09 15:27:06,1407.7804,ltcbtc
1587,2019-09-09 15:27:08,10.3147,aeeth
1588,2019-09-09 15:27:08,0.4855,mcoeth
1576,2019-09-09 15:27:12,297.2427,etcusdt
1583,2019-09-09 15:27:16,1948.0885,omgusdt
1581,2019-09-09 15:27:23,4652.26,ltcusdt
1587,2019-09-09 15:27:27,5.0,zrxusdt
1574,2019-09-09 15:27:30,40.7935,wtceth
1571,2019-09-09 15:27:30,11413.616,ethusdt
1583,2019-09-09 15:27:32,41245.7354,btcusdt
1583,2019-09-09 15:27:39,1001.9227,ethbtc
1576,2019-09-09 15:27:41,16.541,gntusdt
1588,2019-09-09 15:27:44,3.4495,aeeth
1584,2019-09-09 15:27:45,1286.2474,omgusdt
1580,2019-09-09 15:27:47,3894.8931,ltcbtc
1582,2019-09-09 15:27:51,2355.5379,ltcusdt
1589,2019-09-09 15:27:52,0.6789,mcoeth
1577,2019-09-09 15:27:56,586.0451,etcusdt
1575,2019-09-09 15:27:56,12.1303,wtceth
1588,2019-09-09 15:28:03,47.3318,zrxusdt
1584,2019-09-09 15:28:11,13588.4137,ethbtc
1585,2019-09-09 15:28:12,353.0996,omgusdt
1577,2019-09-09 15:28:14,4.6928,gntusdt
1572,2019-09-09 15:28:14,2873.6147,ethusdt
1584,2019-09-09 15:28:17,48304.837,btcusdt
1576,2019-09-09 15:28:22,48.1848,wtceth
1581,2019-09-09 15:28:23,4445.4527,ltcbtc
1589,2019-09-09 15:28:26,0.2659,aeeth
1583,2019-09-09 15:28:27,485.1964,ltcusdt
1578,2019-09-09 15:28:32,1082.7398,etcusdt
1590,2019-09-09 15:28:33,0.3706,mcoeth
1589,2019-09-09 15:28:41,38.3145,zrxusdt
1586,2019-09-09 15:28:41,3000.5092,omgusdt
1585,2019-09-09 15:28:49,11493.8681,ethbtc
1577,2019-09-09 15:28:53,56.8744,wtceth
1578,2019-09-09 15:28:54,12.7464,gntusdt
1584,2019-09-09 15:28:54,3292.995,ltcusdt
1573,2019-09-09 15:28:58,952.9733,ethusdt
1579,2019-09-09 15:28:59,2757.3295,etcusdt
1585,2019-09-09 15:29:01,17756.4841,btcusdt
1590,2019-09-09 15:29:03,12.6204,aeeth
1582,2019-09-09 15:29:07,4525.7087,ltcbtc
1591,2019-09-09 15:29:09,0.7781,mcoeth
1578,2019-09-09 15:29:18,18.2203,wtceth
1586,2019-09-09 15:29:21,11153.9939,ethbtc
1590,2019-09-09 15:29:22,86.2828,zrxusdt
1587,2019-09-09 15:29:22,2962.8857,omgusdt
1579,2019-09-09 15:29:27,24.8436,gntusdt
1585,2019-09-09 15:29:27,3216.913,ltcusdt
1591,2019-09-09 15:29:31,11.5695,aeeth
1583,2019-09-09 15:29:33,1623.1948,ltcbtc
1574,2019-09-09 15:29:33,10670.9666,ethusdt
1586,2019-09-09 15:29:36,45624.5202,btcusdt
1580,2019-09-09 15:29:42,28.5593,etcusdt
1592,2019-09-09 15:29:52,0.0068,mcoeth
1587,2019-09-09 15:29:52,7591.805,ethbtc
1579,2019-09-09 15:29:55,37.7273,wtceth
1580,2019-09-09 15:29:55,16.9541,gntusdt
1591,2019-09-09 15:30:01,97.2419,zrxusdt
1575,2019-09-09 15:30:04,4979.5818,ethusdt
1588,2019-09-09 15:30:05,2766.2522,omgusdt
1586,2019-09-09 15:30:07,3456.1501,ltcusdt
1587,2019-09-09 15:30:12,35085.0701,btcusdt
1592,2019-09-09 15:30:15,1.5696,aeeth
1584,2019-09-09 15:30:17,898.9809,ltcbtc
1588,2019-09-09 15:30:18,7012.4505,ethbtc
1580,2019-09-09 15:30:25,33.6121,wtceth
1593,2019-09-09 15:30:25,0.6754,mcoeth
1581,2019-09-09 15:30:26,2858.2211,etcusdt
1581,2019-09-09 15:30:32,5.7553,gntusdt
1576,2019-09-09 15:30:37,11580.391,ethusdt
1592,2019-09-09 15:30:37,34.7478,zrxusdt
1589,2019-09-09 15:30:42,1268.4192,omgusdt
1585,2019-09-09 15:30:42,2765.209,ltcbtc
1588,2019-09-09 15:30:45,17144.0272,btcusdt
1593,2019-09-09 15:30:47,2.5783,aeeth
1587,2019-09-09 15:30:49,1838.4841,ltcusdt
1594,2019-09-09 15:30:52,0.0412,mcoeth
1581,2019-09-09 15:30:53,5.6402,wtceth
1589,2019-09-09 15:31:00,9267.0908,ethbtc
1586,2019-09-09 15:31:07,764.4994,ltcbtc
1582,2019-09-09 15:31:10,146.6986,etcusdt
1589,2019-09-09 15:31:10,4013.6142,btcusdt
1582,2019-09-09 15:31:11,4.0768,gntusdt
1593,2019-09-09 15:31:13,23.7477,zrxusdt
1590,2019-09-09 15:31:14,1763.9933,omgusdt
1577,2019-09-09 15:31:18,11042.0064,ethusdt
1595,2019-09-09 15:31:19,0.2773,mcoeth
1590,2019-09-09 15:31:25,3964.6411,ethbtc
1594,2019-09-09 15:31:29,4.9507,aeeth
1588,2019-09-09 15:31:34,613.9645,ltcusdt
1582,2019-09-09 15:31:34,48.3503,wtceth
1583,2019-09-09 15:31:37,17.073,gntusdt
1583,2019-09-09 15:31:38,1669.9976,etcusdt
1587,2019-09-09 15:31:40,696.0173,ltcbtc
1594,2019-09-09 15:31:41,73.782,zrxusdt
1578,2019-09-09 15:31:46,11623.7163,ethusdt
1590,2019-09-09 15:31:51,36271.1863,btcusdt
1591,2019-09-09 15:31:52,3550.2832,omgusdt
1595,2019-09-09 15:31:56,10.7593,aeeth
1596,2019-09-09 15:31:59,0.0265,mcoeth
1589,2019-09-09 15:32:02,5378.118,ltcusdt
1583,2019-09-09 15:32:02,32.6227,wtceth
1591,2019-09-09 15:32:05,9323.8972,ethbtc
1584,2019-09-09 15:32:06,2485.1055,etcusdt
1588,2019-09-09 15:32:07,4517.1075,ltcbtc
1595,2019-09-09 15:32:09,109.8872,zrxusdt
1584,2019-09-09 15:32:10,23.4347,gntusdt
1592,2019-09-09 15:32:24,1562.9712,omgusdt
1579,2019-09-09 15:32:31,13582.6161,ethusdt
1585,2019-09-09 15:32:32,2621.7507,etcusdt
1584,2019-09-09 15:32:36,18.1312,wtceth
1591,2019-09-09 15:32:36,3250.5872,btcusdt
1590,2019-09-09 15:32:36,4795.95,ltcusdt
1585,2019-09-09 15:32:37,8.1925,gntusdt
1597,2019-09-09 15:32:39,0.4347,mcoeth
1596,2019-09-09 15:32:39,1.5027,aeeth
1596,2019-09-09 15:32:40,97.6207,zrxusdt
1592,2019-09-09 15:32:41,14835.8486,ethbtc
1589,2019-09-09 15:32:52,1671.9804,ltcbtc
1586,2019-09-09 15:32:58,1654.0791,etcusdt
1585,2019-09-09 15:33:08,41.7737,wtceth
1593,2019-09-09 15:33:08,468.7461,omgusdt
1580,2019-09-09 15:33:12,2367.2772,ethusdt
1597,2019-09-09 15:33:15,4.3397,aeeth
1597,2019-09-09 15:33:20,119.1274,zrxusdt
1591,2019-09-09 15:33:21,3722.3294,ltcusdt
1592,2019-09-09 15:33:21,14664.2749,btcusdt
1586,2019-09-09 15:33:21,6.1816,gntusdt
1593,2019-09-09 15:33:23,8689.6495,ethbtc
1598,2019-09-09 15:33:24,0.2098,mcoeth
1590,2019-09-09 15:33:32,1290.7308,ltcbtc
1594,2019-09-09 15:33:35,28.0261,omgusdt
1587,2019-09-09 15:33:35,25.5942,etcusdt
1586,2019-09-09 15:33:40,2.0332,wtceth
1598,2019-09-09 15:33:47,11.2039,aeeth
1587,2019-09-09 15:33:47,15.1308,gntusdt
1598,2019-09-09 15:33:53,152.294,zrxusdt
1581,2019-09-09 15:33:55,9457.6234,ethusdt
1592,2019-09-09 15:33:55,2935.5269,ltcusdt
1599,2019-09-09 15:33:58,0.5006,mcoeth
1594,2019-09-09 15:34:01,771.6072,ethbtc
1588,2019-09-09 15:34:01,1157.25,etcusdt
1593,2019-09-09 15:34:03,49441.4828,btcusdt
1595,2019-09-09 15:34:04,201.6367,omgusdt
1591,2019-09-09 15:34:17,777.3562,ltcbtc
1599,2019-09-09 15:34:25,10.5776,aeeth
1587,2019-09-09 15:34:25,41.0668,wtceth
1599,2019-09-09 15:34:26,131.5728,zrxusdt
1582,2019-09-09 15:34:27,424.3227,ethusdt
1588,2019-09-09 15:34:27,22.4313,gntusdt
1594,2019-09-09 15:34:34,22665.3068,btcusdt
1589,2019-09-09 15:34:35,540.1369,etcusdt
1593,2019-09-09 15:34:35,3649.5,ltcusdt
1600,2019-09-09 15:34:43,0.66,mcoeth
1595,2019-09-09 15:34:43,12152.3268,ethbtc
1596,2019-09-09 15:34:49,1063.8267,omgusdt
1588,2019-09-09 15:34:50,21.9433,wtceth
1592,2019-09-09 15:34:51,3056.1317,ltcbtc
1600,2019-09-09 15:35:00,38.1784,zrxusdt
1595,2019-09-09 15:35:05,22333.1616,btcusdt
1590,2019-09-09 15:35:05,2980.8129,etcusdt
1583,2019-09-09 15:35:06,7085.6159,ethusdt
1589,2019-09-09 15:35:07,0.3392,gntusdt
1600,2019-09-09 15:35:10,6.8417,aeeth
1596,2019-09-09 15:35:13,5211.1489,ethbtc
1594,2019-09-09 15:35:15,818.982,ltcusdt
1597,2019-09-09 15:35:22,530.4511,omgusdt
1601,2019-09-09 15:35:25,0.7472,mcoeth
1593,2019-09-09 15:35:25,1516.8697,ltcbtc
1589,2019-09-09 15:35:32,37.4477,wtceth
1591,2019-09-09 15:35:33,1975.8781,etcusdt
1601,2019-09-09 15:35:37,7.945,aeeth
1596,2019-09-09 15:35:38,10874.4302,btcusdt
1601,2019-09-09 15:35:43,114.6606,zrxusdt
1584,2019-09-09 15:35:45,10600.1987,ethusdt
1590,2019-09-09 15:35:46,21.341,gntusdt
1597,2019-09-09 15:35:49,1165.8518,ethbtc
1594,2019-09-09 15:35:52,2866.3231,ltcbtc
1595,2019-09-09 15:35:55,4070.964,ltcusdt
1602,2019-09-09 15:35:59,0.5465,mcoeth
1592,2019-09-09 15:36:03,1987.7537,etcusdt
1590,2019-09-09 15:36:04,31.9256,wtceth
1598,2019-09-09 15:36:07,3670.4737,omgusdt
1597,2019-09-09 15:36:14,11530.784,btcusdt
1602,2019-09-09 15:36:18,47.1025,zrxusdt
1602,2019-09-09 15:36:22,1.276,aeeth
1585,2019-09-09 15:36:23,9291.5008,ethusdt
1596,2019-09-09 15:36:28,2923.2483,ltcusdt
1595,2019-09-09 15:36:28,4124.8789,ltcbtc
1593,2019-09-09 15:36:28,874.576,etcusdt
1598,2019-09-09 15:36:29,10611.6818,ethbtc
1591,2019-09-09 15:36:31,12.4192,gntusdt
1591,2019-09-09 15:36:43,58.4261,wtceth
1603,2019-09-09 15:36:44,0.6706,mcoeth
1603,2019-09-09 15:36:45,14.6492,zrxusdt
1599,2019-09-09 15:36:50,3627.7015,omgusdt
1598,2019-09-09 15:36:53,6590.9842,btcusdt
1603,2019-09-09 15:36:54,10.1571,aeeth
1586,2019-09-09 15:37:02,1415.5374,ethusdt
1594,2019-09-09 15:37:03,1253.2711,etcusdt
1597,2019-09-09 15:37:05,4827.4794,ltcusdt
1596,2019-09-09 15:37:05,4096.7245,ltcbtc
1599,2019-09-09 15:37:10,6095.6052,ethbtc
1592,2019-09-09 15:37:11,16.1159,gntusdt
1604,2019-09-09 15:37:16,0.4036,mcoeth
1600,2019-09-09 15:37:18,17.0064,omgusdt
1599,2019-09-09 15:37:20,21463.4914,btcusdt
1592,2019-09-09 15:37:27,57.1931,wtceth
1595,2019-09-09 15:37:28,48.0568,etcusdt
1604,2019-09-09 15:37:29,142.8657,zrxusdt
1598,2019-09-09 15:37:30,3293.217,ltcusdt
1587,2019-09-09 15:37:35,8599.6313,ethusdt
1604,2019-09-09 15:37:36,8.5357,aeeth
1597,2019-09-09 15:37:37,4411.3679,ltcbtc
1600,2019-09-09 15:37:42,6713.7762,ethbtc
1593,2019-09-09 15:37:54,1.8809,gntusdt
1596,2019-09-09 15:37:55,78.7186,etcusdt
1601,2019-09-09 15:37:57,2654.9258,omgusdt
1605,2019-09-09 15:37:57,139.8731,zrxusdt
1600,2019-09-09 15:37:59,29073.8853,btcusdt
1605,2019-09-09 15:38:00,0.2495,mcoeth
1598,2019-09-09 15:38:06,2050.1622,ltcbtc
1605,2019-09-09 15:38:09,4.1807,aeeth
1588,2019-09-09 15:38:09,12239.6053,ethusdt
1593,2019-09-09 15:38:11,5.907,wtceth
1599,2019-09-09 15:38:12,2735.0149,ltcusdt
1601,2019-09-09 15:38:21,11729.2921,ethbtc
1594,2019-09-09 15:38:22,1.3964,gntusdt
1597,2019-09-09 15:38:28,2695.9387,etcusdt
1606,2019-09-09 15:38:30,0.7111,mcoeth
1606,2019-09-09 15:38:36,40.1708,zrxusdt
1594,2019-09-09 15:38:37,39.7663,wtceth
1599,2019-09-09 15:38:39,742.1351,ltcbtc
1606,2019-09-09 15:38:39,8.0683,aeeth
1601,2019-09-09 15:38:41,17030.2122,btcusdt
1602,2019-09-09 15:38:42,355.9471,omgusdt
1589,2019-09-09 15:38:43,1472.4881,ethusdt
1600,2019-09-09 15:38:47,172.5975,ltcusdt
1598,2019-09-09 15:38:54,2576.8108,etcusdt
1595,2019-09-09 15:38:57,19.6067,gntusdt
1607,2019-09-09 15:39:01,30.1627,zrxusdt
1595,2019-09-09 15:39:03,23.6754,wtceth
1602,2019-09-09 15:39:05,4447.3035,ethbtc
1607,2019-09-09 15:39:08,9.4803,aeeth
1600,2019-09-09 15:39:09,4192.5154,ltcbtc
1607,2019-09-09 15:39:11,0.1605,mcoeth
1601,2019-09-09 15:39:15,3811.9238,ltcusdt
1602,2019-09-09 15:39:22,33447.9597,btcusdt
1599,2019-09-09 15:39:22,1505.5505,etcusdt
1603,2019-09-09 15:39:26,2898.8207,omgusdt
1590,2019-09-09 15:39:27,9520.9537,ethusdt
1596,2019-09-09 15:39:39,17.8795,gntusdt
1596,2019-09-09 15:39:41,3.1269,wtceth
1603,2019-09-09 15:39:44,11303.4057,ethbtc
1608,2019-09-09 15:39:45,49.827,zrxusdt
1601,2019-09-09 15:39:47,1483.7958,ltcbtc
1608,2019-09-09 15:39:47,11.8301,aeeth
1602,2019-09-09 15:39:49,6153.8605,ltcusdt
1608,2019-09-09 15:39:54,0.3654,mcoeth
1591,2019-09-09 15:39:57,11590.9756,ethusdt
1603,2019-09-09 15:40:01,28810.0705,btcusdt
1604,2019-09-09 15:40:02,1044.7324,omgusdt
1600,2019-09-09 15:40:02,439.8624,etcusdt
1597,2019-09-09 15:40:05,4.2427,gntusdt
1604,2019-09-09 15:40:13,9657.341,ethbtc
1609,2019-09-09 15:40:19,12.9971,aeeth
1603,2019-09-09 15:40:24,1610.5664,ltcusdt
1597,2019-09-09 15:40:25,1.5091,wtceth
1602,2019-09-09 15:40:26,4680.0005,ltcbtc
1609,2019-09-09 15:40:30,16.9028,zrxusdt
1605,2019-09-09 15:40:30,2529.3749,omgusdt
1601,2019-09-09 15:40:32,1113.2008,etcusdt
1609,2019-09-09 15:40:35,0.2908,mcoeth
1598,2019-09-09 15:40:37,12.3887,gntusdt
1592,2019-09-09 15:40:39,9503.9008,ethusdt
1604,2019-09-09 15:40:40,31998.8958,btcusdt
1605,2019-09-09 15:40:49,173.5454,ethbtc
1598,2019-09-09 15:40:51,12.6463,wtceth
1610,2019-09-09 15:40:54,7.6161,aeeth
1610,2019-09-09 15:40:58,103.1405,zrxusdt
1610,2019-09-09 15:41:02,0.588,mcoeth
1604,2019-09-09 15:41:04,5362.249,ltcusdt
1603,2019-09-09 15:41:04,3392.4419,ltcbtc
1606,2019-09-09 15:41:06,3405.4791,omgusdt
1602,2019-09-09 15:41:16,1917.7038,etcusdt
1599,2019-09-09 15:41:16,22.9207,wtceth
1605,2019-09-09 15:41:18,30611.8651,btcusdt
1593,2019-09-09 15:41:20,3054.6371,ethusdt
1611,2019-09-09 15:41:20,4.6811,aeeth
1599,2019-09-09 15:41:22,23.091,gntusdt
1611,2019-09-09 15:41:30,29.779,zrxusdt
1606,2019-09-09 15:41:34,888.7201,ethbtc
1607,2019-09-09 15:41:36,3395.0025,omgusdt
1605,2019-09-09 15:41:40,1262.3737,ltcusdt
1611,2019-09-09 15:41:42,0.1709,mcoeth
1600,2019-09-09 15:41:45,39.964,wtceth
1604,2019-09-09 15:41:46,3593.5334,ltcbtc
1612,2019-09-09 15:41:51,10.1741,aeeth
1600,2019-09-09 15:41:54,7.6594,gntusdt
1606,2019-09-09 15:41:55,593.1567,btcusdt
1603,2019-09-09 15:41:57,1202.6752,etcusdt
1612,2019-09-09 15:41:58,9.492,zrxusdt
1594,2019-09-09 15:41:59,1055.8746,ethusdt
1607,2019-09-09 15:42:01,48.396,ethbtc
1608,2019-09-09 15:42:02,3197.7561,omgusdt
1606,2019-09-09 15:42:08,2216.5593,ltcusdt
1605,2019-09-09 15:42:16,880.7525,ltcbtc
1601,2019-09-09 15:42:20,5.0011,wtceth
1612,2019-09-09 15:42:20,0.5354,mcoeth
1613,2019-09-09 15:42:22,0.2287,aeeth
1604,2019-09-09 15:42:23,224.7504,etcusdt
1601,2019-09-09 15:42:26,11.0067,gntusdt
1595,2019-09-09 15:42:31,12259.4105,ethusdt
1608,2019-09-09 15:42:35,5141.2183,ethbtc
1609,2019-09-09 15:42:37,1164.1296,omgusdt
1607,2019-09-09 15:42:39,49226.6512,btcusdt
1613,2019-09-09 15:42:42,143.8056,zrxusdt
1607,2019-09-09 15:42:46,4284.4812,ltcusdt
1613,2019-09-09 15:42:52,0.1663,mcoeth
1606,2019-09-09 15:42:54,698.7744,ltcbtc
1605,2019-09-09 15:42:55,3197.4379,etcusdt
1614,2019-09-09 15:42:59,10.2317,aeeth
1602,2019-09-09 15:43:01,19.9688,wtceth
1596,2019-09-09 15:43:06,4234.8199,ethusdt
1602,2019-09-09 15:43:08,9.9948,gntusdt
1610,2019-09-09 15:43:12,1307.5742,omgusdt
1614,2019-09-09 15:43:13,152.5756,zrxusdt
1608,2019-09-09 15:43:15,48343.9016,btcusdt
1609,2019-09-09 15:43:17,566.5609,ethbtc
1614,2019-09-09 15:43:21,0.0867,mcoeth
1607,2019-09-09 15:43:25,1334.0786,ltcbtc
1608,2019-09-09 15:43:27,6231.7631,ltcusdt
1603,2019-09-09 15:43:29,45.2938,wtceth
1606,2019-09-09 15:43:32,2520.5736,etcusdt
1603,2019-09-09 15:43:34,7.4662,gntusdt
1597,2019-09-09 15:43:34,11654.4886,ethusdt
1615,2019-09-09 15:43:42,8.6349,aeeth
1609,2019-09-09 15:43:45,45267.7681,btcusdt
1611,2019-09-09 15:43:46,580.5233,omgusdt
1615,2019-09-09 15:43:50,25.4108,zrxusdt
1610,2019-09-09 15:43:53,2835.5569,ethbtc
1615,2019-09-09 15:43:58,0.4032,mcoeth
1608,2019-09-09 15:43:58,4565.5108,ltcbtc
1607,2019-09-09 15:44:03,625.9248,etcusdt
1609,2019-09-09 15:44:05,2971.6401,ltcusdt
1604,2019-09-09 15:44:10,6.7997,gntusdt
1604,2019-09-09 15:44:11,41.9095,wtceth
1598,2019-09-09 15:44:16,526.0055,ethusdt
1616,2019-09-09 15:44:23,12.9944,aeeth
1610,2019-09-09 15:44:24,7650.8284,btcusdt
1612,2019-09-09 15:44:25,3635.7735,omgusdt
1609,2019-09-09 15:44:26,2161.296,ltcbtc
1616,2019-09-09 15:44:27,0.7312,mcoeth
1616,2019-09-09 15:44:34,110.8582,zrxusdt
1608,2019-09-09 15:44:34,1860.8496,etcusdt
1611,2019-09-09 15:44:38,7337.5627,ethbtc
1605,2019-09-09 15:44:39,5.1999,gntusdt
1610,2019-09-09 15:44:43,5327.5406,ltcusdt
1605,2019-09-09 15:44:51,32.8374,wtceth
1599,2019-09-09 15:44:54,7461.0046,ethusdt
1617,2019-09-09 15:44:55,0.7185,mcoeth
1617,2019-09-09 15:44:55,7.6154,aeeth
1610,2019-09-09 15:44:57,604.596,ltcbtc
1617,2019-09-09 15:45:03,141.6324,zrxusdt
1611,2019-09-09 15:45:05,3686.166,btcusdt
1613,2019-09-09 15:45:07,871.326,omgusdt
1609,2019-09-09 15:45:13,2972.2181,etcusdt
1612,2019-09-09 15:45:15,9024.7176,ethbtc
1606,2019-09-09 15:45:17,3.7201,wtceth
1611,2019-09-09 15:45:18,4270.2539,ltcusdt
1611,2019-09-09 15:45:22,1469.0064,ltcbtc
1606,2019-09-09 15:45:24,1.6743,gntusdt
1618,2019-09-09 15:45:24,12.6683,aeeth
1618,2019-09-09 15:45:27,0.6332,mcoeth
1614,2019-09-09 15:45:33,1610.9977,omgusdt
1600,2019-09-09 15:45:34,729.6539,ethusdt
1612,2019-09-09 15:45:36,48469.2831,btcusdt
1618,2019-09-09 15:45:44,106.1489,zrxusdt
1613,2019-09-09 15:45:48,7043.2925,ethbtc
1607,2019-09-09 15:45:51,5.9961,gntusdt
1612,2019-09-09 15:45:52,1015.39,ltcusdt
1607,2019-09-09 15:45:54,47.2366,wtceth
1610,2019-09-09 15:45:54,3249.6032,etcusdt
1619,2019-09-09 15:45:56,0.3135,mcoeth
1612,2019-09-09 15:46:03,4355.84,ltcbtc
1615,2019-09-09 15:46:08,1878.4816,omgusdt
1619,2019-09-09 15:46:08,6.0066,aeeth
1613,2019-09-09 15:46:12,17640.4026,btcusdt
1601,2019-09-09 15:46:12,1136.3475,ethusdt
1619,2019-09-09 15:46:16,42.2217,zrxusdt
1614,2019-09-09 15:46:16,1864.3967,ethbtc
1613,2019-09-09 15:46:18,2460.4051,ltcusdt
1608,2019-09-09 15:46:19,2.1789,gntusdt
1608,2019-09-09 15:46:21,12.3572,wtceth
1611,2019-09-09 15:46:32,1895.595,etcusdt
1613,2019-09-09 15:46:33,4809.0999,ltcbtc
1620,2019-09-09 15:46:34,0.1131,mcoeth
1602,2019-09-09 15:46:38,2758.2462,ethusdt
1616,2019-09-09 15:46:40,1247.4434,omgusdt
1620,2019-09-09 15:46:52,4.614,aeeth
1609,2019-09-09 15:46:52,14.7409,wtceth
1615,2019-09-09 15:46:54,10325.043,ethbtc
1609,2019-09-09 15:46:54,12.4767,gntusdt
1620,2019-09-09 15:46:56,39.4535,zrxusdt
1614,2019-09-09 15:46:57,34056.7273,btcusdt
1621,2019-09-09 15:46:59,0.7043,mcoeth
1612,2019-09-09 15:46:59,1300.5059,etcusdt
1614,2019-09-09 15:47:02,2774.6339,ltcusdt
1603,2019-09-09 15:47:06,13022.9272,ethusdt
1614,2019-09-09 15:47:15,1355.1753,ltcbtc
1617,2019-09-09 15:47:17,114.7966,omgusdt
1616,2019-09-09 15:47:19,13094.2802,ethbtc
1610,2019-09-09 15:47:19,22.3491,wtceth
1613,2019-09-09 15:47:26,697.0554,etcusdt
1621,2019-09-09 15:47:28,51.2416,zrxusdt
1621,2019-09-09 15:47:30,11.1978,aeeth
1604,2019-09-09 15:47:35,7727.9645,ethusdt
1610,2019-09-09 15:47:36,24.0545,gntusdt
1615,2019-09-09 15:47:37,39324.6649,btcusdt
1622,2019-09-09 15:47:41,0.7666,mcoeth
1615,2019-09-09 15:47:42,4195.91,ltcusdt
1615,2019-09-09 15:47:51,2060.7559,ltcbtc
1618,2019-09-09 15:47:54,1828.3757,omgusdt
1614,2019-09-09 15:47:55,2133.7116,etcusdt
1617,2019-09-09 15:47:56,9526.5551,ethbtc
1622,2019-09-09 15:48:01,146.7224,zrxusdt
1611,2019-09-09 15:48:03,41.3551,wtceth
1605,2019-09-09 15:48:05,12898.1094,ethusdt
1611,2019-09-09 15:48:06,19.8658,gntusdt
1623,2019-09-09 15:48:10,0.7137,mcoeth
1616,2019-09-09 15:48:14,44305.8483,btcusdt
1622,2019-09-09 15:48:15,1.6866,aeeth
1619,2019-09-09 15:48:20,1252.4518,omgusdt
1616,2019-09-09 15:48:26,1221.4588,ltcusdt
1612,2019-09-09 15:48:28,18.1115,wtceth
1618,2019-09-09 15:48:28,243.2818,ethbtc
1616,2019-09-09 15:48:29,2283.7138,ltcbtc
1615,2019-09-09 15:48:31,3303.5356,etcusdt
1606,2019-09-09 15:48:33,7367.543,ethusdt
1612,2019-09-09 15:48:39,12.6283,gntusdt
1623,2019-09-09 15:48:43,95.0258,zrxusdt
1617,2019-09-09 15:48:44,45410.217,btcusdt
1624,2019-09-09 15:48:48,0.4986,mcoeth
1617,2019-09-09 15:48:54,5504.818,ltcusdt
1616,2019-09-09 15:48:58,180.0525,etcusdt
1623,2019-09-09 15:48:59,7.6884,aeeth
1620,2019-09-09 15:49:01,1271.2647,omgusdt
1613,2019-09-09 15:49:02,12.9455,wtceth
1607,2019-09-09 15:49:05,12689.9948,ethusdt
1619,2019-09-09 15:49:10,3122.7703,ethbtc
1617,2019-09-09 15:49:11,117.9412,ltcbtc
1613,2019-09-09 15:49:15,18.0012,gntusdt
1624,2019-09-09 15:49:22,18.2083,zrxusdt
1618,2019-09-09 15:49:24,23458.0021,btcusdt
1618,2019-09-09 15:49:29,1310.6554,ltcusdt
1625,2019-09-09 15:49:33,0.7942,mcoeth
1624,2019-09-09 15:49:35,4.5341,aeeth
1608,2019-09-09 15:49:38,6347.7574,ethusdt
1620,2019-09-09 15:49:38,71.1547,ethbtc
1617,2019-09-09 15:49:40,1699.7715,etcusdt
1614,2019-09-09 15:49:42,30.2579,wtceth
1618,2019-09-09 15:49:44,171.9733,ltcbtc
1614,2019-09-09 15:49:44,18.1327,gntusdt
1621,2019-09-09 15:49:46,1899.632,omgusdt
1619,2019-09-09 15:49:54,756.2543,ltcusdt
1625,2019-09-09 15:49:59,91.6924,zrxusdt
1625,2019-09-09 15:50:02,9.9506,aeeth
1619,2019-09-09 15:50:02,39059.3936,btcusdt
1618,2019-09-09 15:50:07,1079.2183,etcusdt
1626,2019-09-09 15:50:08,0.4957,mcoeth
1615,2019-09-09 15:50:13,11.1007,gntusdt
1609,2019-09-09 15:50:16,8391.7193,ethusdt
1615,2019-09-09 15:50:18,9.2437,wtceth
1621,2019-09-09 15:50:21,13965.0062,ethbtc
1622,2019-09-09 15:50:24,2652.1516,omgusdt
1619,2019-09-09 15:50:26,4746.0222,ltcbtc
1619,2019-09-09 15:50:33,2111.0927,etcusdt
1626,2019-09-09 15:50:34,6.1392,aeeth
1620,2019-09-09 15:50:36,5016.9859,ltcusdt
1620,2019-09-09 15:50:39,41830.725,btcusdt
1627,2019-09-09 15:50:41,0.3204,mcoeth
1610,2019-09-09 15:50:42,11903.979,ethusdt
1626,2019-09-09 15:50:43,18.7519,zrxusdt
1616,2019-09-09 15:50:44,57.1521,wtceth
1616,2019-09-09 15:50:50,0.8441,gntusdt
1622,2019-09-09 15:50:59,1747.1693,ethbtc
1623,2019-09-09 15:51:02,649.3971,omgusdt
1620,2019-09-09 15:51:03,330.4787,etcusdt
1611,2019-09-09 15:51:07,12641.1181,ethusdt
1620,2019-09-09 15:51:07,1087.5816,ltcbtc
1621,2019-09-09 15:51:10,37956.8616,btcusdt
1627,2019-09-09 15:51:16,3.7627,aeeth
1621,2019-09-09 15:51:16,5203.0563,ltcusdt
1628,2019-09-09 15:51:21,0.5613,mcoeth
1627,2019-09-09 15:51:22,100.0809,zrxusdt
1617,2019-09-09 15:51:26,38.2358,wtceth
1621,2019-09-09 15:51:29,726.3186,etcusdt
1617,2019-09-09 15:51:29,14.7332,gntusdt
1624,2019-09-09 15:51:31,2433.1,omgusdt
1623,2019-09-09 15:51:38,4206.3719,ethbtc
1621,2019-09-09 15:51:43,1323.9301,ltcbtc
1628,2019-09-09 15:51:45,4.7296,aeeth
1622,2019-09-09 15:51:48,1457.7082,btcusdt
1612,2019-09-09 15:51:50,10146.7436,ethusdt
1625,2019-09-09 15:51:56,1396.4616,omgusdt
1618,2019-09-09 15:51:56,2.5713,gntusdt
1618,2019-09-09 15:51:58,50.8383,wtceth
1622,2019-09-09 15:51:59,4455.4698,ltcusdt
1629,2019-09-09 15:52:00,0.2588,mcoeth
1628,2019-09-09 15:52:00,35.1656,zrxusdt
1624,2019-09-09 15:52:06,15113.2361,ethbtc
1622,2019-09-09 15:52:10,3187.4185,etcusdt
1629,2019-09-09 15:52:11,4.2948,aeeth
1622,2019-09-09 15:52:18,3903.1858,ltcbtc
1613,2019-09-09 15:52:23,4622.6114,ethusdt
1629,2019-09-09 15:52:27,98.1047,zrxusdt
1623,2019-09-09 15:52:29,19390.0679,btcusdt
1619,2019-09-09 15:52:30,30.694,wtceth
1625,2019-09-09 15:52:32,13324.4382,ethbtc
1623,2019-09-09 15:52:33,3915.0167,ltcusdt
1619,2019-09-09 15:52:34,10.8136,gntusdt
1623,2019-09-09 15:52:36,3038.0602,etcusdt
1630,2019-09-09 15:52:37,0.7227,mcoeth
1626,2019-09-09 15:52:41,2682.8945,omgusdt
1630,2019-09-09 15:52:51,11.6161,aeeth
1620,2019-09-09 15:52:57,61.1539,wtceth
1623,2019-09-09 15:53:01,715.3156,ltcbtc
1614,2019-09-09 15:53:04,11465.4405,ethusdt
1630,2019-09-09 15:53:04,109.7257,zrxusdt
1624,2019-09-09 15:53:06,41665.0305,btcusdt
1624,2019-09-09 15:53:10,47.4372,etcusdt
1631,2019-09-09 15:53:12,0.271,mcoeth
1626,2019-09-09 15:53:14,8835.5849,ethbtc
1624,2019-09-09 15:53:15,879.3495,ltcusdt
1620,2019-09-09 15:53:18,10.4771,gntusdt
1627,2019-09-09 15:53:25,1322.7566,omgusdt
1631,2019-09-09 15:53:32,9.0662,aeeth
1615,2019-09-09 15:53:37,3146.1143,ethusdt
1625,2019-09-09 15:53:38,49891.0682,btcusdt
1632,2019-09-09 15:53:38,0.0543,mcoeth
1621,2019-09-09 15:53:42,4.5282,wtceth
1624,2019-09-09 15:53:43,543.5014,ltcbtc
1631,2019-09-09 15:53:44,93.6426,zrxusdt
1625,2019-09-09 15:53:46,532.1864,etcusdt
1621,2019-09-09 15:53:46,0.7141,gntusdt
1625,2019-09-09 15:53:48,1747.4001,ltcusdt
1627,2019-09-09 15:53:57,8288.587,ethbtc
1628,2019-09-09 15:54:06,2332.176,omgusdt
1616,2019-09-09 15:54:09,10616.087,ethusdt
1632,2019-09-09 15:54:09,81.4185,zrxusdt
1622,2019-09-09 15:54:11,34.946,wtceth
1632,2019-09-09 15:54:13,8.0273,aeeth
1626,2019-09-09 15:54:15,1793.2259,ltcusdt
1633,2019-09-09 15:54:18,0.4973,mcoeth
1626,2019-09-09 15:54:19,2793.9785,etcusdt
1626,2019-09-09 15:54:22,14750.7226,btcusdt
1622,2019-09-09 15:54:24,7.3825,gntusdt
1625,2019-09-09 15:54:28,4186.3062,ltcbtc
1628,2019-09-09 15:54:31,3972.475,ethbtc
1629,2019-09-09 15:54:32,2761.4576,omgusdt
1633,2019-09-09 15:54:41,7.443,aeeth
1633,2019-09-09 15:54:44,75.9898,zrxusdt
1627,2019-09-09 15:54:46,1972.5069,ltcusdt
1634,2019-09-09 15:54:49,0.7945,mcoeth
1617,2019-09-09 15:54:52,9294.5907,ethusdt
1623,2019-09-09 15:54:54,1.2445,wtceth
1627,2019-09-09 15:54:56,3216.3222,etcusdt
1623,2019-09-09 15:55:01,21.0602,gntusdt
1629,2019-09-09 15:55:03,10832.9092,ethbtc
1627,2019-09-09 15:55:03,49780.4585,btcusdt
1626,2019-09-09 15:55:12,452.656,ltcbtc
1634,2019-09-09 15:55:14,7.0218,aeeth
1628,2019-09-09 15:55:15,755.9327,ltcusdt
1630,2019-09-09 15:55:16,1002.0583,omgusdt
1624,2019-09-09 15:55:20,7.7474,wtceth
1618,2019-09-09 15:55:23,12086.2205,ethusdt
1628,2019-09-09 15:55:24,859.3108,etcusdt
1635,2019-09-09 15:55:25,0.3287,mcoeth
1634,2019-09-09 15:55:26,27.7444,zrxusdt
1630,2019-09-09 15:55:34,3614.6536,ethbtc
1624,2019-09-09 15:55:41,1.2333,gntusdt
1635,2019-09-09 15:55:45,3.6305,aeeth
1628,2019-09-09 15:55:46,14904.4441,btcusdt
1629,2019-09-09 15:55:50,3398.1235,ltcusdt
1625,2019-09-09 15:55:52,60.2268,wtceth
1627,2019-09-09 15:55:55,3203.1855,ltcbtc
1636,2019-09-09 15:55:57,0.5676,mcoeth
1619,2019-09-09 15:55:57,7363.6776,ethusdt
1631,2019-09-09 15:55:59,993.2915,omgusdt
1635,2019-09-09 15:56:03,143.719,zrxusdt
1629,2019-09-09 15:56:07,1504.4603,etcusdt
1631,2019-09-09 15:56:07,7515.482,ethbtc
1629,2019-09-09 15:56:13,42720.7281,btcusdt
1636,2019-09-09 15:56:13,9.4364,aeeth
1630,2019-09-09 15:56:18,4812.7348,ltcusdt
1626,2019-09-09 15:56:19,32.5195,wtceth
1625,2019-09-09 15:56:21,16.7208,gntusdt
1637,2019-09-09 15:56:22,0.1174,mcoeth
1632,2019-09-09 15:56:30,127.1613,omgusdt
1630,2019-09-09 15:56:33,2462.5719,etcusdt
1620,2019-09-09 15:56:36,4872.7765,ethusdt
1636,2019-09-09 15:56:36,96.2788,zrxusdt
1628,2019-09-09 15:56:39,329.1572,ltcbtc
1631,2019-09-09 15:56:46,1156.3456,ltcusdt
1632,2019-09-09 15:56:50,13447.0291,ethbtc
1630,2019-09-09 15:56:50,34646.4872,btcusdt
1627,2019-09-09 15:56:54,34.9037,wtceth
1637,2019-09-09 15:56:57,8.4182,aeeth
1633,2019-09-09 15:56:59,2223.1126,omgusdt
1638,2019-09-09 15:57:02,0.6448,mcoeth
1626,2019-09-09 15:57:03,17.9637,gntusdt
1631,2019-09-09 15:57:07,1987.9206,etcusdt
1637,2019-09-09 15:57:08,104.2349,zrxusdt
1632,2019-09-09 15:57:12,5667.1522,ltcusdt
1621,2019-09-09 15:57:15,4505.7997,ethusdt
1629,2019-09-09 15:57:15,4502.9524,ltcbtc
1631,2019-09-09 15:57:19,40572.2346,btcusdt
1633,2019-09-09 15:57:31,7554.2492,ethbtc
1628,2019-09-09 15:57:33,10.5767,wtceth
1638,2019-09-09 15:57:35,1.9982,aeeth
1627,2019-09-09 15:57:35,14.7981,gntusdt
1632,2019-09-09 15:57:40,900.5452,etcusdt
1634,2019-09-09 15:57:41,1416.3288,omgusdt
1639,2019-09-09 15:57:42,0.0213,mcoeth
1622,2019-09-09 15:57:42,12951.1559,ethusdt
1638,2019-09-09 15:57:46,89.9722,zrxusdt
1633,2019-09-09 15:57:49,6178.6229,ltcusdt
1630,2019-09-09 15:57:50,4032.3516,ltcbtc
1632,2019-09-09 15:57:56,30547.8907,btcusdt
1628,2019-09-09 15:58:05,20.8531,gntusdt
1634,2019-09-09 15:58:06,4624.8273,ethbtc
1629,2019-09-09 15:58:10,35.0896,wtceth
1623,2019-09-09 15:58:10,5056.2473,ethusdt
1639,2019-09-09 15:58:12,11.507,aeeth
1640,2019-09-09 15:58:17,0.6579,mcoeth
1633,2019-09-09 15:58:18,1321.9432,etcusdt
1634,2019-09-09 15:58:22,617.2393,ltcusdt
1631,2019-09-09 15:58:22,1696.9683,ltcbtc
1633,2019-09-09 15:58:22,6176.6499,btcusdt
1635,2019-09-09 15:58:26,2894.8357,omgusdt
1639,2019-09-09 15:58:29,41.7841,zrxusdt
1635,2019-09-09 15:58:37,10184.8028,ethbtc
1624,2019-09-09 15:58:37,7544.9034,ethusdt
1630,2019-09-09 15:58:40,39.0312,wtceth
1629,2019-09-09 15:58:41,24.6831,gntusdt
1640,2019-09-09 15:58:44,12.9594,aeeth
1634,2019-09-09 15:58:48,1652.6575,etcusdt
1635,2019-09-09 15:58:52,3121.1789,ltcusdt
1632,2019-09-09 15:58:54,3834.3508,ltcbtc
1641,2019-09-09 15:58:58,0.3295,mcoeth
1636,2019-09-09 15:59:04,2112.5326,omgusdt
1634,2019-09-09 15:59:06,34881.9266,btcusdt
1640,2019-09-09 15:59:09,91.6882,zrxusdt
1625,2019-09-09 15:59:10,10242.1461,ethusdt
1635,2019-09-09 15:59:16,22.0062,etcusdt
1631,2019-09-09 15:59:18,44.9159,wtceth
1630,2019-09-09 15:59:18,23.3226,gntusdt
1636,2019-09-09 15:59:19,15826.8501,ethbtc
1641,2019-09-09 15:59:22,1.625,aeeth
1637,2019-09-09 15:59:34,1470.0337,omgusdt
1636,2019-09-09 15:59:36,1388.9065,ltcusdt
1633,2019-09-09 15:59:37,3940.566,ltcbtc
1642,2019-09-09 15:59:38,0.0365,mcoeth
1626,2019-09-09 15:59:40,1230.0303,ethusdt
1631,2019-09-09 15:59:46,2.9694,gntusdt
1636,2019-09-09 15:59:47,2319.5491,etcusdt
1635,2019-09-09 15:59:48,31654.4601,btcusdt
1641,2019-09-09 15:59:53,140.8174,zrxusdt
1632,2019-09-09 15:59:53,52.2953,wtceth
1637,2019-09-09 15:59:57,11117.163,ethbtc
1642,2019-09-09 15:59:58,2.4314,aeeth
1637,2019-09-09 16:00:25,1963.4167,etcusdt
1636,2019-09-09 16:00:25,45888.2382,btcusdt
1637,2019-09-09 16:00:27,2554.436,ltcusdt
1632,2019-09-09 16:00:28,20.1486,gntusdt
1634,2019-09-09 16:00:28,2379.9005,ltcbtc
1627,2019-09-09 16:00:29,10167.7734,ethusdt
1642,2019-09-09 16:00:31,121.5994,zrxusdt
1638,2019-09-09 16:00:32,6559.7086,ethbtc
1633,2019-09-09 16:00:36,19.7134,wtceth
1643,2019-09-09 16:00:40,0.9379,mcoeth
1638,2019-09-09 16:00:44,1951.2299,omgusdt
1643,2019-09-09 16:00:45,0.5874,aeeth
1638,2019-09-09 16:00:52,610.8599,etcusdt
1638,2019-09-09 16:00:53,4619.1561,ltcusdt
1637,2019-09-09 16:00:58,47651.475,btcusdt
1633,2019-09-09 16:00:58,15.5005,gntusdt
1634,2019-09-09 16:01:02,58.2051,wtceth
1635,2019-09-09 16:01:04,4688.8479,ltcbtc
1639,2019-09-09 16:01:08,3140.8757,ethbtc
1643,2019-09-09 16:01:08,6.3182,zrxusdt
1639,2019-09-09 16:01:12,2340.0222,omgusdt
1628,2019-09-09 16:01:13,17201.8453,ethusdt
1644,2019-09-09 16:01:17,5.7291,aeeth
1644,2019-09-09 16:01:23,0.0843,mcoeth
1639,2019-09-09 16:01:28,1304.2354,etcusdt
1639,2019-09-09 16:01:30,2109.9415,ltcusdt
1638,2019-09-09 16:01:33,32032.1898,btcusdt
1644,2019-09-09 16:01:34,122.5072,zrxusdt
1635,2019-09-09 16:01:37,45.5109,wtceth
1634,2019-09-09 16:01:39,17.1938,gntusdt
1636,2019-09-09 16:01:39,2656.4321,ltcbtc
1640,2019-09-09 16:01:44,8072.7727,ethbtc
1640,2019-09-09 16:01:45,2993.3376,omgusdt
1629,2019-09-09 16:01:47,17475.8967,ethusdt
1645,2019-09-09 16:01:56,1.9605,aeeth
1645,2019-09-09 16:01:59,0.0856,mcoeth
1640,2019-09-09 16:02:00,4607.0484,ltcusdt
1635,2019-09-09 16:02:06,24.7085,gntusdt
1636,2019-09-09 16:02:07,57.2315,wtceth
1640,2019-09-09 16:02:09,3341.1462,etcusdt
1641,2019-09-09 16:02:10,2602.756,omgusdt
1645,2019-09-09 16:02:11,12.5221,zrxusdt
1639,2019-09-09 16:02:14,17272.5095,btcusdt
1641,2019-09-09 16:02:24,3874.9028,ethbtc
1646,2019-09-09 16:02:24,8.8208,aeeth
1637,2019-09-09 16:02:24,1451.5805,ltcbtc
1630,2019-09-09 16:02:31,2703.6046,ethusdt
1641,2019-09-09 16:02:32,516.7545,ltcusdt
1637,2019-09-09 16:02:34,54.8204,wtceth
1646,2019-09-09 16:02:35,0.2539,mcoeth
1636,2019-09-09 16:02:36,26.3686,gntusdt
1641,2019-09-09 16:02:37,1020.914,etcusdt
1642,2019-09-09 16:02:38,2452.8988,omgusdt
1640,2019-09-09 16:02:42,23241.7747,btcusdt
1646,2019-09-09 16:02:43,92.8487,zrxusdt
1638,2019-09-09 16:03:00,68.0471,wtceth
1638,2019-09-09 16:03:01,2988.3267,ltcbtc
1642,2019-09-09 16:03:03,1191.1489,ltcusdt
1647,2019-09-09 16:03:04,1.726,aeeth
1642,2019-09-09 16:03:05,867.3128,etcusdt
1642,2019-09-09 16:03:06,7983.574,ethbtc
1631,2019-09-09 16:03:07,15003.4083,ethusdt
1647,2019-09-09 16:03:08,0.6352,mcoeth
1643,2019-09-09 16:03:12,2071.3812,omgusdt
1641,2019-09-09 16:03:12,16505.9272,btcusdt
1637,2019-09-09 16:03:18,25.4183,gntusdt
1647,2019-09-09 16:03:22,32.8645,zrxusdt
1639,2019-09-09 16:03:30,59.1109,wtceth
1639,2019-09-09 16:03:38,3039.1005,ltcbtc
1632,2019-09-09 16:03:38,17247.4367,ethusdt
1642,2019-09-09 16:03:39,26060.8863,btcusdt
1643,2019-09-09 16:03:40,2167.4981,ltcusdt
1648,2019-09-09 16:03:41,0.442,mcoeth
1643,2019-09-09 16:03:47,4556.9533,ethbtc
1643,2019-09-09 16:03:47,2306.9139,etcusdt
1648,2019-09-09 16:03:48,5.5254,aeeth
1644,2019-09-09 16:03:57,484.1019,omgusdt
1648,2019-09-09 16:03:59,89.9257,zrxusdt
1638,2019-09-09 16:04:02,4.3465,gntusdt
1643,2019-09-09 16:04:09,40832.0528,btcusdt
1633,2019-09-09 16:04:11,13372.4519,ethusdt
1640,2019-09-09 16:04:11,53.9256,wtceth
1644,2019-09-09 16:04:16,1059.0392,ltcusdt
1649,2019-09-09 16:04:18,0.9447,mcoeth
1640,2019-09-09 16:04:22,2035.4417,ltcbtc
1644,2019-09-09 16:04:23,2922.0351,etcusdt
1649,2019-09-09 16:04:25,6.9253,aeeth
1645,2019-09-09 16:04:26,881.0454,omgusdt
1649,2019-09-09 16:04:30,61.5511,zrxusdt
1644,2019-09-09 16:04:32,4392.3156,ethbtc
1639,2019-09-09 16:04:40,13.9901,gntusdt
1634,2019-09-09 16:04:41,1073.13,ethusdt
1644,2019-09-09 16:04:42,9113.7279,btcusdt
1645,2019-09-09 16:04:53,855.0855,ltcusdt
1645,2019-09-09 16:04:56,27.0939,etcusdt
1641,2019-09-09 16:04:56,26.8648,wtceth
1650,2019-09-09 16:04:56,2.4626,aeeth
1645,2019-09-09 16:04:57,1486.6536,ethbtc
1650,2019-09-09 16:05:00,0.0625,mcoeth
1646,2019-09-09 16:05:05,2724.8424,omgusdt
1641,2019-09-09 16:05:06,2629.7153,ltcbtc
1650,2019-09-09 16:05:14,158.4954,zrxusdt
1646,2019-09-09 16:05:21,4405.875,ltcusdt
1635,2019-09-09 16:05:22,17760.9356,ethusdt
1640,2019-09-09 16:05:23,5.3419,gntusdt
1645,2019-09-09 16:05:23,27662.6884,btcusdt
1651,2019-09-09 16:05:26,6.134,aeeth
1642,2019-09-09 16:05:29,68.5945,wtceth
1647,2019-09-09 16:05:31,260.6119,omgusdt
1646,2019-09-09 16:05:39,1386.4393,etcusdt
1642,2019-09-09 16:05:42,2089.1962,ltcbtc
1646,2019-09-09 16:05:42,3373.2444,ethbtc
1651,2019-09-09 16:05:45,0.574,mcoeth
1651,2019-09-09 16:05:52,161.5169,zrxusdt
1646,2019-09-09 16:05:52,9820.1613,btcusdt
1636,2019-09-09 16:05:57,1953.8527,ethusdt
1652,2019-09-09 16:06:00,3.791,aeeth
1647,2019-09-09 16:06:01,2452.2756,ltcusdt
1641,2019-09-09 16:06:02,0.7758,gntusdt
1648,2019-09-09 16:06:07,882.4744,omgusdt
1643,2019-09-09 16:06:12,594.2752,ltcbtc
1647,2019-09-09 16:06:13,11415.3468,ethbtc
1643,2019-09-09 16:06:14,41.3055,wtceth
1647,2019-09-09 16:06:15,3415.724,etcusdt
1652,2019-09-09 16:06:22,0.0038,mcoeth
1642,2019-09-09 16:06:29,9.0489,gntusdt
1647,2019-09-09 16:06:30,23087.2645,btcusdt
1652,2019-09-09 16:06:37,76.4558,zrxusdt
1637,2019-09-09 16:06:38,11873.2419,ethusdt
1653,2019-09-09 16:06:39,7.8646,aeeth
1649,2019-09-09 16:06:39,3025.6792,omgusdt
1648,2019-09-09 16:06:39,9731.8374,ethbtc
1648,2019-09-09 16:06:44,89.7905,ltcusdt
1653,2019-09-09 16:06:49,0.2488,mcoeth
1648,2019-09-09 16:06:53,3178.039,etcusdt
1644,2019-09-09 16:06:54,1865.0191,ltcbtc
1643,2019-09-09 16:06:55,19.8822,gntusdt
1644,2019-09-09 16:06:58,14.8076,wtceth
1649,2019-09-09 16:07:05,7579.2966,ethbtc
1648,2019-09-09 16:07:07,39605.8843,btcusdt
1638,2019-09-09 16:07:09,3500.1622,ethusdt
1654,2019-09-09 16:07:17,0.9086,mcoeth
1653,2019-09-09 16:07:18,137.8452,zrxusdt
1654,2019-09-09 16:07:19,2.9972,aeeth
1650,2019-09-09 16:07:20,387.079,omgusdt
1649,2019-09-09 16:07:21,2284.9169,etcusdt
1644,2019-09-09 16:07:23,0.8605,gntusdt
1649,2019-09-09 16:07:27,375.8721,ltcusdt
1645,2019-09-09 16:07:30,4941.0738,ltcbtc
1650,2019-09-09 16:07:34,9054.6903,ethbtc
1645,2019-09-09 16:07:41,51.0835,wtceth
1655,2019-09-09 16:07:45,0.0212,mcoeth
1639,2019-09-09 16:07:47,10982.5024,ethusdt
1654,2019-09-09 16:07:47,9.0928,zrxusdt
1649,2019-09-09 16:07:49,35628.2623,btcusdt
1651,2019-09-09 16:07:52,858.4051,omgusdt
1650,2019-09-09 16:07:55,46.5169,etcusdt
1650,2019-09-09 16:07:57,1504.2773,ltcusdt
1655,2019-09-09 16:07:57,2.0505,aeeth
1646,2019-09-09 16:07:58,1790.1651,ltcbtc
1645,2019-09-09 16:08:06,10.6359,gntusdt
1651,2019-09-09 16:08:08,8073.9108,ethbtc
1655,2019-09-09 16:08:15,143.4049,zrxusdt
1646,2019-09-09 16:08:15,67.6292,wtceth
1640,2019-09-09 16:08:17,5933.9618,ethusdt
1650,2019-09-09 16:08:18,8973.3678,btcusdt
1656,2019-09-09 16:08:27,0.733,mcoeth
1651,2019-09-09 16:08:31,2570.842,etcusdt
1656,2019-09-09 16:08:32,2.8098,aeeth
1646,2019-09-09 16:08:36,11.9825,gntusdt
1651,2019-09-09 16:08:36,886.7181,ltcusdt
1652,2019-09-09 16:08:37,3175.7608,omgusdt
1647,2019-09-09 16:08:43,1606.7108,ltcbtc
1656,2019-09-09 16:08:43,27.7451,zrxusdt
1651,2019-09-09 16:08:45,16333.7403,btcusdt
1652,2019-09-09 16:08:53,10516.25,ethbtc
1647,2019-09-09 16:08:58,59.5923,wtceth
1657,2019-09-09 16:08:58,0.4177,mcoeth
1641,2019-09-09 16:09:00,4301.3286,ethusdt
1652,2019-09-09 16:09:07,1555.2556,etcusdt
1653,2019-09-09 16:09:09,3546.9755,omgusdt
1657,2019-09-09 16:09:10,79.5706,zrxusdt
1647,2019-09-09 16:09:11,18.7958,gntusdt
1657,2019-09-09 16:09:12,6.746,aeeth
1652,2019-09-09 16:09:14,2731.0584,ltcusdt
1648,2019-09-09 16:09:16,1254.5923,ltcbtc
1648,2019-09-09 16:09:25,33.9176,wtceth
1652,2019-09-09 16:09:26,1667.8266,btcusdt
1653,2019-09-09 16:09:33,253.0855,etcusdt
1653,2019-09-09 16:09:37,6918.5429,ethbtc
1642,2019-09-09 16:09:38,7350.3028,ethusdt
1648,2019-09-09 16:09:39,1.1244,gntusdt
1654,2019-09-09 16:09:39,2120.7983,omgusdt
1658,2019-09-09 16:09:40,0.0075,aeeth
1658,2019-09-09 16:09:41,0.4317,mcoeth
1649,2019-09-09 16:09:54,4367.4092,ltcbtc
1658,2019-09-09 16:09:54,109.8897,zrxusdt
1653,2019-09-09 16:09:57,250.5585,ltcusdt
1649,2019-09-09 16:09:59,50.608,wtceth
1643,2019-09-09 16:10:04,15790.1559,ethusdt
1653,2019-09-09 16:10:08,34978.8703,btcusdt
1659,2019-09-09 16:10:11,0.8848,mcoeth
1649,2019-09-09 16:10:11,9.1266,gntusdt
1655,2019-09-09 16:10:11,1966.6362,omgusdt
1654,2019-09-09 16:10:12,679.2156,etcusdt
1654,2019-09-09 16:10:21,8883.4028,ethbtc
1659,2019-09-09 16:10:22,4.2657,aeeth
1659,2019-09-09 16:10:25,60.8632,zrxusdt
1650,2019-09-09 16:10:30,1582.3162,ltcbtc
1654,2019-09-09 16:10:34,32102.1404,btcusdt
1654,2019-09-09 16:10:40,5488.654,ltcusdt
1644,2019-09-09 16:10:41,1602.2801,ethusdt
1650,2019-09-09 16:10:43,2.6461,wtceth
1650,2019-09-09 16:10:45,4.7467,gntusdt
1660,2019-09-09 16:10:45,0.5148,mcoeth
1660,2019-09-09 16:10:49,0.0728,aeeth
1655,2019-09-09 16:10:51,1401.6611,etcusdt
1656,2019-09-09 16:10:54,2904.5623,omgusdt
1655,2019-09-09 16:10:59,48.9109,btcusdt
1655,2019-09-09 16:11:01,8772.0418,ethbtc
1660,2019-09-09 16:11:06,78.7343,zrxusdt
1651,2019-09-09 16:11:10,10.2279,gntusdt
1651,2019-09-09 16:11:11,1686.3837,ltcbtc
1645,2019-09-09 16:11:12,2799.6046,ethusdt
1655,2019-09-09 16:11:19,2013.8061,ltcusdt
1661,2019-09-09 16:11:20,8.0477,aeeth
1651,2019-09-09 16:11:23,63.6792,wtceth
1657,2019-09-09 16:11:28,661.7607,omgusdt
1661,2019-09-09 16:11:29,0.4618,mcoeth
1656,2019-09-09 16:11:34,30206.6807,btcusdt
1656,2019-09-09 16:11:35,3075.561,etcusdt
1656,2019-09-09 16:11:39,8523.7706,ethbtc
1661,2019-09-09 16:11:40,154.3861,zrxusdt
1652,2019-09-09 16:11:43,1167.5457,ltcbtc
1652,2019-09-09 16:11:45,2.8557,gntusdt
1662,2019-09-09 16:11:47,9.6183,aeeth
1652,2019-09-09 16:11:51,47.1786,wtceth
1646,2019-09-09 16:11:54,2477.3035,ethusdt
1656,2019-09-09 16:11:56,2173.8863,ltcusdt
1657,2019-09-09 16:12:01,3523.7278,etcusdt
1662,2019-09-09 16:12:04,1.0162,mcoeth
1657,2019-09-09 16:12:05,8260.3856,ethbtc
1658,2019-09-09 16:12:06,2181.8684,omgusdt
1662,2019-09-09 16:12:09,80.913,zrxusdt
1657,2019-09-09 16:12:11,20786.4703,btcusdt
1663,2019-09-09 16:12:13,1.76,aeeth
1653,2019-09-09 16:12:26,21.6136,gntusdt
1653,2019-09-09 16:12:27,28.2675,wtceth
1653,2019-09-09 16:12:28,3297.4241,ltcbtc
1647,2019-09-09 16:12:29,8942.4388,ethusdt
1659,2019-09-09 16:12:33,508.9603,omgusdt
1657,2019-09-09 16:12:34,1400.1889,ltcusdt
1663,2019-09-09 16:12:34,43.8895,zrxusdt
1658,2019-09-09 16:12:35,8073.4316,ethbtc
1658,2019-09-09 16:12:42,2163.4075,etcusdt
1658,2019-09-09 16:12:42,270.6329,btcusdt
1663,2019-09-09 16:12:45,0.0274,mcoeth
1664,2019-09-09 16:12:52,11.6312,aeeth
1658,2019-09-09 16:13:00,3326.3814,ltcusdt
1654,2019-09-09 16:13:01,26.2948,gntusdt
1664,2019-09-09 16:13:02,59.0974,zrxusdt
1660,2019-09-09 16:13:08,2291.2569,omgusdt
1654,2019-09-09 16:13:09,54.37,wtceth
1659,2019-09-09 16:13:09,2438.8701,etcusdt
1654,2019-09-09 16:13:11,2882.6128,ltcbtc
1659,2019-09-09 16:13:11,44393.9704,btcusdt
1648,2019-09-09 16:13:14,11728.9588,ethusdt
1659,2019-09-09 16:13:16,10279.9674,ethbtc
1664,2019-09-09 16:13:25,0.0355,mcoeth
1665,2019-09-09 16:13:29,3.4294,aeeth
1655,2019-09-09 16:13:33,7.1173,gntusdt
1659,2019-09-09 16:13:37,2203.5577,ltcusdt
1655,2019-09-09 16:13:40,4467.6896,ltcbtc
1665,2019-09-09 16:13:41,151.192,zrxusdt
1649,2019-09-09 16:13:43,6256.2467,ethusdt
1661,2019-09-09 16:13:44,2994.776,omgusdt
1655,2019-09-09 16:13:44,9.192,wtceth
1660,2019-09-09 16:13:45,42283.0113,btcusdt
1660,2019-09-09 16:13:49,2148.5395,etcusdt
1660,2019-09-09 16:13:56,907.6876,ethbtc
1666,2019-09-09 16:14:02,2.1486,aeeth
1665,2019-09-09 16:14:04,0.3868,mcoeth
1656,2019-09-09 16:14:07,4199.35,ltcbtc
1656,2019-09-09 16:14:12,23.8951,gntusdt
1660,2019-09-09 16:14:12,1648.4645,ltcusdt
1661,2019-09-09 16:14:16,930.0372,etcusdt
1656,2019-09-09 16:14:16,0.668,wtceth
1666,2019-09-09 16:14:18,10.3656,zrxusdt
1650,2019-09-09 16:14:19,9489.3709,ethusdt
1662,2019-09-09 16:14:21,1678.4265,omgusdt
1661,2019-09-09 16:14:25,14561.4972,btcusdt
1661,2019-09-09 16:14:30,5694.8762,ethbtc
1657,2019-09-09 16:14:37,1.2935,gntusdt
1657,2019-09-09 16:14:39,4710.026,ltcbtc
1662,2019-09-09 16:14:43,1797.235,etcusdt
1666,2019-09-09 16:14:44,1.0938,mcoeth
1667,2019-09-09 16:14:45,10.6667,aeeth
1651,2019-09-09 16:14:47,514.737,ethusdt
1662,2019-09-09 16:14:50,43786.2762,btcusdt
1661,2019-09-09 16:14:54,1283.1048,ltcusdt
1657,2019-09-09 16:14:57,61.93,wtceth
1667,2019-09-09 16:14:58,97.0971,zrxusdt
1662,2019-09-09 16:15:02,1972.7915,ethbtc
1663,2019-09-09 16:15:02,3347.5074,omgusdt
1663,2019-09-09 16:15:10,836.4216,etcusdt
1658,2019-09-09 16:15:13,2773.6113,ltcbtc
1667,2019-09-09 16:15:15,0.8841,mcoeth
1658,2019-09-09 16:15:16,28.4288,gntusdt
1658,2019-09-09 16:15:24,4.5595,wtceth
1662,2019-09-09 16:15:25,919.804,ltcusdt
1668,2019-09-09 16:15:26,86.1715,zrxusdt
1668,2019-09-09 16:15:26,12.5096,aeeth
1652,2019-09-09 16:15:31,14237.3307,ethusdt
1663,2019-09-09 16:15:32,32485.4116,btcusdt
1664,2019-09-09 16:15:35,266.3554,etcusdt
1663,2019-09-09 16:15:38,5286.1826,ethbtc
1664,2019-09-09 16:15:42,3639.0276,omgusdt
1659,2019-09-09 16:15:51,660.5075,ltcbtc
1659,2019-09-09 16:15:52,31.7514,wtceth
1663,2019-09-09 16:15:56,3983.9053,ltcusdt
1659,2019-09-09 16:15:59,26.3451,gntusdt
1668,2019-09-09 16:16:00,0.1707,mcoeth
1664,2019-09-09 16:16:05,38351.7659,btcusdt
1669,2019-09-09 16:16:07,81.1954,zrxusdt
1665,2019-09-09 16:16:08,407.653,omgusdt
1669,2019-09-09 16:16:09,7.2495,aeeth
1653,2019-09-09 16:16:10,15204.5157,ethusdt
1664,2019-09-09 16:16:14,8009.8578,ethbtc
1665,2019-09-09 16:16:15,2571.627,etcusdt
1660,2019-09-09 16:16:26,2993.7407,ltcbtc
1669,2019-09-09 16:16:31,0.4379,mcoeth
1660,2019-09-09 16:16:31,56.5866,wtceth
1665,2019-09-09 16:16:34,2746.3014,btcusdt
1670,2019-09-09 16:16:34,52.077,zrxusdt
1660,2019-09-09 16:16:36,2.0264,gntusdt
1666,2019-09-09 16:16:37,253.7945,omgusdt
1664,2019-09-09 16:16:38,5039.7443,ltcusdt
1654,2019-09-09 16:16:39,10909.6801,ethusdt
1670,2019-09-09 16:16:42,4.5582,aeeth
1665,2019-09-09 16:16:51,3747.7523,ethbtc
1666,2019-09-09 16:16:54,712.2251,etcusdt
1670,2019-09-09 16:16:56,0.7394,mcoeth
1661,2019-09-09 16:17:02,6.7163,gntusdt
1655,2019-09-09 16:17:05,16700.4947,ethusdt
1671,2019-09-09 16:17:06,2.9184,zrxusdt
1661,2019-09-09 16:17:08,3098.0336,ltcbtc
1661,2019-09-09 16:17:12,58.4912,wtceth
1666,2019-09-09 16:17:15,43469.7963,btcusdt
1667,2019-09-09 16:17:18,1893.4942,omgusdt
1671,2019-09-09 16:17:18,12.1552,aeeth
1665,2019-09-09 16:17:20,366.0378,ltcusdt
1666,2019-09-09 16:17:21,9768.4953,ethbtc
1671,2019-09-09 16:17:21,1.0941,mcoeth
1656,2019-09-09 16:17:34,11090.843,ethusdt
1662,2019-09-09 16:17:35,28.4297,gntusdt
1667,2019-09-09 16:17:35,255.2324,etcusdt
1662,2019-09-09 16:17:43,5.1401,wtceth
1662,2019-09-09 16:17:44,1245.7951,ltcbtc
1672,2019-09-09 16:17:44,137.0932,zrxusdt
1667,2019-09-09 16:17:49,7896.5386,ethbtc
1672,2019-09-09 16:17:50,5.8139,aeeth
1666,2019-09-09 16:17:50,5103.1999,ltcusdt
1668,2019-09-09 16:17:53,688.4381,omgusdt
1672,2019-09-09 16:17:55,0.2672,mcoeth
1667,2019-09-09 16:17:59,4796.4675,btcusdt
1657,2019-09-09 16:18:00,1780.7717,ethusdt
1663,2019-09-09 16:18:07,18.7175,gntusdt
1668,2019-09-09 16:18:12,3204.808,etcusdt
1668,2019-09-09 16:18:15,6724.6958,ethbtc
1663,2019-09-09 16:18:17,51.8039,wtceth
1673,2019-09-09 16:18:20,0.7195,mcoeth
1663,2019-09-09 16:18:24,1862.7946,ltcbtc
1673,2019-09-09 16:18:25,9.8194,aeeth
1673,2019-09-09 16:18:26,95.1675,zrxusdt
1669,2019-09-09 16:18:31,1691.3618,omgusdt
1667,2019-09-09 16:18:33,5592.7956,ltcusdt
1669,2019-09-09 16:18:40,231.8695,etcusdt
1668,2019-09-09 16:18:43,45012.8979,btcusdt
1658,2019-09-09 16:18:45,4566.3326,ethusdt
1669,2019-09-09 16:18:45,7455.9156,ethbtc
1664,2019-09-09 16:18:46,14.5012,gntusdt
1664,2019-09-09 16:18:48,63.0546,wtceth
1674,2019-09-09 16:19:01,0.8509,mcoeth
1674,2019-09-09 16:19:06,90.7942,zrxusdt
1674,2019-09-09 16:19:06,0.3671,aeeth
1670,2019-09-09 16:19:07,1458.4661,etcusdt
1664,2019-09-09 16:19:07,170.9947,ltcbtc
1668,2019-09-09 16:19:12,1759.8503,ltcusdt
1670,2019-09-09 16:19:14,3544.8705,omgusdt
1670,2019-09-09 16:19:18,5850.1142,ethbtc
1659,2019-09-09 16:19:26,11876.0171,ethusdt
1669,2019-09-09 16:19:27,15696.5876,btcusdt
1665,2019-09-09 16:19:28,8.5658,gntusdt
1665,2019-09-09 16:19:29,11.306,wtceth
1675,2019-09-09 16:19:34,8.5591,aeeth
1675,2019-09-09 16:19:39,162.4244,zrxusdt
1675,2019-09-09 16:19:41,0.5629,mcoeth
1669,2019-09-09 16:19:41,1681.3807,ltcusdt
1671,2019-09-09 16:19:43,3142.2018,etcusdt
1671,2019-09-09 16:19:44,1468.9385,omgusdt
1665,2019-09-09 16:19:49,3816.9605,ltcbtc
1671,2019-09-09 16:19:50,10048.7701,ethbtc
1666,2019-09-09 16:19:55,12.1316,gntusdt
1666,2019-09-09 16:19:56,63.9987,wtceth
1670,2019-09-09 16:19:57,35861.9324,btcusdt
1670,2019-09-09 16:20:06,2085.1353,ltcusdt
1660,2019-09-09 16:20:07,2006.3477,ethusdt
1676,2019-09-09 16:20:09,96.9469,zrxusdt
1676,2019-09-09 16:20:15,11.8662,aeeth
1676,2019-09-09 16:20:16,0.3208,mcoeth
1672,2019-09-09 16:20:18,3195.363,etcusdt
1672,2019-09-09 16:20:23,8057.658,ethbtc
1672,2019-09-09 16:20:25,2191.8892,omgusdt
1667,2019-09-09 16:20:29,27.9019,gntusdt
1666,2019-09-09 16:20:32,1626.0406,ltcbtc
1667,2019-09-09 16:20:33,61.4838,wtceth
1677,2019-09-09 16:20:41,75.552,zrxusdt
1671,2019-09-09 16:20:42,39745.9631,btcusdt
1661,2019-09-09 16:20:42,18639.6646,ethusdt
1671,2019-09-09 16:20:51,1651.1898,ltcusdt
1677,2019-09-09 16:20:52,7.2281,aeeth
1677,2019-09-09 16:20:53,0.4195,mcoeth
1667,2019-09-09 16:20:59,1328.2184,ltcbtc
1673,2019-09-09 16:21:01,692.9216,etcusdt
1673,2019-09-09 16:21:04,1741.5976,ethbtc
1668,2019-09-09 16:21:09,8.4892,wtceth
1673,2019-09-09 16:21:09,1407.2619,omgusdt
1668,2019-09-09 16:21:11,24.4318,gntusdt
1662,2019-09-09 16:21:13,4007.3525,ethusdt
1678,2019-09-09 16:21:16,77.5475,zrxusdt
1672,2019-09-09 16:21:18,4180.8895,ltcusdt
1672,2019-09-09 16:21:23,38428.0729,btcusdt
1668,2019-09-09 16:21:30,3013.6244,ltcbtc
1678,2019-09-09 16:21:34,0.5243,mcoeth
1678,2019-09-09 16:21:35,11.7457,aeeth
1674,2019-09-09 16:21:36,685.6135,ethbtc
1674,2019-09-09 16:21:36,1544.1368,etcusdt
1674,2019-09-09 16:21:37,1100.5671,omgusdt
1669,2019-09-09 16:21:38,5.5198,wtceth
1663,2019-09-09 16:21:47,14195.0934,ethusdt
1679,2019-09-09 16:21:48,107.0484,zrxusdt
1669,2019-09-09 16:21:53,3.6195,gntusdt
1673,2019-09-09 16:21:56,5367.0895,ltcusdt
1673,2019-09-09 16:21:57,30809.0709,btcusdt
1669,2019-09-09 16:21:58,2244.2189,ltcbtc
1675,2019-09-09 16:22:01,2935.1168,etcusdt
1679,2019-09-09 16:22:04,0.7284,aeeth
1675,2019-09-09 16:22:07,22.6093,omgusdt
1670,2019-09-09 16:22:08,46.0699,wtceth
1675,2019-09-09 16:22:08,9200.6533,ethbtc
1679,2019-09-09 16:22:13,0.9387,mcoeth
1664,2019-09-09 16:22:17,10295.25,ethusdt
1680,2019-09-09 16:22:17,42.6338,zrxusdt
1670,2019-09-09 16:22:21,16.6243,gntusdt
1674,2019-09-09 16:22:30,2852.3304,ltcusdt
1680,2019-09-09 16:22:32,11.6734,aeeth
1670,2019-09-09 16:22:32,1952.3935,ltcbtc
1676,2019-09-09 16:22:33,8708.362,ethbtc
1674,2019-09-09 16:22:36,39833.4756,btcusdt
1676,2019-09-09 16:22:43,3216.2067,omgusdt
1680,2019-09-09 16:22:43,0.8764,mcoeth
1676,2019-09-09 16:22:44,2187.0305,etcusdt
1665,2019-09-09 16:22:49,17356.0213,ethusdt
1671,2019-09-09 16:22:50,59.9025,wtceth
1681,2019-09-09 16:22:58,61.0588,zrxusdt
1671,2019-09-09 16:23:01,13.1801,gntusdt
1675,2019-09-09 16:23:01,4489.2034,ltcusdt
1675,2019-09-09 16:23:01,32405.7772,btcusdt
1677,2019-09-09 16:23:05,3185.2724,ethbtc
1671,2019-09-09 16:23:08,2048.568,ltcbtc
1677,2019-09-09 16:23:09,396.6911,omgusdt
1681,2019-09-09 16:23:11,9.4245,aeeth
1681,2019-09-09 16:23:14,0.5554,mcoeth
1677,2019-09-09 16:23:17,2774.2259,etcusdt
1672,2019-09-09 16:23:21,56.0334,wtceth
1676,2019-09-09 16:23:26,7029.7681,btcusdt
1672,2019-09-09 16:23:30,2.9295,gntusdt
1666,2019-09-09 16:23:32,6998.6131,ethusdt
1678,2019-09-09 16:23:32,2254.8593,ethbtc
1678,2019-09-09 16:23:34,661.4102,omgusdt
1676,2019-09-09 16:23:36,2053.5458,ltcusdt
1672,2019-09-09 16:23:37,2728.2949,ltcbtc
1682,2019-09-09 16:23:39,17.5682,zrxusdt
1682,2019-09-09 16:23:42,1.0015,mcoeth
1682,2019-09-09 16:23:49,12.3792,aeeth
1678,2019-09-09 16:23:55,3519.5049,etcusdt
1673,2019-09-09 16:23:56,27.6304,gntusdt
1673,2019-09-09 16:24:00,48.8022,wtceth
1677,2019-09-09 16:24:00,2736.2905,btcusdt
1679,2019-09-09 16:24:00,2983.6033,ethbtc
1677,2019-09-09 16:24:01,4476.8585,ltcusdt
1679,2019-09-09 16:24:07,562.1982,omgusdt
1683,2019-09-09 16:24:11,0.3701,mcoeth
1683,2019-09-09 16:24:12,70.9336,zrxusdt
1673,2019-09-09 16:24:12,3654.9753,ltcbtc
1667,2019-09-09 16:24:16,13702.4554,ethusdt
1683,2019-09-09 16:24:19,2.8666,aeeth
1674,2019-09-09 16:24:24,28.9922,gntusdt
1680,2019-09-09 16:24:37,3776.2861,ethbtc
1679,2019-09-09 16:24:37,2207.637,etcusdt
1678,2019-09-09 16:24:37,4671.0402,ltcusdt
1678,2019-09-09 16:24:38,29301.0256,btcusdt
1674,2019-09-09 16:24:39,20.1913,wtceth
1680,2019-09-09 16:24:40,1992.8241,omgusdt
1668,2019-09-09 16:24:41,9110.3739,ethusdt
1684,2019-09-09 16:24:44,28.2553,zrxusdt
1684,2019-09-09 16:24:48,7.5887,aeeth
1684,2019-09-09 16:24:49,0.5678,mcoeth
1675,2019-09-09 16:24:52,22.2565,gntusdt
1674,2019-09-09 16:24:53,3092.7594,ltcbtc
1679,2019-09-09 16:25:06,36944.0011,btcusdt
1680,2019-09-09 16:25:07,3445.8103,etcusdt
1679,2019-09-09 16:25:09,5752.9153,ltcusdt
1669,2019-09-09 16:25:17,14301.9698,ethusdt
1685,2019-09-09 16:25:19,10.9016,aeeth
1685,2019-09-09 16:25:19,0.6354,mcoeth
1681,2019-09-09 16:25:20,3594.3099,ethbtc
1681,2019-09-09 16:25:20,1458.3853,omgusdt
1685,2019-09-09 16:25:22,73.1244,zrxusdt
1676,2019-09-09 16:25:23,15.2658,gntusdt
1675,2019-09-09 16:25:24,51.917,wtceth
1675,2019-09-09 16:25:26,3574.1325,ltcbtc
1680,2019-09-09 16:25:42,747.8196,ltcusdt
1686,2019-09-09 16:25:45,1.0749,mcoeth
1682,2019-09-09 16:25:48,3280.0704,omgusdt
1670,2019-09-09 16:25:49,14934.0224,ethusdt
1681,2019-09-09 16:25:50,991.9109,etcusdt
1680,2019-09-09 16:25:50,14794.1828,btcusdt
1682,2019-09-09 16:25:57,10414.5991,ethbtc
1686,2019-09-09 16:25:59,10.3368,aeeth
1676,2019-09-09 16:26:01,4396.4776,ltcbtc
1686,2019-09-09 16:26:01,73.7498,zrxusdt
1677,2019-09-09 16:26:03,14.4738,gntusdt
1676,2019-09-09 16:26:08,4.234,wtceth
1671,2019-09-09 16:26:17,241.7636,ethusdt
1681,2019-09-09 16:26:19,4894.2954,ltcusdt
1687,2019-09-09 16:26:21,0.9313,mcoeth
1682,2019-09-09 16:26:23,1805.2987,etcusdt
1681,2019-09-09 16:26:25,27296.0335,btcusdt
1687,2019-09-09 16:26:26,8.8513,aeeth
1687,2019-09-09 16:26:26,6.2522,zrxusdt
1683,2019-09-09 16:26:27,2010.1505,omgusdt
1683,2019-09-09 16:26:30,3342.6269,ethbtc
1677,2019-09-09 16:26:31,5057.5408,ltcbtc
1678,2019-09-09 16:26:34,3.6134,gntusdt
1677,2019-09-09 16:26:34,4.2515,wtceth
1682,2019-09-09 16:26:52,40772.8084,btcusdt
1684,2019-09-09 16:26:57,8043.2382,ethbtc
1672,2019-09-09 16:26:57,2299.4995,ethusdt
1688,2019-09-09 16:26:57,10.1255,aeeth
1682,2019-09-09 16:26:58,2026.6453,ltcusdt
1684,2019-09-09 16:26:59,233.3405,omgusdt
1678,2019-09-09 16:27:02,4197.051,ltcbtc
1688,2019-09-09 16:27:05,0.7623,mcoeth
1683,2019-09-09 16:27:05,2670.6376,etcusdt
1678,2019-09-09 16:27:08,51.9688,wtceth
1688,2019-09-09 16:27:08,24.4255,zrxusdt
1679,2019-09-09 16:27:11,4.2126,gntusdt
1683,2019-09-09 16:27:21,36497.1729,btcusdt
1673,2019-09-09 16:27:22,10813.317,ethusdt
1685,2019-09-09 16:27:28,2878.1455,omgusdt
1689,2019-09-09 16:27:31,0.1922,mcoeth
1685,2019-09-09 16:27:32,1848.1326,ethbtc
1683,2019-09-09 16:27:32,3352.7504,ltcusdt
1679,2019-09-09 16:27:37,3324.138,ltcbtc
1689,2019-09-09 16:27:38,2.5058,aeeth
1679,2019-09-09 16:27:38,12.5282,wtceth
1689,2019-09-09 16:27:43,109.6636,zrxusdt
1680,2019-09-09 16:27:44,1.4716,gntusdt
1684,2019-09-09 16:27:50,1317.8482,etcusdt
1684,2019-09-09 16:27:51,31736.0876,btcusdt
1674,2019-09-09 16:27:55,13675.252,ethusdt
1686,2019-09-09 16:28:02,3104.4409,omgusdt
1690,2019-09-09 16:28:04,9.1322,aeeth
1680,2019-09-09 16:28:07,31.473,wtceth
1690,2019-09-09 16:28:07,0.9008,mcoeth
1684,2019-09-09 16:28:14,4977.23,ltcusdt
1680,2019-09-09 16:28:15,162.4827,ltcbtc
1686,2019-09-09 16:28:16,9156.9696,ethbtc
1681,2019-09-09 16:28:23,7.3737,gntusdt
1690,2019-09-09 16:28:27,144.0557,zrxusdt
1675,2019-09-09 16:28:29,260.462,ethusdt
1685,2019-09-09 16:28:32,37142.7368,btcusdt
1685,2019-09-09 16:28:33,3093.514,etcusdt
1687,2019-09-09 16:28:36,2246.827,omgusdt
1681,2019-09-09 16:28:45,57.5653,wtceth
1681,2019-09-09 16:28:48,3829.1754,ltcbtc
1691,2019-09-09 16:28:48,6.3816,aeeth
1687,2019-09-09 16:28:50,6579.2861,ethbtc
1691,2019-09-09 16:28:51,0.0581,mcoeth
1686,2019-09-09 16:28:58,3464.0821,etcusdt
1685,2019-09-09 16:28:58,5298.6418,ltcusdt
1682,2019-09-09 16:29:02,30.2609,gntusdt
1686,2019-09-09 16:29:03,15537.9779,btcusdt
1691,2019-09-09 16:29:06,21.5909,zrxusdt
1676,2019-09-09 16:29:07,13957.5094,ethusdt
1688,2019-09-09 16:29:12,839.8788,omgusdt
1682,2019-09-09 16:29:15,363.0441,ltcbtc
1682,2019-09-09 16:29:19,0.663,wtceth
1688,2019-09-09 16:29:25,6913.7446,ethbtc
1686,2019-09-09 16:29:25,2543.9981,ltcusdt
1692,2019-09-09 16:29:31,0.9057,mcoeth
1692,2019-09-09 16:29:32,3.7337,aeeth
1683,2019-09-09 16:29:33,4.7964,gntusdt
1677,2019-09-09 16:29:36,9836.9037,ethusdt
1687,2019-09-09 16:29:39,1495.6945,etcusdt
1687,2019-09-09 16:29:45,21588.9445,btcusdt
1689,2019-09-09 16:29:48,2754.7296,omgusdt
1692,2019-09-09 16:29:48,151.429,zrxusdt
1689,2019-09-09 16:29:52,3132.834,ethbtc
1687,2019-09-09 16:29:53,461.77,ltcusdt
1683,2019-09-09 16:29:57,33.2215,wtceth
1683,2019-09-09 16:30:00,485.9528,ltcbtc
1684,2019-09-09 16:30:05,9.9223,gntusdt
1678,2019-09-09 16:30:10,15227.9004,ethusdt
1693,2019-09-09 16:30:13,0.8413,mcoeth
1693,2019-09-09 16:30:15,37.3065,zrxusdt
1693,2019-09-09 16:30:15,4.2015,aeeth
1688,2019-09-09 16:30:18,195.3868,etcusdt
1690,2019-09-09 16:30:23,1571.0403,omgusdt
1688,2019-09-09 16:30:24,40289.0933,btcusdt
1684,2019-09-09 16:30:30,1365.894,ltcbtc
1688,2019-09-09 16:30:31,3743.6168,ltcusdt
1684,2019-09-09 16:30:35,29.6368,wtceth
1690,2019-09-09 16:30:37,8481.3185,ethbtc
1685,2019-09-09 16:30:38,18.0184,gntusdt
1694,2019-09-09 16:30:42,64.6418,zrxusdt
1694,2019-09-09 16:30:44,9.5242,aeeth
1694,2019-09-09 16:30:49,0.0087,mcoeth
1679,2019-09-09 16:30:52,14240.792,ethusdt
1689,2019-09-09 16:30:53,468.6261,etcusdt
1691,2019-09-09 16:30:56,2885.1915,omgusdt
1685,2019-09-09 16:30:59,1315.2767,ltcbtc
1689,2019-09-09 16:30:59,1160.4095,ltcusdt
1689,2019-09-09 16:31:03,8309.8056,btcusdt
1695,2019-09-09 16:31:10,126.1838,zrxusdt
1686,2019-09-09 16:31:13,20.926,gntusdt
1685,2019-09-09 16:31:15,25.5311,wtceth
1691,2019-09-09 16:31:17,6719.9114,ethbtc
1695,2019-09-09 16:31:19,0.6938,mcoeth
1692,2019-09-09 16:31:21,1525.315,omgusdt
1680,2019-09-09 16:31:23,3450.6521,ethusdt
1690,2019-09-09 16:31:24,110.2267,etcusdt
1695,2019-09-09 16:31:27,10.8599,aeeth
1690,2019-09-09 16:31:37,46807.4315,btcusdt
1696,2019-09-09 16:31:40,5.1567,zrxusdt
1686,2019-09-09 16:31:41,2666.4787,ltcbtc
1687,2019-09-09 16:31:41,23.7697,gntusdt
1690,2019-09-09 16:31:42,5128.6185,ltcusdt
1696,2019-09-09 16:31:55,0.73,mcoeth
1686,2019-09-09 16:31:56,59.7675,wtceth
1691,2019-09-09 16:31:57,1590.3231,etcusdt
1681,2019-09-09 16:31:58,3108.8309,ethusdt
1693,2019-09-09 16:31:59,1762.5637,omgusdt
1692,2019-09-09 16:32:02,1267.0366,ethbtc
1696,2019-09-09 16:32:06,10.4761,aeeth
1687,2019-09-09 16:32:07,4711.7249,ltcbtc
1691,2019-09-09 16:32:12,44299.1768,btcusdt
1697,2019-09-09 16:32:18,111.4714,zrxusdt
1688,2019-09-09 16:32:23,25.0664,gntusdt
1691,2019-09-09 16:32:26,1375.0909,ltcusdt
1687,2019-09-09 16:32:27,40.9406,wtceth
1693,2019-09-09 16:32:27,6680.1836,ethbtc
1694,2019-09-09 16:32:28,2431.6286,omgusdt
1697,2019-09-09 16:32:30,0.5341,mcoeth
1688,2019-09-09 16:32:33,527.7475,ltcbtc
1692,2019-09-09 16:32:37,38171.6543,btcusdt
1692,2019-09-09 16:32:38,2821.3973,etcusdt
1697,2019-09-09 16:32:40,11.3361,aeeth
1682,2019-09-09 16:32:42,9273.0376,ethusdt
1689,2019-09-09 16:32:51,25.8066,gntusdt
1698,2019-09-09 16:32:51,137.1715,zrxusdt
1692,2019-09-09 16:32:56,1528.2285,ltcusdt
1694,2019-09-09 16:32:58,8912.9886,ethbtc
1688,2019-09-09 16:32:58,68.9383,wtceth
1695,2019-09-09 16:33:03,2687.0199,omgusdt
1693,2019-09-09 16:33:06,21904.9167,btcusdt
1689,2019-09-09 16:33:07,4061.6286,ltcbtc
1698,2019-09-09 16:33:07,0.731,mcoeth
1698,2019-09-09 16:33:17,2.852,aeeth
1693,2019-09-09 16:33:21,3404.6372,etcusdt
1699,2019-09-09 16:33:25,107.7918,zrxusdt
1683,2019-09-09 16:33:26,13351.0754,ethusdt
1693,2019-09-09 16:33:26,1529.3049,ltcusdt
1696,2019-09-09 16:33:30,3634.592,omgusdt
1690,2019-09-09 16:33:32,13.4021,gntusdt
1689,2019-09-09 16:33:38,57.126,wtceth
1694,2019-09-09 16:33:41,12998.0151,btcusdt
1695,2019-09-09 16:33:41,5224.176,ethbtc
1690,2019-09-09 16:33:44,3189.0459,ltcbtc
1699,2019-09-09 16:33:45,5.2596,aeeth
1699,2019-09-09 16:33:47,0.448,mcoeth
1694,2019-09-09 16:33:52,152.6098,ltcusdt
1694,2019-09-09 16:33:53,2073.7055,etcusdt
1684,2019-09-09 16:33:55,8320.8337,ethusdt
1700,2019-09-09 16:34:08,92.2642,zrxusdt
1695,2019-09-09 16:34:08,5795.4095,btcusdt
1690,2019-09-09 16:34:09,17.8123,wtceth
1691,2019-09-09 16:34:10,29.0479,gntusdt
1697,2019-09-09 16:34:13,520.7671,omgusdt
1691,2019-09-09 16:34:20,4522.5271,ltcbtc
1695,2019-09-09 16:34:22,3878.6633,ltcusdt
1700,2019-09-09 16:34:22,0.411,mcoeth
1685,2019-09-09 16:34:23,211.195,ethusdt
1696,2019-09-09 16:34:25,4242.4051,ethbtc
1700,2019-09-09 16:34:29,9.038,aeeth
1695,2019-09-09 16:34:35,1861.3003,etcusdt
1701,2019-09-09 16:34:38,25.9894,zrxusdt
1696,2019-09-09 16:34:40,29681.079,btcusdt
1686,2019-09-09 16:34:48,2256.7168,ethusdt
1698,2019-09-09 16:34:48,91.7678,omgusdt
1692,2019-09-09 16:34:49,23.5991,gntusdt
1691,2019-09-09 16:34:50,53.2949,wtceth
1692,2019-09-09 16:34:51,2398.3813,ltcbtc
1697,2019-09-09 16:34:52,9852.6862,ethbtc
1696,2019-09-09 16:34:55,3461.309,ltcusdt
1701,2019-09-09 16:35:01,0.8526,mcoeth
1701,2019-09-09 16:35:02,4.9964,aeeth
1697,2019-09-09 16:35:06,32741.1109,btcusdt
1702,2019-09-09 16:35:09,42.9621,zrxusdt
1696,2019-09-09 16:35:09,1616.7385,etcusdt
1699,2019-09-09 16:35:14,546.671,omgusdt
1687,2019-09-09 16:35:20,5915.674,ethusdt
1697,2019-09-09 16:35:23,5287.1158,ltcusdt
1693,2019-09-09 16:35:24,21.482,gntusdt
1692,2019-09-09 16:35:24,33.049,wtceth
1693,2019-09-09 16:35:25,3893.6913,ltcbtc
1698,2019-09-09 16:35:29,3273.5244,ethbtc
1702,2019-09-09 16:35:31,0.3765,mcoeth
1702,2019-09-09 16:35:40,1.5376,aeeth
1700,2019-09-09 16:35:42,1354.9861,omgusdt
1703,2019-09-09 16:35:44,13.6645,zrxusdt
1698,2019-09-09 16:35:48,5314.8564,ltcusdt
1698,2019-09-09 16:35:49,32696.0795,btcusdt
1688,2019-09-09 16:35:51,9464.822,ethusdt
1697,2019-09-09 16:35:54,64.3616,etcusdt
1693,2019-09-09 16:35:55,28.9988,wtceth
1694,2019-09-09 16:35:57,4.8254,gntusdt
1699,2019-09-09 16:35:58,7166.82,ethbtc
1694,2019-09-09 16:36:00,2229.2203,ltcbtc
1703,2019-09-09 16:36:05,0.9794,mcoeth
1701,2019-09-09 16:36:09,3178.9444,omgusdt
1699,2019-09-09 16:36:15,30394.2944,btcusdt
1699,2019-09-09 16:36:17,1543.1898,ltcusdt
1703,2019-09-09 16:36:22,5.9042,aeeth
1704,2019-09-09 16:36:24,56.0131,zrxusdt
1698,2019-09-09 16:36:25,2252.6409,etcusdt
1695,2019-09-09 16:36:28,29.8455,gntusdt
1695,2019-09-09 16:36:30,2257.882,ltcbtc
1694,2019-09-09 16:36:34,51.0637,wtceth
1702,2019-09-09 16:36:36,3637.4151,omgusdt
1689,2019-09-09 16:36:36,17052.1271,ethusdt
1704,2019-09-09 16:36:37,1.0371,mcoeth
1700,2019-09-09 16:36:42,8356.125,ethbtc
1705,2019-09-09 16:36:50,81.195,zrxusdt
1700,2019-09-09 16:36:54,3771.1212,ltcusdt
1704,2019-09-09 16:36:58,4.5266,aeeth
1696,2019-09-09 16:37:00,2324.4849,ltcbtc
1700,2019-09-09 16:37:00,24629.1953,btcusdt
1705,2019-09-09 16:37:05,0.49,mcoeth
1696,2019-09-09 16:37:05,5.5508,gntusdt
1699,2019-09-09 16:37:05,1679.9718,etcusdt
1695,2019-09-09 16:37:08,6.3295,wtceth
1703,2019-09-09 16:37:10,579.7199,omgusdt
1701,2019-09-09 16:37:16,874.8322,ethbtc
1690,2019-09-09 16:37:17,13212.5297,ethusdt
1705,2019-09-09 16:37:26,9.1787,aeeth
1701,2019-09-09 16:37:29,9397.5717,btcusdt
1700,2019-09-09 16:37:34,611.0875,etcusdt
1704,2019-09-09 16:37:35,2503.3682,omgusdt
1706,2019-09-09 16:37:35,33.9639,zrxusdt
1701,2019-09-09 16:37:37,4435.193,ltcusdt
1697,2019-09-09 16:37:39,3561.7928,ltcbtc
1696,2019-09-09 16:37:47,34.9914,wtceth
1697,2019-09-09 16:37:48,2.3904,gntusdt
1706,2019-09-09 16:37:48,0.9256,mcoeth
1691,2019-09-09 16:37:49,2588.25,ethusdt
1702,2019-09-09 16:37:52,7258.1963,ethbtc
1702,2019-09-09 16:37:58,23028.9078,btcusdt
1706,2019-09-09 16:38:00,5.4038,aeeth
1707,2019-09-09 16:38:02,159.5203,zrxusdt
1702,2019-09-09 16:38:12,1924.6963,ltcusdt
1697,2019-09-09 16:38:13,60.6771,wtceth
1701,2019-09-09 16:38:16,1304.6646,etcusdt
1705,2019-09-09 16:38:19,1710.9251,omgusdt
1698,2019-09-09 16:38:19,5045.0452,ltcbtc
1707,2019-09-09 16:38:21,0.6783,mcoeth
1698,2019-09-09 16:38:22,25.7868,gntusdt
1703,2019-09-09 16:38:31,9490.8995,btcusdt
1692,2019-09-09 16:38:31,15916.8264,ethusdt
1703,2019-09-09 16:38:35,10678.2668,ethbtc
1707,2019-09-09 16:38:39,3.3984,aeeth
1698,2019-09-09 16:38:40,24.0472,wtceth
1708,2019-09-09 16:38:42,152.302,zrxusdt
1703,2019-09-09 16:38:47,1575.383,ltcusdt
1706,2019-09-09 16:38:50,2515.6356,omgusdt
1702,2019-09-09 16:38:53,3428.4766,etcusdt
1708,2019-09-09 16:39:00,0.4223,mcoeth
1699,2019-09-09 16:39:02,2954.3408,ltcbtc
1693,2019-09-09 16:39:04,14510.3868,ethusdt
1699,2019-09-09 16:39:07,19.5296,gntusdt
1704,2019-09-09 16:39:10,6031.9604,btcusdt
1708,2019-09-09 16:39:11,7.1784,aeeth
1699,2019-09-09 16:39:12,5.9875,wtceth
1704,2019-09-09 16:39:13,1671.3644,ltcusdt
1707,2019-09-09 16:39:15,3035.1284,omgusdt
1704,2019-09-09 16:39:16,9272.9422,ethbtc
1703,2019-09-09 16:39:20,463.0842,etcusdt
1709,2019-09-09 16:39:22,165.7199,zrxusdt
1694,2019-09-09 16:39:30,5071.7152,ethusdt
1709,2019-09-09 16:39:31,1.0316,mcoeth
1700,2019-09-09 16:39:35,2669.9487,ltcbtc
1704,2019-09-09 16:39:46,1321.5212,etcusdt
1705,2019-09-09 16:39:46,8380.7993,ethbtc
1700,2019-09-09 16:39:48,3.7858,wtceth
1700,2019-09-09 16:39:48,29.5255,gntusdt
1705,2019-09-09 16:39:50,22873.4936,btcusdt
1705,2019-09-09 16:39:51,4824.8582,ltcusdt
1709,2019-09-09 16:39:52,7.5227,aeeth
1708,2019-09-09 16:39:53,999.8985,omgusdt
1710,2019-09-09 16:40:00,0.4856,mcoeth
1695,2019-09-09 16:40:04,2154.5045,ethusdt
1710,2019-09-09 16:40:06,58.3708,zrxusdt
1701,2019-09-09 16:40:11,2489.5173,ltcbtc
1701,2019-09-09 16:40:17,59.2764,wtceth
1706,2019-09-09 16:40:17,7562.1341,btcusdt
1705,2019-09-09 16:40:18,1350.3612,etcusdt
1710,2019-09-09 16:40:19,5.7871,aeeth
1706,2019-09-09 16:40:20,853.6674,ethbtc
1701,2019-09-09 16:40:24,0.1998,gntusdt
1709,2019-09-09 16:40:33,90.412,omgusdt
1706,2019-09-09 16:40:34,2077.8549,ltcusdt
1711,2019-09-09 16:40:40,0.4228,mcoeth
1696,2019-09-09 16:40:42,1618.9532,ethusdt
1702,2019-09-09 16:40:46,69.2009,wtceth
1711,2019-09-09 16:40:47,82.079,zrxusdt
1706,2019-09-09 16:40:48,1427.0928,etcusdt
1707,2019-09-09 16:40:53,1922.9388,ethbtc
1702,2019-09-09 16:40:55,3722.3357,ltcbtc
1711,2019-09-09 16:40:55,7.3843,aeeth
1707,2019-09-09 16:40:58,48947.0694,btcusdt
1710,2019-09-09 16:41:00,3065.7631,omgusdt
1702,2019-09-09 16:41:00,21.4582,gntusdt
1707,2019-09-09 16:41:07,1067.4361,ltcusdt
1712,2019-09-09 16:41:16,0.5066,mcoeth
1703,2019-09-09 16:41:20,6.713,wtceth
1697,2019-09-09 16:41:21,16699.7225,ethusdt
1712,2019-09-09 16:41:21,158.6705,zrxusdt
1708,2019-09-09 16:41:23,5008.7946,ethbtc
1703,2019-09-09 16:41:24,4243.7613,ltcbtc
1712,2019-09-09 16:41:28,4.8644,aeeth
1707,2019-09-09 16:41:29,1898.7778,etcusdt
1711,2019-09-09 16:41:32,3322.1038,omgusdt
1708,2019-09-09 16:41:33,26310.8671,btcusdt
1703,2019-09-09 16:41:45,18.4617,gntusdt
1708,2019-09-09 16:41:46,1878.4003,ltcusdt
1713,2019-09-09 16:41:47,0.7944,mcoeth
1704,2019-09-09 16:41:50,1180.1085,ltcbtc
1709,2019-09-09 16:41:54,135.6914,ethbtc
1704,2019-09-09 16:41:54,62.955,wtceth
1708,2019-09-09 16:41:54,2416.3107,etcusdt
1709,2019-09-09 16:41:58,16778.8583,btcusdt
1698,2019-09-09 16:42:00,6478.563,ethusdt
1713,2019-09-09 16:42:01,80.1903,zrxusdt
1712,2019-09-09 16:42:07,1893.2531,omgusdt
1713,2019-09-09 16:42:12,9.6181,aeeth
1709,2019-09-09 16:42:21,3563.6538,etcusdt
1704,2019-09-09 16:42:24,25.6313,gntusdt
1710,2019-09-09 16:42:24,7328.1383,ethbtc
1699,2019-09-09 16:42:25,6016.2384,ethusdt
1710,2019-09-09 16:42:26,12286.0033,btcusdt
1714,2019-09-09 16:42:29,0.0583,mcoeth
1709,2019-09-09 16:42:30,3572.0008,ltcusdt
1705,2019-09-09 16:42:35,1402.3487,ltcbtc
1705,2019-09-09 16:42:38,23.9616,wtceth
1714,2019-09-09 16:42:42,29.6933,zrxusdt
1713,2019-09-09 16:42:46,1505.6967,omgusdt
1714,2019-09-09 16:42:53,3.2659,aeeth
1711,2019-09-09 16:43:00,45824.9697,btcusdt
1710,2019-09-09 16:43:00,3321.2803,ltcusdt
1710,2019-09-09 16:43:02,1151.6134,etcusdt
1700,2019-09-09 16:43:05,2132.8508,ethusdt
1705,2019-09-09 16:43:05,17.9932,gntusdt
1711,2019-09-09 16:43:07,6202.9195,ethbtc
1715,2019-09-09 16:43:11,0.9254,mcoeth
1715,2019-09-09 16:43:12,65.598,zrxusdt
1706,2019-09-09 16:43:16,30.3265,wtceth
1714,2019-09-09 16:43:19,1176.0859,omgusdt
1706,2019-09-09 16:43:19,3524.0462,ltcbtc
1715,2019-09-09 16:43:21,6.1315,aeeth
1711,2019-09-09 16:43:27,2810.9873,ltcusdt
1712,2019-09-09 16:43:35,4122.1525,btcusdt
1701,2019-09-09 16:43:38,8254.438,ethusdt
1716,2019-09-09 16:43:40,0.606,mcoeth
1707,2019-09-09 16:43:41,5.7795,wtceth
1712,2019-09-09 16:43:44,9274.7874,ethbtc
1711,2019-09-09 16:43:44,1206.7629,etcusdt
1716,2019-09-09 16:43:46,7.7435,aeeth
1706,2019-09-09 16:43:49,26.0156,gntusdt
1707,2019-09-09 16:43:57,869.6382,ltcbtc
1716,2019-09-09 16:43:57,71.3854,zrxusdt
1715,2019-09-09 16:44:00,1629.3483,omgusdt
1708,2019-09-09 16:44:10,4.1894,wtceth
1712,2019-09-09 16:44:10,2997.3009,ltcusdt
1702,2019-09-09 16:44:11,8647.9789,ethusdt
1717,2019-09-09 16:44:13,3.7952,aeeth
1707,2019-09-09 16:44:16,25.4849,gntusdt
1717,2019-09-09 16:44:18,0.0029,mcoeth
1713,2019-09-09 16:44:20,40884.2511,btcusdt
1712,2019-09-09 16:44:23,2451.7464,etcusdt
1713,2019-09-09 16:44:25,4814.8424,ethbtc
1717,2019-09-09 16:44:30,93.1893,zrxusdt
1703,2019-09-09 16:44:36,9280.2813,ethusdt
1708,2019-09-09 16:44:36,2702.4056,ltcbtc
1709,2019-09-09 16:44:37,53.7117,wtceth
1716,2019-09-09 16:44:41,2458.1079,omgusdt
1718,2019-09-09 16:44:47,0.4383,aeeth
1713,2019-09-09 16:44:49,2236.7872,ltcusdt
1718,2019-09-09 16:44:52,0.2217,mcoeth
1713,2019-09-09 16:44:53,3012.7747,etcusdt
1714,2019-09-09 16:44:56,5966.9066,btcusdt
1708,2019-09-09 16:44:56,4.7632,gntusdt
1714,2019-09-09 16:44:57,489.5707,ethbtc
1709,2019-09-09 16:45:03,635.3164,ltcbtc
1710,2019-09-09 16:45:05,30.1942,wtceth
1718,2019-09-09 16:45:06,159.8419,zrxusdt
1704,2019-09-09 16:45:07,18503.3038,ethusdt
1719,2019-09-09 16:45:24,0.7507,mcoeth
1717,2019-09-09 16:45:24,2315.2342,omgusdt
1715,2019-09-09 16:45:24,10748.7627,ethbtc
1719,2019-09-09 16:45:24,2.8066,aeeth
1714,2019-09-09 16:45:32,2866.6513,ltcusdt
1715,2019-09-09 16:45:33,14903.0869,btcusdt
1714,2019-09-09 16:45:34,788.6851,etcusdt
1709,2019-09-09 16:45:39,11.9751,gntusdt
1711,2019-09-09 16:45:42,58.2758,wtceth
1710,2019-09-09 16:45:47,2809.8256,ltcbtc
1719,2019-09-09 16:45:48,73.5373,zrxusdt
1720,2019-09-09 16:45:51,0.0572,mcoeth
1705,2019-09-09 16:45:52,11614.5484,ethusdt
1716,2019-09-09 16:45:59,22454.7226,btcusdt
1720,2019-09-09 16:46:01,6.3687,aeeth
1718,2019-09-09 16:46:02,1148.3774,omgusdt
1715,2019-09-09 16:46:03,2807.5424,etcusdt
1716,2019-09-09 16:46:04,5968.5326,ethbtc
1715,2019-09-09 16:46:08,2407.3928,ltcusdt
1720,2019-09-09 16:46:20,114.6921,zrxusdt
1706,2019-09-09 16:46:21,5082.8057,ethusdt
1711,2019-09-09 16:46:24,4090.1223,ltcbtc
1710,2019-09-09 16:46:24,21.6354,gntusdt
1712,2019-09-09 16:46:27,46.1353,wtceth
1721,2019-09-09 16:46:28,0.6076,mcoeth
1717,2019-09-09 16:46:29,15546.5211,btcusdt
1717,2019-09-09 16:46:31,639.1505,ethbtc
1716,2019-09-09 16:46:35,918.1535,ltcusdt
1716,2019-09-09 16:46:37,1722.7502,etcusdt
1721,2019-09-09 16:46:43,3.481,aeeth
1707,2019-09-09 16:46:46,15491.8588,ethusdt
1719,2019-09-09 16:46:47,3154.7622,omgusdt
1712,2019-09-09 16:46:50,1996.2627,ltcbtc
1711,2019-09-09 16:46:50,7.1227,gntusdt
1722,2019-09-09 16:46:55,0.8368,mcoeth
1717,2019-09-09 16:47:00,5438.5574,ltcusdt
1721,2019-09-09 16:47:04,84.0154,zrxusdt
1713,2019-09-09 16:47:05,47.39,wtceth
1718,2019-09-09 16:47:07,41651.9349,btcusdt
1722,2019-09-09 16:47:08,8.6714,aeeth
1718,2019-09-09 16:47:10,9952.6451,ethbtc
1712,2019-09-09 16:47:19,10.4829,gntusdt
1717,2019-09-09 16:47:19,14.157,etcusdt
1713,2019-09-09 16:47:23,1854.206,ltcbtc
1718,2019-09-09 16:47:28,1462.6334,ltcusdt
1723,2019-09-09 16:47:29,0.3054,mcoeth
1720,2019-09-09 16:47:29,2932.612,omgusdt
1708,2019-09-09 16:47:30,9203.4416,ethusdt
1719,2019-09-09 16:47:38,27326.0251,btcusdt
1722,2019-09-09 16:47:39,4.8282,zrxusdt
1714,2019-09-09 16:47:43,4.4791,wtceth
1719,2019-09-09 16:47:47,10505.3468,ethbtc
1723,2019-09-09 16:47:48,6.6639,aeeth
1721,2019-09-09 16:47:54,2094.5013,omgusdt
1713,2019-09-09 16:47:56,19.7356,gntusdt
1719,2019-09-09 16:47:56,2188.4521,ltcusdt
1718,2019-09-09 16:48:01,2846.7211,etcusdt
1714,2019-09-09 16:48:07,704.3176,ltcbtc
1724,2019-09-09 16:48:09,0.7526,mcoeth
1720,2019-09-09 16:48:14,41511.3146,btcusdt
1709,2019-09-09 16:48:15,5610.7619,ethusdt
1720,2019-09-09 16:48:23,6414.1664,ethbtc
1723,2019-09-09 16:48:23,101.2509,zrxusdt
1715,2019-09-09 16:48:26,0.774,wtceth
1724,2019-09-09 16:48:27,0.1638,aeeth
1719,2019-09-09 16:48:28,3351.3339,etcusdt
1720,2019-09-09 16:48:35,2431.2554,ltcusdt
1722,2019-09-09 16:48:36,181.5477,omgusdt
1715,2019-09-09 16:48:38,116.9078,ltcbtc
1710,2019-09-09 16:48:40,20110.2394,ethusdt
1714,2019-09-09 16:48:41,15.554,gntusdt
1725,2019-09-09 16:48:43,0.2484,mcoeth
1716,2019-09-09 16:48:52,7.905,wtceth
1721,2019-09-09 16:48:53,5574.6023,ethbtc
1721,2019-09-09 16:48:53,9861.3602,btcusdt
1725,2019-09-09 16:48:57,1.3906,aeeth
1724,2019-09-09 16:49:00,56.0534,zrxusdt
1723,2019-09-09 16:49:05,102.4977,omgusdt
1711,2019-09-09 16:49:06,12231.8794,ethusdt
1720,2019-09-09 16:49:12,2157.8997,etcusdt
1726,2019-09-09 16:49:14,0.093,mcoeth
1721,2019-09-09 16:49:15,2842.2862,ltcusdt
1722,2019-09-09 16:49:18,6162.4496,ethbtc
1716,2019-09-09 16:49:19,1042.8134,ltcbtc
1717,2019-09-09 16:49:23,27.4299,wtceth
1715,2019-09-09 16:49:24,6.3317,gntusdt
1726,2019-09-09 16:49:28,8.4342,aeeth
1725,2019-09-09 16:49:29,42.1733,zrxusdt
1722,2019-09-09 16:49:32,30133.4957,btcusdt
1722,2019-09-09 16:49:41,5183.5533,ltcusdt
1724,2019-09-09 16:49:45,149.4898,omgusdt
1727,2019-09-09 16:49:48,0.819,mcoeth
1712,2019-09-09 16:49:49,12628.3485,ethusdt
1723,2019-09-09 16:49:50,11183.8306,ethbtc
1718,2019-09-09 16:49:53,11.7773,wtceth
1721,2019-09-09 16:49:53,3530.5243,etcusdt
1717,2019-09-09 16:49:56,489.6701,ltcbtc
1726,2019-09-09 16:49:58,89.1263,zrxusdt
1727,2019-09-09 16:50:04,5.6838,aeeth
1716,2019-09-09 16:50:06,19.3575,gntusdt
1723,2019-09-09 16:50:07,12405.8158,btcusdt
1723,2019-09-09 16:50:16,2895.7866,ltcusdt
1725,2019-09-09 16:50:21,2476.4745,omgusdt
1728,2019-09-09 16:50:24,0.9559,mcoeth
1724,2019-09-09 16:50:25,6793.4779,ethbtc
1718,2019-09-09 16:50:25,1772.1625,ltcbtc
1727,2019-09-09 16:50:26,39.2836,zrxusdt
1719,2019-09-09 16:50:31,50.8817,wtceth
1724,2019-09-09 16:50:34,8772.778,btcusdt
1713,2019-09-09 16:50:34,5175.2945,ethusdt
1722,2019-09-09 16:50:37,3589.0131,etcusdt
1717,2019-09-09 16:50:44,18.4797,gntusdt
1724,2019-09-09 16:50:45,856.2597,ltcusdt
1728,2019-09-09 16:50:49,4.3229,aeeth
1725,2019-09-09 16:50:51,7939.688,ethbtc
1719,2019-09-09 16:50:52,348.8727,ltcbtc
1726,2019-09-09 16:50:57,1636.0805,omgusdt
1725,2019-09-09 16:51:03,21320.5489,btcusdt
1728,2019-09-09 16:51:07,17.0787,zrxusdt
1729,2019-09-09 16:51:08,0.3331,mcoeth
1723,2019-09-09 16:51:12,1937.0996,etcusdt
1718,2019-09-09 16:51:15,1.1353,gntusdt
1720,2019-09-09 16:51:16,19.9373,wtceth
1714,2019-09-09 16:51:17,8219.6129,ethusdt
1729,2019-09-09 16:51:19,12.5084,aeeth
1725,2019-09-09 16:51:21,914.1285,ltcusdt
1726,2019-09-09 16:51:22,7116.8387,ethbtc
1720,2019-09-09 16:51:25,1300.6153,ltcbtc
1726,2019-09-09 16:51:30,36959.1698,btcusdt
1730,2019-09-09 16:51:33,0.5712,mcoeth
1727,2019-09-09 16:51:33,195.4032,omgusdt
1724,2019-09-09 16:51:40,2527.8843,etcusdt
1729,2019-09-09 16:51:41,21.3051,zrxusdt
1721,2019-09-09 16:51:47,23.5885,wtceth
1719,2019-09-09 16:51:51,14.4707,gntusdt
1726,2019-09-09 16:51:52,3082.685,ltcusdt
1715,2019-09-09 16:51:56,3980.5255,ethusdt
1721,2019-09-09 16:51:57,3169.4011,ltcbtc
1730,2019-09-09 16:51:59,11.6934,aeeth
1727,2019-09-09 16:51:59,44927.6375,btcusdt
1728,2019-09-09 16:52:03,3601.3466,omgusdt
1727,2019-09-09 16:52:03,5861.3626,ethbtc
1725,2019-09-09 16:52:06,311.9113,etcusdt
1722,2019-09-09 16:52:14,21.7536,wtceth
1731,2019-09-09 16:52:15,0.6898,mcoeth
1720,2019-09-09 16:52:16,7.6882,gntusdt
1730,2019-09-09 16:52:20,31.9387,zrxusdt
1727,2019-09-09 16:52:26,1125.152,ltcusdt
1728,2019-09-09 16:52:29,40316.3579,btcusdt
1728,2019-09-09 16:52:31,6147.9234,ethbtc
1731,2019-09-09 16:52:33,2.1568,aeeth
1726,2019-09-09 16:52:38,2792.8909,etcusdt
1716,2019-09-09 16:52:39,964.236,ethusdt
1722,2019-09-09 16:52:42,927.1777,ltcbtc
1729,2019-09-09 16:52:45,294.2198,omgusdt
1723,2019-09-09 16:52:46,0.3959,wtceth
1721,2019-09-09 16:52:47,6.1577,gntusdt
1732,2019-09-09 16:52:57,0.4732,mcoeth
1731,2019-09-09 16:53:03,17.3967,zrxusdt
1717,2019-09-09 16:53:04,4708.2538,ethusdt
1729,2019-09-09 16:53:05,9979.6829,ethbtc
1729,2019-09-09 16:53:05,10091.3493,btcusdt
1728,2019-09-09 16:53:10,1654.2,ltcusdt
1727,2019-09-09 16:53:12,2407.4305,etcusdt
1732,2019-09-09 16:53:13,3.6625,aeeth
1724,2019-09-09 16:53:14,21.1861,wtceth
1723,2019-09-09 16:53:18,1080.5488,ltcbtc
1730,2019-09-09 16:53:24,2701.6106,omgusdt
1722,2019-09-09 16:53:29,6.647,gntusdt
1730,2019-09-09 16:53:34,11447.5273,ethbtc
1730,2019-09-09 16:53:34,32684.1077,btcusdt
1733,2019-09-09 16:53:36,0.7844,mcoeth
1732,2019-09-09 16:53:41,111.7898,zrxusdt
1728,2019-09-09 16:53:48,3405.2958,etcusdt
1718,2019-09-09 16:53:48,11698.951,ethusdt
1725,2019-09-09 16:53:49,45.4926,wtceth
1724,2019-09-09 16:53:50,5037.7476,ltcbtc
1729,2019-09-09 16:53:53,598.4089,ltcusdt
1733,2019-09-09 16:53:56,0.6167,aeeth
1731,2019-09-09 16:54:01,2961.1967,omgusdt
1734,2019-09-09 16:54:05,0.8627,mcoeth
1723,2019-09-09 16:54:11,24.468,gntusdt
1731,2019-09-09 16:54:12,46484.797,btcusdt
1731,2019-09-09 16:54:14,1139.3192,ethbtc
1719,2019-09-09 16:54:20,10798.2705,ethusdt
1733,2019-09-09 16:54:24,159.6232,zrxusdt
1729,2019-09-09 16:54:30,1556.0653,etcusdt
1726,2019-09-09 16:54:30,4.2713,wtceth
1734,2019-09-09 16:54:32,8.7805,aeeth
1725,2019-09-09 16:54:34,384.5294,ltcbtc
1730,2019-09-09 16:54:34,2681.8669,ltcusdt
1735,2019-09-09 16:54:37,0.4657,mcoeth
1732,2019-09-09 16:54:38,42108.8116,btcusdt
1732,2019-09-09 16:54:38,1572.183,omgusdt
1732,2019-09-09 16:54:40,299.7615,ethbtc
1724,2019-09-09 16:54:43,9.7751,gntusdt
1730,2019-09-09 16:54:55,252.4892,etcusdt
1734,2019-09-09 16:54:57,3.8995,zrxusdt
1720,2019-09-09 16:54:58,1280.828,ethusdt
1733,2019-09-09 16:55:03,1247.1902,omgusdt
1733,2019-09-09 16:55:06,3080.6242,ethbtc
1733,2019-09-09 16:55:08,27804.618,btcusdt
1726,2019-09-09 16:55:08,1909.7225,ltcbtc
1727,2019-09-09 16:55:10,11.5705,wtceth
1731,2019-09-09 16:55:14,4093.5144,ltcusdt
1735,2019-09-09 16:55:17,1.2995,aeeth
1736,2019-09-09 16:55:18,1.0834,mcoeth
1725,2019-09-09 16:55:22,11.2872,gntusdt
1735,2019-09-09 16:55:27,47.4782,zrxusdt
1721,2019-09-09 16:55:30,4849.8352,ethusdt
1734,2019-09-09 16:55:31,5583.8547,ethbtc
1731,2019-09-09 16:55:36,481.5686,etcusdt
1734,2019-09-09 16:55:37,27134.7381,btcusdt
1734,2019-09-09 16:55:41,3517.6776,omgusdt
1728,2019-09-09 16:55:51,6.1624,wtceth
1732,2019-09-09 16:55:52,2291.9384,ltcusdt
1727,2019-09-09 16:55:52,70.5445,ltcbtc
1737,2019-09-09 16:55:54,0.6547,mcoeth
1722,2019-09-09 16:55:58,501.9903,ethusdt
1736,2019-09-09 16:56:02,7.1582,aeeth
1726,2019-09-09 16:56:06,25.0723,gntusdt
1736,2019-09-09 16:56:08,37.6826,zrxusdt
1735,2019-09-09 16:56:09,7700.9167,ethbtc
1735,2019-09-09 16:56:16,2393.9092,omgusdt
1728,2019-09-09 16:56:17,743.3975,ltcbtc
1729,2019-09-09 16:56:18,50.3617,wtceth
1732,2019-09-09 16:56:18,2380.6352,etcusdt
1735,2019-09-09 16:56:18,38003.1163,btcusdt
1733,2019-09-09 16:56:23,4069.3849,ltcusdt
1736,2019-09-09 16:56:37,4548.7773,ethbtc
1738,2019-09-09 16:56:37,0.4535,mcoeth
1723,2019-09-09 16:56:42,2031.6713,ethusdt
1733,2019-09-09 16:56:45,740.0061,etcusdt
1737,2019-09-09 16:56:46,4.4074,aeeth
1727,2019-09-09 16:56:46,25.794,gntusdt
1737,2019-09-09 16:56:48,155.9254,zrxusdt
1730,2019-09-09 16:56:52,14.8691,wtceth
1736,2019-09-09 16:56:53,45470.3894,btcusdt
1729,2019-09-09 16:56:54,1866.264,ltcbtc
1736,2019-09-09 16:57:00,1561.5719,omgusdt
1737,2019-09-09 16:57:05,5497.3057,ethbtc
1734,2019-09-09 16:57:06,5256.8181,ltcusdt
1739,2019-09-09 16:57:14,0.4341,mcoeth
1738,2019-09-09 16:57:15,3.0827,aeeth
1724,2019-09-09 16:57:16,12603.8113,ethusdt
1731,2019-09-09 16:57:19,21.4529,wtceth
1734,2019-09-09 16:57:19,2936.2449,etcusdt
1737,2019-09-09 16:57:26,28464.0574,btcusdt
1728,2019-09-09 16:57:29,6.283,gntusdt
1738,2019-09-09 16:57:32,8.2191,zrxusdt
1735,2019-09-09 16:57:35,5325.3146,ltcusdt
1730,2019-09-09 16:57:35,3998.7261,ltcbtc
1737,2019-09-09 16:57:43,3683.9066,omgusdt
1738,2019-09-09 16:57:49,3990.0049,ethbtc
1740,2019-09-09 16:57:50,0.532,mcoeth
1739,2019-09-09 16:57:53,10.8,aeeth
1725,2019-09-09 16:57:54,9157.4223,ethusdt
1735,2019-09-09 16:57:58,2972.0837,etcusdt
1738,2019-09-09 16:57:59,33529.4706,btcusdt
1732,2019-09-09 16:58:02,13.439,wtceth
1739,2019-09-09 16:58:02,164.732,zrxusdt
1729,2019-09-09 16:58:05,9.2008,gntusdt
1731,2019-09-09 16:58:12,282.6767,ltcbtc
1738,2019-09-09 16:58:13,758.84,omgusdt
1736,2019-09-09 16:58:19,436.8064,ltcusdt
1741,2019-09-09 16:58:23,0.7702,mcoeth
1726,2019-09-09 16:58:25,5774.4529,ethusdt
1740,2019-09-09 16:58:30,2.1941,aeeth
1730,2019-09-09 16:58:31,29.2518,gntusdt
1736,2019-09-09 16:58:33,2633.6232,etcusdt
1739,2019-09-09 16:58:34,6335.4187,ethbtc
1733,2019-09-09 16:58:36,66.9898,wtceth
1732,2019-09-09 16:58:38,4214.1968,ltcbtc
1739,2019-09-09 16:58:42,3919.8047,btcusdt
1740,2019-09-09 16:58:43,95.998,zrxusdt
1737,2019-09-09 16:58:48,1765.7294,ltcusdt
1739,2019-09-09 16:58:49,1548.0748,omgusdt
1742,2019-09-09 16:59:03,1.0535,mcoeth
1727,2019-09-09 16:59:05,12205.4984,ethusdt
1737,2019-09-09 16:59:09,664.1598,etcusdt
1731,2019-09-09 16:59:09,20.3075,gntusdt
1733,2019-09-09 16:59:11,3005.652,ltcbtc
1734,2019-09-09 16:59:12,10.8673,wtceth
1741,2019-09-09 16:59:14,6.3518,aeeth
1740,2019-09-09 16:59:16,11479.195,ethbtc
1740,2019-09-09 16:59:17,41357.7429,btcusdt
1740,2019-09-09 16:59:21,1756.8872,omgusdt
1738,2019-09-09 16:59:23,3824.934,ltcusdt
1741,2019-09-09 16:59:26,71.563,zrxusdt
1743,2019-09-09 16:59:28,0.7851,mcoeth
1728,2019-09-09 16:59:30,2730.672,ethusdt
1735,2019-09-09 16:59:38,8.7256,wtceth
1732,2019-09-09 16:59:42,7.6792,gntusdt
1742,2019-09-09 16:59:43,7.4633,aeeth
1734,2019-09-09 16:59:45,903.3939,ltcbtc
1741,2019-09-09 16:59:48,1381.0191,omgusdt
1741,2019-09-09 16:59:51,1811.7337,ethbtc
1739,2019-09-09 16:59:51,3148.5464,ltcusdt
1738,2019-09-09 16:59:54,3419.9433,etcusdt
1741,2019-09-09 16:59:57,37837.3334,btcusdt
1742,2019-09-09 17:00:25,182.7526,zrxusdt
1742,2019-09-09 17:00:28,30167.2531,btcusdt
1736,2019-09-09 17:00:31,24.4125,wtceth
1729,2019-09-09 17:00:31,9636.5261,ethusdt
1742,2019-09-09 17:00:32,6635.5042,ethbtc
1740,2019-09-09 17:00:35,2997.8824,ltcusdt
1743,2019-09-09 17:00:35,9.5772,aeeth
1735,2019-09-09 17:00:37,1537.8807,ltcbtc
1744,2019-09-09 17:00:39,0.6497,mcoeth
1733,2019-09-09 17:00:42,18.017,gntusdt
1742,2019-09-09 17:00:43,1998.4568,omgusdt
1739,2019-09-09 17:00:44,1158.0379,etcusdt
1737,2019-09-09 17:00:58,1.2097,wtceth
1743,2019-09-09 17:01:02,45.4227,zrxusdt
1743,2019-09-09 17:01:04,34209.7149,btcusdt
1741,2019-09-09 17:01:06,223.4911,ltcusdt
1745,2019-09-09 17:01:07,0.6579,mcoeth
1743,2019-09-09 17:01:08,12743.1741,ethbtc
1740,2019-09-09 17:01:09,2428.4295,etcusdt
1743,2019-09-09 17:01:12,2939.5549,omgusdt
1730,2019-09-09 17:01:13,4099.1807,ethusdt
1736,2019-09-09 17:01:19,2412.0188,ltcbtc
1744,2019-09-09 17:01:19,9.073,aeeth
1734,2019-09-09 17:01:20,11.1144,gntusdt
1738,2019-09-09 17:01:25,29.0528,wtceth
1742,2019-09-09 17:01:32,838.2337,ltcusdt
1746,2019-09-09 17:01:34,0.1978,mcoeth
1744,2019-09-09 17:01:40,32989.9355,btcusdt
1744,2019-09-09 17:01:41,186.2086,zrxusdt
1741,2019-09-09 17:01:42,2794.2591,etcusdt
1744,2019-09-09 17:01:45,1176.9985,omgusdt
1737,2019-09-09 17:01:47,3439.6164,ltcbtc
1744,2019-09-09 17:01:48,4543.759,ethbtc
1745,2019-09-09 17:01:50,6.2672,aeeth
1731,2019-09-09 17:01:53,5218.4964,ethusdt
1735,2019-09-09 17:02:02,25.296,gntusdt
1739,2019-09-09 17:02:02,39.4439,wtceth
1747,2019-09-09 17:02:06,0.4176,mcoeth
1745,2019-09-09 17:02:08,14.3641,zrxusdt
1745,2019-09-09 17:02:13,2185.9036,ethbtc
1743,2019-09-09 17:02:17,1578.0553,ltcusdt
1742,2019-09-09 17:02:18,610.8531,etcusdt
1745,2019-09-09 17:02:19,2054.854,omgusdt
1738,2019-09-09 17:02:19,4006.9888,ltcbtc
1745,2019-09-09 17:02:21,10803.3121,btcusdt
1732,2019-09-09 17:02:30,14191.4355,ethusdt
1746,2019-09-09 17:02:35,0.0211,aeeth
1740,2019-09-09 17:02:36,19.3024,wtceth
1736,2019-09-09 17:02:40,1.2246,gntusdt
1744,2019-09-09 17:02:43,1278.733,ltcusdt
1748,2019-09-09 17:02:44,0.7881,mcoeth
1743,2019-09-09 17:02:45,1171.7307,etcusdt
1746,2019-09-09 17:02:46,26738.1544,btcusdt
1746,2019-09-09 17:02:48,11240.7381,ethbtc
1746,2019-09-09 17:02:50,131.2735,zrxusdt
1739,2019-09-09 17:02:54,2405.004,ltcbtc
1746,2019-09-09 17:03:00,1962.5458,omgusdt
1749,2019-09-09 17:03:13,0.6055,mcoeth
1741,2019-09-09 17:03:14,35.5312,wtceth
1733,2019-09-09 17:03:15,14630.0257,ethusdt
1747,2019-09-09 17:03:18,3.2478,aeeth
1747,2019-09-09 17:03:20,5551.1899,btcusdt
1737,2019-09-09 17:03:21,6.2537,gntusdt
1747,2019-09-09 17:03:22,152.9724,zrxusdt
1747,2019-09-09 17:03:23,11079.2689,ethbtc
1745,2019-09-09 17:03:25,4571.543,ltcusdt
1740,2019-09-09 17:03:28,3527.5798,ltcbtc
1744,2019-09-09 17:03:29,2809.6559,etcusdt
1747,2019-09-09 17:03:33,793.4869,omgusdt
1742,2019-09-09 17:03:48,0.8534,wtceth
1748,2019-09-09 17:03:50,30514.0204,btcusdt
1746,2019-09-09 17:03:54,2930.9467,ltcusdt
1748,2019-09-09 17:03:54,5.4277,aeeth
1738,2019-09-09 17:03:56,10.235,gntusdt
1750,2019-09-09 17:03:57,0.4935,mcoeth
1734,2019-09-09 17:04:00,1766.0041,ethusdt
1741,2019-09-09 17:04:02,1039.5626,ltcbtc
1748,2019-09-09 17:04:02,5619.4084,ethbtc
1748,2019-09-09 17:04:03,28.9389,zrxusdt
1745,2019-09-09 17:04:04,2470.6825,etcusdt
1748,2019-09-09 17:04:05,1558.3313,omgusdt
1749,2019-09-09 17:04:22,0.104,aeeth
1747,2019-09-09 17:04:24,3422.6375,ltcusdt
1743,2019-09-09 17:04:26,44.6719,wtceth
1735,2019-09-09 17:04:26,16444.8322,ethusdt
1749,2019-09-09 17:04:27,1352.454,btcusdt
1749,2019-09-09 17:04:34,2415.8068,omgusdt
1739,2019-09-09 17:04:36,24.843,gntusdt
1751,2019-09-09 17:04:37,0.0465,mcoeth
1749,2019-09-09 17:04:37,23.1002,zrxusdt
1746,2019-09-09 17:04:37,3317.9566,etcusdt
1749,2019-09-09 17:04:38,4003.3513,ethbtc
1742,2019-09-09 17:04:45,4122.349,ltcbtc
1736,2019-09-09 17:04:53,13340.9232,ethusdt
1748,2019-09-09 17:04:57,286.8306,ltcusdt
1750,2019-09-09 17:05:02,37721.3443,btcusdt
1747,2019-09-09 17:05:02,438.5777,etcusdt
1750,2019-09-09 17:05:06,2.9953,aeeth
1750,2019-09-09 17:05:09,1104.3632,omgusdt
1750,2019-09-09 17:05:11,9062.7852,ethbtc
1744,2019-09-09 17:05:11,2.2383,wtceth
1740,2019-09-09 17:05:11,13.9454,gntusdt
1750,2019-09-09 17:05:14,121.8079,zrxusdt
1752,2019-09-09 17:05:18,0.7729,mcoeth
1743,2019-09-09 17:05:18,3900.8322,ltcbtc
1737,2019-09-09 17:05:23,11175.4506,ethusdt
1749,2019-09-09 17:05:28,3321.2083,ltcusdt
1748,2019-09-09 17:05:34,2564.4201,etcusdt
1745,2019-09-09 17:05:36,19.9951,wtceth
1751,2019-09-09 17:05:37,1.5907,aeeth
1751,2019-09-09 17:05:43,41369.7952,btcusdt
1751,2019-09-09 17:05:45,3068.3592,omgusdt
1751,2019-09-09 17:05:45,6312.3544,ethbtc
1751,2019-09-09 17:05:48,95.9281,zrxusdt
1741,2019-09-09 17:05:48,15.3392,gntusdt
1738,2019-09-09 17:05:56,10887.9746,ethusdt
1750,2019-09-09 17:06:00,3323.0302,ltcusdt
1744,2019-09-09 17:06:01,3566.6893,ltcbtc
1753,2019-09-09 17:06:02,0.9836,mcoeth
1752,2019-09-09 17:06:11,6.1262,aeeth
1752,2019-09-09 17:06:15,2809.7169,omgusdt
1749,2019-09-09 17:06:15,190.3868,etcusdt
1752,2019-09-09 17:06:16,14033.4637,btcusdt
1752,2019-09-09 17:06:18,10757.5521,ethbtc
1752,2019-09-09 17:06:21,142.7018,zrxusdt
1746,2019-09-09 17:06:21,6.5052,wtceth
1742,2019-09-09 17:06:27,15.9928,gntusdt
1754,2019-09-09 17:06:30,0.0015,mcoeth
1751,2019-09-09 17:06:30,5262.595,ltcusdt
1739,2019-09-09 17:06:31,123.1572,ethusdt
1745,2019-09-09 17:06:38,3803.7601,ltcbtc
1750,2019-09-09 17:06:41,2684.1747,etcusdt
1753,2019-09-09 17:06:41,6.168,aeeth
1753,2019-09-09 17:06:50,52.8568,zrxusdt
1753,2019-09-09 17:06:50,780.6138,omgusdt
1753,2019-09-09 17:06:55,2942.4918,btcusdt
1753,2019-09-09 17:06:58,1852.8686,ethbtc
1747,2019-09-09 17:06:58,30.0074,wtceth
1752,2019-09-09 17:07:04,3321.2625,ltcusdt
1740,2019-09-09 17:07:06,7244.34,ethusdt
1743,2019-09-09 17:07:07,19.076,gntusdt
1754,2019-09-09 17:07:10,3.3825,aeeth
1755,2019-09-09 17:07:12,0.4692,mcoeth
1746,2019-09-09 17:07:16,1501.3378,ltcbtc
1751,2019-09-09 17:07:22,1702.4211,etcusdt
1748,2019-09-09 17:07:23,6.4,wtceth
1754,2019-09-09 17:07:26,339.6712,omgusdt
1754,2019-09-09 17:07:30,38858.9091,btcusdt
1754,2019-09-09 17:07:34,29.2617,zrxusdt
1753,2019-09-09 17:07:37,5249.2039,ltcusdt
1754,2019-09-09 17:07:40,12536.0883,ethbtc
1744,2019-09-09 17:07:43,12.5023,gntusdt
1741,2019-09-09 17:07:45,15078.6998,ethusdt
1756,2019-09-09 17:07:45,0.4954,mcoeth
1755,2019-09-09 17:07:45,9.2989,aeeth
1755,2019-09-09 17:07:53,1707.4303,omgusdt
1752,2019-09-09 17:07:57,1592.3367,etcusdt
1747,2019-09-09 17:08:00,3894.1228,ltcbtc
1754,2019-09-09 17:08:02,1733.8486,ltcusdt
1749,2019-09-09 17:08:02,20.0999,wtceth
1755,2019-09-09 17:08:09,7409.9248,btcusdt
1745,2019-09-09 17:08:12,17.5264,gntusdt
1757,2019-09-09 17:08:14,0.0275,mcoeth
1755,2019-09-09 17:08:18,48.2371,zrxusdt
1756,2019-09-09 17:08:19,5.7696,aeeth
1755,2019-09-09 17:08:20,13037.1719,ethbtc
1742,2019-09-09 17:08:21,7204.1953,ethusdt
1753,2019-09-09 17:08:25,2309.4813,etcusdt
1756,2019-09-09 17:08:25,754.8282,omgusdt
1750,2019-09-09 17:08:29,5.1173,wtceth
1748,2019-09-09 17:08:31,4303.8355,ltcbtc
1756,2019-09-09 17:08:39,52936.7604,btcusdt
1755,2019-09-09 17:08:43,3923.3261,ltcusdt
1743,2019-09-09 17:08:46,14903.3748,ethusdt
1758,2019-09-09 17:08:46,0.5743,mcoeth
1757,2019-09-09 17:08:47,1.0038,aeeth
1746,2019-09-09 17:08:53,4.5577,gntusdt
1756,2019-09-09 17:08:55,3068.8935,ethbtc
1756,2019-09-09 17:08:55,38.4168,zrxusdt
1754,2019-09-09 17:09:00,2651.9961,etcusdt
1749,2019-09-09 17:09:02,2558.8071,ltcbtc
1757,2019-09-09 17:09:07,23666.8059,btcusdt
1757,2019-09-09 17:09:10,659.8382,omgusdt
1751,2019-09-09 17:09:10,9.5495,wtceth
1758,2019-09-09 17:09:14,9.094,aeeth
1757,2019-09-09 17:09:21,48.1289,zrxusdt
1759,2019-09-09 17:09:23,0.5248,mcoeth
1756,2019-09-09 17:09:27,3248.5177,ltcusdt
1744,2019-09-09 17:09:30,7703.2055,ethusdt
1757,2019-09-09 17:09:33,8643.3224,ethbtc
1747,2019-09-09 17:09:36,13.1303,gntusdt
1750,2019-09-09 17:09:37,2622.4372,ltcbtc
1758,2019-09-09 17:09:39,50007.0041,btcusdt
1758,2019-09-09 17:09:40,2421.3872,omgusdt
1755,2019-09-09 17:09:42,2112.0137,etcusdt
1752,2019-09-09 17:09:44,4.6318,wtceth
1759,2019-09-09 17:09:50,2.164,aeeth
1760,2019-09-09 17:09:54,0.9363,mcoeth
1757,2019-09-09 17:09:54,94.1872,ltcusdt
1758,2019-09-09 17:10:04,31.946,zrxusdt
1759,2019-09-09 17:10:04,52158.9737,btcusdt
1751,2019-09-09 17:10:10,1419.9797,ltcbtc
1745,2019-09-09 17:10:13,13237.9158,ethusdt
1760,2019-09-09 17:10:17,4.9048,aeeth
1748,2019-09-09 17:10:17,19.3809,gntusdt
1758,2019-09-09 17:10:18,8101.265,ethbtc
1759,2019-09-09 17:10:18,1741.8795,omgusdt
1753,2019-09-09 17:10:24,1.439,wtceth
1756,2019-09-09 17:10:25,2117.5853,etcusdt
1761,2019-09-09 17:10:26,0.1796,mcoeth
1758,2019-09-09 17:10:29,2205.0489,ltcusdt
1759,2019-09-09 17:10:29,8.0746,zrxusdt
1760,2019-09-09 17:10:40,23013.0832,btcusdt
1749,2019-09-09 17:10:44,13.303,gntusdt
1761,2019-09-09 17:10:46,3.2394,aeeth
1746,2019-09-09 17:10:48,7198.3114,ethusdt
1752,2019-09-09 17:10:49,2399.3647,ltcbtc
1759,2019-09-09 17:10:49,12904.9461,ethbtc
1754,2019-09-09 17:10:51,9.6653,wtceth
1757,2019-09-09 17:10:57,420.6089,etcusdt
1760,2019-09-09 17:10:59,2849.9872,omgusdt
1759,2019-09-09 17:11:05,1792.845,ltcusdt
1760,2019-09-09 17:11:10,132.2396,zrxusdt
1761,2019-09-09 17:11:10,31922.6455,btcusdt
1762,2019-09-09 17:11:11,0.3733,mcoeth
1750,2019-09-09 17:11:12,7.6798,gntusdt
1760,2019-09-09 17:11:16,723.7136,ethbtc
1747,2019-09-09 17:11:18,4026.536,ethusdt
1762,2019-09-09 17:11:26,12.7422,aeeth
1755,2019-09-09 17:11:27,21.165,wtceth
1761,2019-09-09 17:11:28,2483.968,omgusdt
1753,2019-09-09 17:11:29,4469.4867,ltcbtc
1758,2019-09-09 17:11:31,2727.0504,etcusdt
1762,2019-09-09 17:11:36,14119.9505,btcusdt
1763,2019-09-09 17:11:45,0.012,mcoeth
1760,2019-09-09 17:11:46,707.6661,ltcusdt
1751,2019-09-09 17:11:50,23.9386,gntusdt
1761,2019-09-09 17:11:50,7174.5147,ethbtc
1756,2019-09-09 17:11:52,50.7356,wtceth
1761,2019-09-09 17:11:54,136.2669,zrxusdt
1754,2019-09-09 17:12:00,875.7769,ltcbtc
1748,2019-09-09 17:12:01,8224.7863,ethusdt
1762,2019-09-09 17:12:03,659.2284,omgusdt
1763,2019-09-09 17:12:10,6.4535,aeeth
1761,2019-09-09 17:12:11,5025.838,ltcusdt
1759,2019-09-09 17:12:15,1780.7425,etcusdt
1763,2019-09-09 17:12:20,35737.2015,btcusdt
1764,2019-09-09 17:12:20,0.1667,mcoeth
1757,2019-09-09 17:12:22,15.5624,wtceth
1762,2019-09-09 17:12:27,11020.7893,ethbtc
1763,2019-09-09 17:12:29,1719.9887,omgusdt
1752,2019-09-09 17:12:29,1.946,gntusdt
1762,2019-09-09 17:12:35,58.8871,zrxusdt
1755,2019-09-09 17:12:37,4403.7546,ltcbtc
1760,2019-09-09 17:12:41,930.4691,etcusdt
1749,2019-09-09 17:12:41,4747.8998,ethusdt
1762,2019-09-09 17:12:42,4368.3623,ltcusdt
1765,2019-09-09 17:12:49,0.2059,mcoeth
1764,2019-09-09 17:12:51,10.4697,aeeth
1758,2019-09-09 17:12:52,55.4623,wtceth
1764,2019-09-09 17:12:57,20727.8296,btcusdt
1753,2019-09-09 17:13:01,16.043,gntusdt
1764,2019-09-09 17:13:02,1541.9004,omgusdt
1763,2019-09-09 17:13:08,9610.8935,ethbtc
1756,2019-09-09 17:13:10,4182.6186,ltcbtc
1761,2019-09-09 17:13:12,983.5791,etcusdt
1763,2019-09-09 17:13:15,5256.931,ltcusdt
1763,2019-09-09 17:13:16,2.465,zrxusdt
1766,2019-09-09 17:13:17,0.9322,mcoeth
1750,2019-09-09 17:13:19,9073.9109,ethusdt
1765,2019-09-09 17:13:19,11.1312,aeeth
1754,2019-09-09 17:13:27,17.0005,gntusdt
1759,2019-09-09 17:13:35,14.9638,wtceth
1765,2019-09-09 17:13:35,43158.0314,btcusdt
1757,2019-09-09 17:13:37,2616.9781,ltcbtc
1765,2019-09-09 17:13:39,1193.124,omgusdt
1764,2019-09-09 17:13:44,9817.1826,ethbtc
1764,2019-09-09 17:13:46,3712.9797,ltcusdt
1762,2019-09-09 17:13:48,2190.8383,etcusdt
1766,2019-09-09 17:13:48,2.3195,aeeth
1751,2019-09-09 17:13:49,9408.8386,ethusdt
1764,2019-09-09 17:13:54,135.2501,zrxusdt
1767,2019-09-09 17:13:55,0.0833,mcoeth
1755,2019-09-09 17:13:58,11.4127,gntusdt
1766,2019-09-09 17:14:02,39477.0557,btcusdt
1760,2019-09-09 17:14:11,6.7917,wtceth
1765,2019-09-09 17:14:11,2482.6046,ethbtc
1766,2019-09-09 17:14:14,1825.5336,omgusdt
1763,2019-09-09 17:14:20,2037.1828,etcusdt
1752,2019-09-09 17:14:21,4868.0565,ethusdt
1767,2019-09-09 17:14:22,12.2176,aeeth
1758,2019-09-09 17:14:22,600.035,ltcbtc
1765,2019-09-09 17:14:29,376.4348,ltcusdt
1768,2019-09-09 17:14:32,0.3874,mcoeth
1756,2019-09-09 17:14:33,16.6194,gntusdt
1767,2019-09-09 17:14:34,36.9176,btcusdt
1765,2019-09-09 17:14:37,110.3077,zrxusdt
1766,2019-09-09 17:14:43,5750.3312,ethbtc
1768,2019-09-09 17:14:49,11.8344,aeeth
1767,2019-09-09 17:14:52,3240.4479,omgusdt
1753,2019-09-09 17:14:52,8977.9645,ethusdt
1761,2019-09-09 17:14:53,41.548,wtceth
1764,2019-09-09 17:14:57,1315.8242,etcusdt
1768,2019-09-09 17:15:00,31544.4785,btcusdt
1766,2019-09-09 17:15:01,5131.7288,ltcusdt
1759,2019-09-09 17:15:03,2155.6207,ltcbtc
1766,2019-09-09 17:15:03,113.3112,zrxusdt
1757,2019-09-09 17:15:09,10.2475,gntusdt
1769,2019-09-09 17:15:09,0.6114,mcoeth
1767,2019-09-09 17:15:17,238.1159,ethbtc
1762,2019-09-09 17:15:20,16.4101,wtceth
1754,2019-09-09 17:15:22,946.2208,ethusdt
1768,2019-09-09 17:15:23,351.3726,omgusdt
1769,2019-09-09 17:15:26,6.0238,aeeth
1767,2019-09-09 17:15:29,937.8871,ltcusdt
1769,2019-09-09 17:15:32,23602.6271,btcusdt
1765,2019-09-09 17:15:33,2784.5848,etcusdt
1767,2019-09-09 17:15:33,28.5206,zrxusdt
1770,2019-09-09 17:15:37,0.9193,mcoeth
1758,2019-09-09 17:15:40,18.2491,gntusdt
1760,2019-09-09 17:15:45,2202.1459,ltcbtc
1763,2019-09-09 17:15:55,28.8158,wtceth
1755,2019-09-09 17:15:56,10708.318,ethusdt
1770,2019-09-09 17:15:59,3.989,aeeth
1768,2019-09-09 17:15:59,6099.1236,ethbtc
1766,2019-09-09 17:16:00,1932.2958,etcusdt
1769,2019-09-09 17:16:00,3181.4961,omgusdt
1770,2019-09-09 17:16:00,50561.0922,btcusdt
1768,2019-09-09 17:16:03,2542.1187,ltcusdt
1771,2019-09-09 17:16:05,0.9265,mcoeth
1768,2019-09-09 17:16:10,28.489,zrxusdt
1759,2019-09-09 17:16:10,19.5659,gntusdt
1767,2019-09-09 17:16:27,2102.6348,etcusdt
1761,2019-09-09 17:16:28,301.829,ltcbtc
1771,2019-09-09 17:16:29,2949.7408,btcusdt
1756,2019-09-09 17:16:30,2881.8459,ethusdt
1769,2019-09-09 17:16:32,4894.9209,ethbtc
1764,2019-09-09 17:16:34,4.5342,wtceth
1771,2019-09-09 17:16:35,4.0163,aeeth
1770,2019-09-09 17:16:40,1557.0032,omgusdt
1769,2019-09-09 17:16:43,2468.6722,ltcusdt
1769,2019-09-09 17:16:47,141.4234,zrxusdt
1772,2019-09-09 17:16:50,0.5656,mcoeth
1760,2019-09-09 17:16:54,6.8789,gntusdt
1762,2019-09-09 17:16:57,310.5359,ltcbtc
1757,2019-09-09 17:17:01,2138.0973,ethusdt
1772,2019-09-09 17:17:03,17628.2756,btcusdt
1765,2019-09-09 17:17:03,22.4786,wtceth
1768,2019-09-09 17:17:08,391.3368,etcusdt
1770,2019-09-09 17:17:13,12702.3465,ethbtc
1772,2019-09-09 17:17:17,5.21,aeeth
1770,2019-09-09 17:17:20,1966.3197,ltcusdt
1763,2019-09-09 17:17:23,4675.326,ltcbtc
1770,2019-09-09 17:17:25,136.1664,zrxusdt
1771,2019-09-09 17:17:25,415.5387,omgusdt
1773,2019-09-09 17:17:26,0.5194,mcoeth
1761,2019-09-09 17:17:35,7.3504,gntusdt
1771,2019-09-09 17:17:39,5423.0798,ethbtc
1766,2019-09-09 17:17:43,19.4671,wtceth
1773,2019-09-09 17:17:43,46955.8623,btcusdt
1758,2019-09-09 17:17:45,16378.3639,ethusdt
1769,2019-09-09 17:17:47,848.873,etcusdt
1771,2019-09-09 17:17:57,939.8564,ltcusdt
1771,2019-09-09 17:17:58,70.0297,zrxusdt
1774,2019-09-09 17:17:59,0.4667,mcoeth
1772,2019-09-09 17:17:59,2263.9426,omgusdt
1764,2019-09-09 17:17:59,2095.2527,ltcbtc
1773,2019-09-09 17:17:59,6.6931,aeeth
1762,2019-09-09 17:18:00,7.3938,gntusdt
1772,2019-09-09 17:18:07,3263.3735,ethbtc
1770,2019-09-09 17:18:17,1528.4838,etcusdt
1774,2019-09-09 17:18:19,33018.432,btcusdt
1759,2019-09-09 17:18:20,13818.1929,ethusdt
1767,2019-09-09 17:18:28,28.9267,wtceth
1772,2019-09-09 17:18:29,19.4995,zrxusdt
1773,2019-09-09 17:18:32,8890.3065,ethbtc
1772,2019-09-09 17:18:35,2274.5218,ltcusdt
1763,2019-09-09 17:18:36,9.9732,gntusdt
1773,2019-09-09 17:18:38,892.6432,omgusdt
1765,2019-09-09 17:18:39,2847.3734,ltcbtc
1774,2019-09-09 17:18:42,4.7159,aeeth
1775,2019-09-09 17:18:43,0.8431,mcoeth
1760,2019-09-09 17:18:54,3306.0323,ethusdt
1771,2019-09-09 17:18:57,3019.1733,etcusdt
1775,2019-09-09 17:18:59,32718.2075,btcusdt
1773,2019-09-09 17:19:05,175.5758,zrxusdt
1766,2019-09-09 17:19:06,60.8966,ltcbtc
1764,2019-09-09 17:19:06,24.9971,gntusdt
1768,2019-09-09 17:19:10,50.6171,wtceth
1773,2019-09-09 17:19:11,1982.783,ltcusdt
1776,2019-09-09 17:19:14,0.9369,mcoeth
1774,2019-09-09 17:19:15,4597.7765,ethbtc
1761,2019-09-09 17:19:20,6936.4742,ethusdt
1775,2019-09-09 17:19:20,9.2422,aeeth
1774,2019-09-09 17:19:23,2607.1532,omgusdt
1765,2019-09-09 17:19:34,9.9273,gntusdt
1774,2019-09-09 17:19:34,81.7087,zrxusdt
1776,2019-09-09 17:19:36,22720.8757,btcusdt
1772,2019-09-09 17:19:39,834.4326,etcusdt
1769,2019-09-09 17:19:40,2.2411,wtceth
1774,2019-09-09 17:19:46,3733.5475,ltcusdt
1767,2019-09-09 17:19:47,2173.0426,ltcbtc
1762,2019-09-09 17:19:49,3576.8078,ethusdt
1777,2019-09-09 17:19:50,0.6717,mcoeth
1775,2019-09-09 17:19:59,3813.3471,ethbtc
1775,2019-09-09 17:20:00,2415.4115,omgusdt
1776,2019-09-09 17:20:02,4.1784,aeeth
1775,2019-09-09 17:20:08,38.5863,zrxusdt
1777,2019-09-09 17:20:11,26285.0089,btcusdt
1766,2019-09-09 17:20:12,7.7309,gntusdt
1773,2019-09-09 17:20:12,2721.3364,etcusdt
1768,2019-09-09 17:20:13,4072.4127,ltcbtc
1778,2019-09-09 17:20:22,0.4594,mcoeth
1770,2019-09-09 17:20:25,52.4136,wtceth
1776,2019-09-09 17:20:25,960.6065,omgusdt
1763,2019-09-09 17:20:25,4839.0429,ethusdt
1775,2019-09-09 17:20:26,1163.9974,ltcusdt
1777,2019-09-09 17:20:42,8.9918,aeeth
1776,2019-09-09 17:20:44,10450.4439,ethbtc
1779,2019-09-09 17:20:50,0.5735,mcoeth
1776,2019-09-09 17:20:52,4371.2325,ltcusdt
1776,2019-09-09 17:20:53,50.0237,zrxusdt
1769,2019-09-09 17:20:53,782.0641,ltcbtc
1774,2019-09-09 17:20:54,126.485,etcusdt
1778,2019-09-09 17:20:56,27982.2664,btcusdt
1767,2019-09-09 17:20:57,3.731,gntusdt
1771,2019-09-09 17:20:59,13.2441,wtceth
1764,2019-09-09 17:21:03,567.8382,ethusdt
1777,2019-09-09 17:21:08,291.5094,omgusdt
1777,2019-09-09 17:21:20,2124.4268,ethbtc
1780,2019-09-09 17:21:25,0.3326,mcoeth
1778,2019-09-09 17:21:26,0.2658,aeeth
1777,2019-09-09 17:21:26,18.549,zrxusdt
1765,2019-09-09 17:21:29,6367.2363,ethusdt
1777,2019-09-09 17:21:29,3871.9329,ltcusdt
1770,2019-09-09 17:21:31,1490.2398,ltcbtc
1772,2019-09-09 17:21:32,10.2622,wtceth
1775,2019-09-09 17:21:35,2499.0369,etcusdt
1779,2019-09-09 17:21:36,45621.2976,btcusdt
1768,2019-09-09 17:21:36,4.0275,gntusdt
1778,2019-09-09 17:21:45,2321.326,omgusdt
1778,2019-09-09 17:21:53,7859.0584,ethbtc
1779,2019-09-09 17:21:59,0.8373,aeeth
1778,2019-09-09 17:21:59,1472.0928,ltcusdt
1773,2019-09-09 17:22:01,20.6419,wtceth
1781,2019-09-09 17:22:02,0.4332,mcoeth
1766,2019-09-09 17:22:04,14484.5186,ethusdt
1778,2019-09-09 17:22:08,93.6266,zrxusdt
1780,2019-09-09 17:22:08,22477.5366,btcusdt
1776,2019-09-09 17:22:09,590.0255,etcusdt
1769,2019-09-09 17:22:11,24.157,gntusdt
1771,2019-09-09 17:22:15,1321.9695,ltcbtc
1779,2019-09-09 17:22:16,1063.984,omgusdt
1779,2019-09-09 17:22:19,4345.761,ethbtc
1779,2019-09-09 17:22:25,5163.4888,ltcusdt
1779,2019-09-09 17:22:38,9.3496,zrxusdt
1767,2019-09-09 17:22:42,7329.9974,ethusdt
1782,2019-09-09 17:22:42,1.0036,mcoeth
1780,2019-09-09 17:22:44,10.7465,aeeth
1774,2019-09-09 17:22:45,18.0857,wtceth
1781,2019-09-09 17:22:45,16096.4258,btcusdt
1770,2019-09-09 17:22:47,17.9039,gntusdt
1777,2019-09-09 17:22:53,524.1215,etcusdt
1780,2019-09-09 17:22:57,622.4525,omgusdt
1780,2019-09-09 17:22:58,5911.5869,ethbtc
1772,2019-09-09 17:22:59,1649.7023,ltcbtc
1780,2019-09-09 17:23:02,4648.9016,ltcusdt
1781,2019-09-09 17:23:09,3.7221,aeeth
1783,2019-09-09 17:23:14,0.9116,mcoeth
1768,2019-09-09 17:23:20,5129.7866,ethusdt
1781,2019-09-09 17:23:23,1930.473,omgusdt
1780,2019-09-09 17:23:23,60.9315,zrxusdt
1775,2019-09-09 17:23:24,13.9815,wtceth
1771,2019-09-09 17:23:27,13.9588,gntusdt
1782,2019-09-09 17:23:29,16879.7744,btcusdt
1773,2019-09-09 17:23:30,3678.9577,ltcbtc
1781,2019-09-09 17:23:33,5113.4065,ltcusdt
1781,2019-09-09 17:23:35,317.2009,ethbtc
1778,2019-09-09 17:23:35,2751.4283,etcusdt
1782,2019-09-09 17:23:42,0.4303,aeeth
1769,2019-09-09 17:23:50,414.292,ethusdt
1784,2019-09-09 17:23:50,0.8971,mcoeth
1783,2019-09-09 17:23:55,22136.0303,btcusdt
1772,2019-09-09 17:23:56,11.2794,gntusdt
1774,2019-09-09 17:24:00,3248.8841,ltcbtc
1781,2019-09-09 17:24:01,153.1753,zrxusdt
1779,2019-09-09 17:24:02,602.2612,etcusdt
1782,2019-09-09 17:24:02,1400.1434,ltcusdt
1776,2019-09-09 17:24:02,22.976,wtceth
1782,2019-09-09 17:24:04,2309.618,ethbtc
1782,2019-09-09 17:24:06,2255.7939,omgusdt
1783,2019-09-09 17:24:13,2.7519,aeeth
1784,2019-09-09 17:24:22,43221.418,btcusdt
1785,2019-09-09 17:24:24,0.1725,mcoeth
1770,2019-09-09 17:24:26,8234.4806,ethusdt
1775,2019-09-09 17:24:28,1660.3503,ltcbtc
1773,2019-09-09 17:24:30,18.4826,gntusdt
1783,2019-09-09 17:24:31,7305.0226,ethbtc
1780,2019-09-09 17:24:37,2106.8122,etcusdt
1777,2019-09-09 17:24:38,38.9447,wtceth
1783,2019-09-09 17:24:38,2732.3542,ltcusdt
1783,2019-09-09 17:24:41,2759.6158,omgusdt
1782,2019-09-09 17:24:42,84.8767,zrxusdt
1786,2019-09-09 17:24:50,0.8082,mcoeth
1784,2019-09-09 17:24:56,4.1959,aeeth
1785,2019-09-09 17:25:02,15696.8138,btcusdt
1776,2019-09-09 17:25:04,4216.3455,ltcbtc
1778,2019-09-09 17:25:05,16.1262,wtceth
1784,2019-09-09 17:25:07,74.821,ltcusdt
1781,2019-09-09 17:25:09,1546.0315,etcusdt
1774,2019-09-09 17:25:10,2.5609,gntusdt
1771,2019-09-09 17:25:10,14762.9165,ethusdt
1784,2019-09-09 17:25:13,3597.1363,ethbtc
1783,2019-09-09 17:25:14,140.4697,zrxusdt
1784,2019-09-09 17:25:20,130.0373,omgusdt
1787,2019-09-09 17:25:21,0.5087,mcoeth
1785,2019-09-09 17:25:31,2.7433,aeeth
1786,2019-09-09 17:25:36,39192.7807,btcusdt
1775,2019-09-09 17:25:39,15.9253,gntusdt
1777,2019-09-09 17:25:40,2344.7523,ltcbtc
1785,2019-09-09 17:25:41,2729.4628,ltcusdt
1782,2019-09-09 17:25:43,3105.4651,etcusdt
1779,2019-09-09 17:25:43,55.4284,wtceth
1785,2019-09-09 17:25:44,9272.3462,ethbtc
1785,2019-09-09 17:25:45,1191.0188,omgusdt
1788,2019-09-09 17:25:47,0.8104,mcoeth
1784,2019-09-09 17:25:49,61.6375,zrxusdt
1772,2019-09-09 17:25:55,9497.9332,ethusdt
1786,2019-09-09 17:26:00,2.9728,aeeth
1787,2019-09-09 17:26:06,20915.5372,btcusdt
1786,2019-09-09 17:26:07,2097.722,ltcusdt
1783,2019-09-09 17:26:11,19.7346,etcusdt
1785,2019-09-09 17:26:16,171.6629,zrxusdt
1778,2019-09-09 17:26:20,497.7835,ltcbtc
1786,2019-09-09 17:26:20,12147.8575,ethbtc
1776,2019-09-09 17:26:20,8.6234,gntusdt
1780,2019-09-09 17:26:20,22.1105,wtceth
1786,2019-09-09 17:26:21,2228.9816,omgusdt
1773,2019-09-09 17:26:25,3602.693,ethusdt
1789,2019-09-09 17:26:32,0.0742,mcoeth
1788,2019-09-09 17:26:40,49696.7908,btcusdt
1787,2019-09-09 17:26:42,8.2803,aeeth
1786,2019-09-09 17:26:43,25.1675,zrxusdt
1781,2019-09-09 17:26:45,52.8547,wtceth
1787,2019-09-09 17:26:47,5351.1122,ethbtc
1787,2019-09-09 17:26:48,23.6119,ltcusdt
1787,2019-09-09 17:26:48,2275.9972,omgusdt
1779,2019-09-09 17:26:50,3994.6183,ltcbtc
1784,2019-09-09 17:26:53,2363.3766,etcusdt
1777,2019-09-09 17:26:58,11.7633,gntusdt
1774,2019-09-09 17:27:06,1492.5944,ethusdt
1782,2019-09-09 17:27:12,7.213,wtceth
1790,2019-09-09 17:27:14,0.0602,mcoeth
1788,2019-09-09 17:27:17,12515.9488,ethbtc
1780,2019-09-09 17:27:18,4456.6578,ltcbtc
1788,2019-09-09 17:27:18,11.4505,aeeth
1787,2019-09-09 17:27:18,191.3009,zrxusdt
1789,2019-09-09 17:27:22,47763.5292,btcusdt
1788,2019-09-09 17:27:26,1203.1677,omgusdt
1785,2019-09-09 17:27:28,2819.2044,etcusdt
1788,2019-09-09 17:27:29,2348.9951,ltcusdt
1778,2019-09-09 17:27:40,22.2066,gntusdt
1775,2019-09-09 17:27:47,15647.1288,ethusdt
1788,2019-09-09 17:27:47,66.5784,zrxusdt
1783,2019-09-09 17:27:48,11.1763,wtceth
1789,2019-09-09 17:27:51,2972.4827,omgusdt
1790,2019-09-09 17:27:52,50064.7792,btcusdt
1791,2019-09-09 17:27:54,0.9776,mcoeth
1789,2019-09-09 17:28:00,8824.9198,ethbtc
1789,2019-09-09 17:28:00,10.5958,aeeth
1786,2019-09-09 17:28:00,3274.7969,etcusdt
1781,2019-09-09 17:28:02,1968.7934,ltcbtc
1789,2019-09-09 17:28:10,3362.815,ltcusdt
1779,2019-09-09 17:28:12,2.573,gntusdt
1776,2019-09-09 17:28:14,7688.0637,ethusdt
1784,2019-09-09 17:28:17,51.6026,wtceth
1792,2019-09-09 17:28:21,0.8037,mcoeth
1791,2019-09-09 17:28:23,49364.8999,btcusdt
1790,2019-09-09 17:28:26,34.1616,omgusdt
1790,2019-09-09 17:28:29,10147.877,ethbtc
1789,2019-09-09 17:28:29,65.4627,zrxusdt
1787,2019-09-09 17:28:40,2079.3909,etcusdt
1790,2019-09-09 17:28:40,12.9505,aeeth
1790,2019-09-09 17:28:46,3670.4918,ltcusdt
1777,2019-09-09 17:28:46,16862.4256,ethusdt
1782,2019-09-09 17:28:47,1544.1261,ltcbtc
1780,2019-09-09 17:28:49,11.3399,gntusdt
1785,2019-09-09 17:28:51,56.1497,wtceth
1792,2019-09-09 17:28:54,24554.8662,btcusdt
1790,2019-09-09 17:28:56,129.9392,zrxusdt
1793,2019-09-09 17:29:03,0.0659,mcoeth
1791,2019-09-09 17:29:06,2713.7805,ethbtc
1791,2019-09-09 17:29:09,1684.3984,omgusdt
1791,2019-09-09 17:29:14,7.7117,aeeth
1778,2019-09-09 17:29:14,7675.2134,ethusdt
1788,2019-09-09 17:29:16,3072.016,etcusdt
1786,2019-09-09 17:29:18,12.2686,wtceth
1791,2019-09-09 17:29:24,4036.1511,ltcusdt
1783,2019-09-09 17:29:24,3987.731,ltcbtc
1791,2019-09-09 17:29:25,1.7163,zrxusdt
1793,2019-09-09 17:29:29,41744.4936,btcusdt
1781,2019-09-09 17:29:30,22.9268,gntusdt
1792,2019-09-09 17:29:33,12304.8436,ethbtc
1794,2019-09-09 17:29:39,0.8273,mcoeth
1792,2019-09-09 17:29:41,13.0049,aeeth
1779,2019-09-09 17:29:41,15516.4755,ethusdt
1792,2019-09-09 17:29:42,1223.6443,omgusdt
1789,2019-09-09 17:29:50,3089.5176,etcusdt
1792,2019-09-09 17:29:51,2135.3577,ltcusdt
1787,2019-09-09 17:29:55,28.5804,wtceth
1784,2019-09-09 17:29:59,1216.4536,ltcbtc
1792,2019-09-09 17:30:00,77.8085,zrxusdt
1795,2019-09-09 17:30:08,0.4467,mcoeth
1794,2019-09-09 17:30:10,51967.3536,btcusdt
1782,2019-09-09 17:30:13,12.2501,gntusdt
1793,2019-09-09 17:30:14,8.8844,aeeth
1780,2019-09-09 17:30:16,3046.9448,ethusdt
1793,2019-09-09 17:30:18,10344.3873,ethbtc
1793,2019-09-09 17:30:21,3535.0154,ltcusdt
1793,2019-09-09 17:30:24,2490.9217,omgusdt
1790,2019-09-09 17:30:31,1724.437,etcusdt
1785,2019-09-09 17:30:32,1348.4544,ltcbtc
1788,2019-09-09 17:30:32,54.4612,wtceth
1793,2019-09-09 17:30:33,187.2365,zrxusdt
1794,2019-09-09 17:30:41,5.688,aeeth
1796,2019-09-09 17:30:46,0.6544,mcoeth
1794,2019-09-09 17:30:47,3332.8603,ltcusdt
1794,2019-09-09 17:30:49,2808.5597,ethbtc
1783,2019-09-09 17:30:50,8.3556,gntusdt
1795,2019-09-09 17:30:51,526.7197,btcusdt
1794,2019-09-09 17:30:51,1406.9247,omgusdt
1781,2019-09-09 17:30:59,7463.4503,ethusdt
1791,2019-09-09 17:31:00,740.875,etcusdt
1786,2019-09-09 17:31:06,3736.6548,ltcbtc
1794,2019-09-09 17:31:13,162.8428,zrxusdt
1797,2019-09-09 17:31:14,0.6199,mcoeth
1795,2019-09-09 17:31:14,7014.6131,ethbtc
1789,2019-09-09 17:31:15,16.2954,wtceth
1784,2019-09-09 17:31:17,10.7281,gntusdt
1795,2019-09-09 17:31:17,3250.3483,omgusdt
1795,2019-09-09 17:31:18,13.1523,aeeth
1795,2019-09-09 17:31:25,3333.9129,ltcusdt
1792,2019-09-09 17:31:25,2789.1868,etcusdt
1787,2019-09-09 17:31:32,3746.3452,ltcbtc
1782,2019-09-09 17:31:33,8906.3244,ethusdt
1796,2019-09-09 17:31:34,12234.7621,btcusdt
1796,2019-09-09 17:31:39,10973.1133,ethbtc
1790,2019-09-09 17:31:41,49.7981,wtceth
1798,2019-09-09 17:31:42,0.6103,mcoeth
1796,2019-09-09 17:31:47,2620.2166,omgusdt
1796,2019-09-09 17:31:51,421.4337,ltcusdt
1796,2019-09-09 17:31:55,1.4569,aeeth
1795,2019-09-09 17:31:56,122.0696,zrxusdt
1785,2019-09-09 17:31:57,5.7042,gntusdt
1788,2019-09-09 17:32:03,3829.6683,ltcbtc
1793,2019-09-09 17:32:04,1144.6959,etcusdt
1783,2019-09-09 17:32:05,14076.0099,ethusdt
1791,2019-09-09 17:32:07,48.9406,wtceth
1797,2019-09-09 17:32:12,50412.0737,btcusdt
1799,2019-09-09 17:32:15,0.0634,mcoeth
1797,2019-09-09 17:32:15,5300.4201,ethbtc
1797,2019-09-09 17:32:17,1034.4226,omgusdt
1784,2019-09-09 17:32:30,2237.9266,ethusdt
1786,2019-09-09 17:32:32,6.8619,gntusdt
1794,2019-09-09 17:32:34,2192.7146,etcusdt
1797,2019-09-09 17:32:35,840.1878,ltcusdt
1797,2019-09-09 17:32:35,12.9222,aeeth
1796,2019-09-09 17:32:41,23.8323,zrxusdt
1800,2019-09-09 17:32:42,0.7706,mcoeth
1789,2019-09-09 17:32:46,294.776,ltcbtc
1798,2019-09-09 17:32:49,8148.1084,ethbtc
1798,2019-09-09 17:32:50,1679.6691,omgusdt
1792,2019-09-09 17:32:51,30.2513,wtceth
1798,2019-09-09 17:32:52,23580.3727,btcusdt
1795,2019-09-09 17:33:03,3256.0724,etcusdt
1798,2019-09-09 17:33:03,4.7929,aeeth
1787,2019-09-09 17:33:03,23.8639,gntusdt
1797,2019-09-09 17:33:09,152.1171,zrxusdt
1801,2019-09-09 17:33:09,0.1036,mcoeth
1785,2019-09-09 17:33:14,3049.3268,ethusdt
1799,2019-09-09 17:33:16,3192.3204,ethbtc
1793,2019-09-09 17:33:16,43.7484,wtceth
1799,2019-09-09 17:33:18,9307.3897,btcusdt
1798,2019-09-09 17:33:20,3793.4415,ltcusdt
1790,2019-09-09 17:33:25,1672.7316,ltcbtc
1799,2019-09-09 17:33:26,1797.1636,omgusdt
1802,2019-09-09 17:33:34,0.6962,mcoeth
1796,2019-09-09 17:33:37,1302.1028,etcusdt
1786,2019-09-09 17:33:41,14793.6968,ethusdt
1799,2019-09-09 17:33:42,12.1424,aeeth
1800,2019-09-09 17:33:44,11748.4154,ethbtc
1800,2019-09-09 17:33:45,40266.8228,btcusdt
1788,2019-09-09 17:33:48,25.0702,gntusdt
1800,2019-09-09 17:33:51,1568.1449,omgusdt
1798,2019-09-09 17:33:51,44.7315,zrxusdt
1791,2019-09-09 17:33:54,4118.0069,ltcbtc
1794,2019-09-09 17:33:55,53.8485,wtceth
1799,2019-09-09 17:33:59,1534.1032,ltcusdt
1787,2019-09-09 17:34:06,7540.2993,ethusdt
1803,2019-09-09 17:34:08,0.0676,mcoeth
1801,2019-09-09 17:34:12,25370.5741,btcusdt
1800,2019-09-09 17:34:15,4.3477,aeeth
1789,2019-09-09 17:34:19,24.2224,gntusdt
1799,2019-09-09 17:34:19,64.7674,zrxusdt
1801,2019-09-09 17:34:20,5941.443,ethbtc
1792,2019-09-09 17:34:21,3740.3403,ltcbtc
1797,2019-09-09 17:34:21,2631.0976,etcusdt
1795,2019-09-09 17:34:23,12.2229,wtceth
1801,2019-09-09 17:34:25,1988.5794,omgusdt
1800,2019-09-09 17:34:25,2836.8025,ltcusdt
1802,2019-09-09 17:34:44,13422.0799,btcusdt
1800,2019-09-09 17:34:46,128.907,zrxusdt
1793,2019-09-09 17:34:48,2788.0271,ltcbtc
1796,2019-09-09 17:34:48,38.3153,wtceth
1804,2019-09-09 17:34:49,0.5057,mcoeth
1788,2019-09-09 17:34:50,16857.2632,ethusdt
1801,2019-09-09 17:34:52,1144.9619,ltcusdt
1802,2019-09-09 17:34:52,3838.7312,ethbtc
1798,2019-09-09 17:34:54,2688.4915,etcusdt
1801,2019-09-09 17:34:59,5.7585,aeeth
1802,2019-09-09 17:35:01,701.5382,omgusdt
1790,2019-09-09 17:35:01,8.8562,gntusdt
1797,2019-09-09 17:35:13,40.4627,wtceth
1789,2019-09-09 17:35:15,6152.589,ethusdt
1794,2019-09-09 17:35:15,309.968,ltcbtc
1805,2019-09-09 17:35:16,0.0684,mcoeth
1803,2019-09-09 17:35:16,13967.2649,btcusdt
1801,2019-09-09 17:35:17,152.4553,zrxusdt
1803,2019-09-09 17:35:27,12286.3623,ethbtc
1802,2019-09-09 17:35:28,6.0581,aeeth
1799,2019-09-09 17:35:28,2363.3131,etcusdt
1802,2019-09-09 17:35:31,3079.3482,ltcusdt
1791,2019-09-09 17:35:41,4.0315,gntusdt
1803,2019-09-09 17:35:41,19.0414,omgusdt
1795,2019-09-09 17:35:44,2929.2716,ltcbtc
1798,2019-09-09 17:35:45,32.0835,wtceth
1804,2019-09-09 17:35:47,2585.6087,btcusdt
1802,2019-09-09 17:35:47,190.4545,zrxusdt
1806,2019-09-09 17:35:53,0.2158,mcoeth
1790,2019-09-09 17:35:55,6038.0235,ethusdt
1803,2019-09-09 17:35:58,7.4741,aeeth
1800,2019-09-09 17:35:59,1006.9672,etcusdt
1804,2019-09-09 17:36:09,1299.6441,ethbtc
1799,2019-09-09 17:36:10,5.3508,wtceth
1803,2019-09-09 17:36:10,4894.0232,ltcusdt
1805,2019-09-09 17:36:16,35580.0032,btcusdt
1804,2019-09-09 17:36:16,2284.6976,omgusdt
1792,2019-09-09 17:36:18,8.5544,gntusdt
1807,2019-09-09 17:36:23,0.8367,mcoeth
1803,2019-09-09 17:36:24,2.3903,zrxusdt
1801,2019-09-09 17:36:28,654.2209,etcusdt
1796,2019-09-09 17:36:29,2171.5735,ltcbtc
1791,2019-09-09 17:36:29,9935.3798,ethusdt
1804,2019-09-09 17:36:34,8.6554,aeeth
1800,2019-09-09 17:36:37,29.1443,wtceth
1805,2019-09-09 17:36:44,7302.5554,ethbtc
1806,2019-09-09 17:36:53,31969.6238,btcusdt
1802,2019-09-09 17:36:53,2147.523,etcusdt
1804,2019-09-09 17:36:54,2544.7856,ltcusdt
1793,2019-09-09 17:36:56,17.182,gntusdt
1805,2019-09-09 17:36:57,2899.4342,omgusdt
1804,2019-09-09 17:37:00,9.1809,zrxusdt
1808,2019-09-09 17:37:02,0.194,mcoeth
1805,2019-09-09 17:37:08,12.5723,aeeth
1801,2019-09-09 17:37:12,0.5836,wtceth
1806,2019-09-09 17:37:13,2374.2095,ethbtc
1792,2019-09-09 17:37:13,13825.3777,ethusdt
1797,2019-09-09 17:37:14,1924.8991,ltcbtc
1803,2019-09-09 17:37:18,88.564,etcusdt
1807,2019-09-09 17:37:27,12988.4812,btcusdt
1805,2019-09-09 17:37:28,7.2734,zrxusdt
1806,2019-09-09 17:37:33,3194.4514,omgusdt
1805,2019-09-09 17:37:37,3559.1787,ltcusdt
1798,2019-09-09 17:37:39,4443.3509,ltcbtc
1806,2019-09-09 17:37:40,12.5884,aeeth
1794,2019-09-09 17:37:40,12.5636,gntusdt
1802,2019-09-09 17:37:40,8.8509,wtceth
1809,2019-09-09 17:37:43,0.3729,mcoeth
1793,2019-09-09 17:37:44,5297.4395,ethusdt
1804,2019-09-09 17:37:46,133.7754,etcusdt
1807,2019-09-09 17:37:57,9387.5047,ethbtc
1808,2019-09-09 17:38:02,39387.1659,btcusdt
1807,2019-09-09 17:38:08,62.2878,omgusdt
1795,2019-09-09 17:38:08,24.3169,gntusdt
1806,2019-09-09 17:38:13,44.667,zrxusdt
1803,2019-09-09 17:38:14,3.1546,wtceth
1799,2019-09-09 17:38:17,746.9675,ltcbtc
1806,2019-09-09 17:38:19,2497.9127,ltcusdt
1807,2019-09-09 17:38:23,10.2712,aeeth
1794,2019-09-09 17:38:24,14407.7518,ethusdt
1805,2019-09-09 17:38:24,1139.2066,etcusdt
1810,2019-09-09 17:38:26,0.8314,mcoeth
1809,2019-09-09 17:38:33,22108.7413,btcusdt
1808,2019-09-09 17:38:40,4590.1177,ethbtc
1800,2019-09-09 17:38:43,2170.0313,ltcbtc
1808,2019-09-09 17:38:44,2240.78,omgusdt
1796,2019-09-09 17:38:46,16.0501,gntusdt
1811,2019-09-09 17:38:51,0.2659,mcoeth
1807,2019-09-09 17:38:53,40.0677,zrxusdt
1804,2019-09-09 17:38:54,20.708,wtceth
1795,2019-09-09 17:38:56,7037.081,ethusdt
1807,2019-09-09 17:39:00,3630.2095,ltcusdt
1808,2019-09-09 17:39:02,11.1711,aeeth
1806,2019-09-09 17:39:03,468.5428,etcusdt
1810,2019-09-09 17:39:04,21479.6714,btcusdt
1801,2019-09-09 17:39:08,2949.2705,ltcbtc
1809,2019-09-09 17:39:20,347.2592,omgusdt
1809,2019-09-09 17:39:21,4924.9171,ethbtc
1797,2019-09-09 17:39:22,14.5534,gntusdt
1805,2019-09-09 17:39:27,2.3263,wtceth
1812,2019-09-09 17:39:30,0.3474,mcoeth
1809,2019-09-09 17:39:32,11.072,aeeth
1808,2019-09-09 17:39:33,121.8925,zrxusdt
1808,2019-09-09 17:39:34,126.865,ltcusdt
1796,2019-09-09 17:39:35,9976.1618,ethusdt
1811,2019-09-09 17:39:37,25578.5273,btcusdt
1807,2019-09-09 17:39:47,197.4603,etcusdt
1810,2019-09-09 17:39:49,346.9191,omgusdt
1798,2019-09-09 17:39:52,20.5667,gntusdt
1802,2019-09-09 17:39:53,3100.7961,ltcbtc
1806,2019-09-09 17:39:59,34.551,wtceth
1810,2019-09-09 17:40:02,6363.6008,ethbtc
1809,2019-09-09 17:40:07,2798.2216,ltcusdt
1813,2019-09-09 17:40:08,0.1259,mcoeth
1810,2019-09-09 17:40:09,6.4577,aeeth
1797,2019-09-09 17:40:12,8222.7616,ethusdt
1809,2019-09-09 17:40:12,158.7288,zrxusdt
1811,2019-09-09 17:40:16,2475.2487,omgusdt
1812,2019-09-09 17:40:18,38509.5096,btcusdt
1808,2019-09-09 17:40:24,2214.02,etcusdt
1807,2019-09-09 17:40:27,10.136,wtceth
1811,2019-09-09 17:40:32,2642.4403,ethbtc
1814,2019-09-09 17:40:33,0.6928,mcoeth
1810,2019-09-09 17:40:34,1511.1495,ltcusdt
1803,2019-09-09 17:40:34,1246.7048,ltcbtc
1799,2019-09-09 17:40:36,11.5873,gntusdt
1810,2019-09-09 17:40:40,58.1527,zrxusdt
1812,2019-09-09 17:40:48,3160.5932,omgusdt
1809,2019-09-09 17:40:50,1804.3568,etcusdt
1798,2019-09-09 17:40:50,8534.493,ethusdt
1811,2019-09-09 17:40:53,13.1605,aeeth
1813,2019-09-09 17:40:56,14135.1537,btcusdt
1808,2019-09-09 17:40:57,53.524,wtceth
1815,2019-09-09 17:40:59,0.266,mcoeth
1804,2019-09-09 17:41:07,4611.3704,ltcbtc
1800,2019-09-09 17:41:09,13.7571,gntusdt
1812,2019-09-09 17:41:10,8220.7297,ethbtc
1811,2019-09-09 17:41:14,5144.8975,ltcusdt
1813,2019-09-09 17:41:16,1089.48,omgusdt
1812,2019-09-09 17:41:19,2.5582,aeeth
1814,2019-09-09 17:41:25,49209.004,btcusdt
1811,2019-09-09 17:41:25,187.3469,zrxusdt
1810,2019-09-09 17:41:26,801.2903,etcusdt
1799,2019-09-09 17:41:30,5436.5353,ethusdt
1809,2019-09-09 17:41:35,33.2387,wtceth
1814,2019-09-09 17:41:41,1217.7988,omgusdt
1813,2019-09-09 17:41:41,12244.0102,ethbtc
1816,2019-09-09 17:41:43,0.2464,mcoeth
1805,2019-09-09 17:41:45,1398.11,ltcbtc
1801,2019-09-09 17:41:46,23.9206,gntusdt
1812,2019-09-09 17:41:50,339.5948,ltcusdt
1813,2019-09-09 17:41:52,4.0858,aeeth
1810,2019-09-09 17:42:00,6.7031,wtceth
1815,2019-09-09 17:42:04,28346.4923,btcusdt
1800,2019-09-09 17:42:04,9411.2574,ethusdt
1811,2019-09-09 17:42:04,1139.1952,etcusdt
1812,2019-09-09 17:42:08,28.2472,zrxusdt
1806,2019-09-09 17:42:11,512.6003,ltcbtc
1815,2019-09-09 17:42:11,1914.7065,omgusdt
1814,2019-09-09 17:42:12,12515.9816,ethbtc
1802,2019-09-09 17:42:17,9.8198,gntusdt
1814,2019-09-09 17:42:21,2.9078,aeeth
1813,2019-09-09 17:42:24,357.958,ltcusdt
1817,2019-09-09 17:42:25,0.4793,mcoeth
1811,2019-09-09 17:42:34,45.8692,wtceth
1807,2019-09-09 17:42:39,2774.8982,ltcbtc
1816,2019-09-09 17:42:40,3086.5556,omgusdt
1812,2019-09-09 17:42:41,340.3776,etcusdt
1815,2019-09-09 17:42:43,11514.5368,ethbtc
1813,2019-09-09 17:42:44,70.6304,zrxusdt
1801,2019-09-09 17:42:45,6584.1844,ethusdt
1816,2019-09-09 17:42:47,18358.3892,btcusdt
1815,2019-09-09 17:42:48,2.9055,aeeth
1814,2019-09-09 17:42:55,5150.9989,ltcusdt
1803,2019-09-09 17:42:58,8.5312,gntusdt
1818,2019-09-09 17:42:59,0.638,mcoeth
1812,2019-09-09 17:43:02,48.8822,wtceth
1816,2019-09-09 17:43:11,12226.456,ethbtc
1814,2019-09-09 17:43:12,2.4861,zrxusdt
1808,2019-09-09 17:43:13,3026.0616,ltcbtc
1817,2019-09-09 17:43:15,24266.1292,btcusdt
1817,2019-09-09 17:43:18,3261.1408,omgusdt
1813,2019-09-09 17:43:23,2426.6023,etcusdt
1815,2019-09-09 17:43:27,435.9128,ltcusdt
1802,2019-09-09 17:43:28,11242.0037,ethusdt
1819,2019-09-09 17:43:29,0.3327,mcoeth
1816,2019-09-09 17:43:32,10.9875,aeeth
1813,2019-09-09 17:43:35,31.8471,wtceth
1815,2019-09-09 17:43:38,155.4774,zrxusdt
1809,2019-09-09 17:43:40,1084.9493,ltcbtc
1804,2019-09-09 17:43:41,19.9187,gntusdt
1817,2019-09-09 17:43:44,3178.4948,ethbtc
1818,2019-09-09 17:43:47,1909.7941,omgusdt
1818,2019-09-09 17:43:50,51652.132,btcusdt
1817,2019-09-09 17:43:58,6.2459,aeeth
1803,2019-09-09 17:43:58,11118.9591,ethusdt
1816,2019-09-09 17:44:06,3404.59,ltcusdt
1814,2019-09-09 17:44:07,1961.4191,etcusdt
1818,2019-09-09 17:44:10,6489.4556,ethbtc
1816,2019-09-09 17:44:12,102.6236,zrxusdt
1820,2019-09-09 17:44:14,0.3761,mcoeth
1819,2019-09-09 17:44:17,3263.4976,omgusdt
1810,2019-09-09 17:44:20,1195.6883,ltcbtc
1814,2019-09-09 17:44:20,36.5116,wtceth
1819,2019-09-09 17:44:21,17529.1313,btcusdt
1805,2019-09-09 17:44:23,25.0349,gntusdt
1804,2019-09-09 17:44:26,7365.2338,ethusdt
1818,2019-09-09 17:44:30,10.3736,aeeth
1815,2019-09-09 17:44:37,2895.5977,etcusdt
1819,2019-09-09 17:44:38,3109.8905,ethbtc
1821,2019-09-09 17:44:44,0.4427,mcoeth
1815,2019-09-09 17:44:47,57.3076,wtceth
1811,2019-09-09 17:44:47,3527.4125,ltcbtc
1817,2019-09-09 17:44:51,3343.8862,ltcusdt
1817,2019-09-09 17:44:54,96.3023,zrxusdt
1820,2019-09-09 17:44:57,3071.9734,omgusdt
1820,2019-09-09 17:45:00,51977.8795,btcusdt
1806,2019-09-09 17:45:07,21.5675,gntusdt
1822,2019-09-09 17:45:09,0.493,mcoeth
1819,2019-09-09 17:45:09,12.5378,aeeth
1805,2019-09-09 17:45:10,15817.6911,ethusdt
1820,2019-09-09 17:45:12,9319.609,ethbtc
1816,2019-09-09 17:45:15,2497.7748,etcusdt
1816,2019-09-09 17:45:18,19.8505,wtceth
1818,2019-09-09 17:45:22,83.2857,zrxusdt
1812,2019-09-09 17:45:25,2613.8576,ltcbtc
1821,2019-09-09 17:45:28,35984.2609,btcusdt
1818,2019-09-09 17:45:28,5344.6646,ltcusdt
1821,2019-09-09 17:45:32,1356.186,omgusdt
1823,2019-09-09 17:45:39,0.496,mcoeth
1806,2019-09-09 17:45:42,14949.6419,ethusdt
1820,2019-09-09 17:45:44,3.0934,aeeth
1807,2019-09-09 17:45:45,2.7707,gntusdt
1821,2019-09-09 17:45:54,6838.9817,ethbtc
1817,2019-09-09 17:45:56,2962.2695,etcusdt
1813,2019-09-09 17:45:56,1022.3471,ltcbtc
1819,2019-09-09 17:45:57,187.5092,zrxusdt
1817,2019-09-09 17:45:57,44.2564,wtceth
1819,2019-09-09 17:45:58,5026.1441,ltcusdt
1822,2019-09-09 17:46:06,0.9293,omgusdt
1822,2019-09-09 17:46:07,20462.5792,btcusdt
1807,2019-09-09 17:46:14,3038.1475,ethusdt
1821,2019-09-09 17:46:15,3.1749,aeeth
1808,2019-09-09 17:46:20,8.0244,gntusdt
1818,2019-09-09 17:46:21,852.3096,etcusdt
1824,2019-09-09 17:46:24,0.4343,mcoeth
1822,2019-09-09 17:46:25,7468.8656,ethbtc
1814,2019-09-09 17:46:31,1892.251,ltcbtc
1823,2019-09-09 17:46:34,3184.6268,omgusdt
1823,2019-09-09 17:46:34,16696.2526,btcusdt
1820,2019-09-09 17:46:38,3695.9047,ltcusdt
1820,2019-09-09 17:46:39,112.8773,zrxusdt
1818,2019-09-09 17:46:41,23.5038,wtceth
1808,2019-09-09 17:46:50,2545.4521,ethusdt
1819,2019-09-09 17:46:52,2683.9773,etcusdt
1822,2019-09-09 17:46:54,12.2907,aeeth
1815,2019-09-09 17:47:02,3805.8722,ltcbtc
1823,2019-09-09 17:47:04,6605.0999,ethbtc
1809,2019-09-09 17:47:04,22.8779,gntusdt
1821,2019-09-09 17:47:05,187.7452,zrxusdt
1825,2019-09-09 17:47:05,0.6684,mcoeth
1824,2019-09-09 17:47:05,25805.3518,btcusdt
1819,2019-09-09 17:47:09,6.8922,wtceth
1824,2019-09-09 17:47:11,1582.1122,omgusdt
1821,2019-09-09 17:47:14,2909.6866,ltcusdt
1820,2019-09-09 17:47:27,16.3757,etcusdt
1809,2019-09-09 17:47:28,1513.854,ethusdt
1826,2019-09-09 17:47:31,0.6743,mcoeth
1823,2019-09-09 17:47:31,9.9763,aeeth
1825,2019-09-09 17:47:32,28869.24,btcusdt
1824,2019-09-09 17:47:33,1369.6163,ethbtc
1816,2019-09-09 17:47:44,1036.7817,ltcbtc
1822,2019-09-09 17:47:45,114.8752,zrxusdt
1810,2019-09-09 17:47:47,2.5592,gntusdt
1820,2019-09-09 17:47:51,54.7378,wtceth
1825,2019-09-09 17:47:51,1285.8669,omgusdt
1822,2019-09-09 17:47:56,4072.7213,ltcusdt
1810,2019-09-09 17:47:56,1468.6451,ethusdt
1824,2019-09-09 17:47:58,9.0935,aeeth
1827,2019-09-09 17:48:01,0.7373,mcoeth
1821,2019-09-09 17:48:09,1406.8759,etcusdt
1825,2019-09-09 17:48:12,3202.8588,ethbtc
1823,2019-09-09 17:48:15,173.1994,zrxusdt
1826,2019-09-09 17:48:16,47119.9126,btcusdt
1811,2019-09-09 17:48:19,15.7602,gntusdt
1826,2019-09-09 17:48:19,1179.3422,omgusdt
1811,2019-09-09 17:48:21,10251.0503,ethusdt
1817,2019-09-09 17:48:24,4165.16,ltcbtc
1825,2019-09-09 17:48:33,11.08,aeeth
1821,2019-09-09 17:48:34,43.2772,wtceth
1822,2019-09-09 17:48:35,1599.2265,etcusdt
1828,2019-09-09 17:48:36,0.4001,mcoeth
1823,2019-09-09 17:48:38,3312.7887,ltcusdt
1826,2019-09-09 17:48:46,10017.5169,ethbtc
1827,2019-09-09 17:48:51,11657.8943,btcusdt
1827,2019-09-09 17:48:55,2452.9518,omgusdt
1818,2019-09-09 17:48:58,3207.9944,ltcbtc
1824,2019-09-09 17:48:58,44.8883,zrxusdt
1812,2019-09-09 17:49:02,15.0534,gntusdt
1826,2019-09-09 17:49:05,6.0087,aeeth
1812,2019-09-09 17:49:06,11914.7675,ethusdt
1823,2019-09-09 17:49:08,1727.6173,etcusdt
1824,2019-09-09 17:49:09,3330.1638,ltcusdt
1829,2019-09-09 17:49:10,0.5512,mcoeth
1822,2019-09-09 17:49:16,52.2259,wtceth
1827,2019-09-09 17:49:17,8454.2777,ethbtc
1828,2019-09-09 17:49:19,15820.2647,btcusdt
1825,2019-09-09 17:49:29,175.1451,zrxusdt
1827,2019-09-09 17:49:34,3.7928,aeeth
1819,2019-09-09 17:49:38,4569.9078,ltcbtc
1828,2019-09-09 17:49:40,2077.5471,omgusdt
1813,2019-09-09 17:49:42,12706.4111,ethusdt
1813,2019-09-09 17:49:43,24.6024,gntusdt
1825,2019-09-09 17:49:45,4573.3813,ltcusdt
1830,2019-09-09 17:49:46,0.2363,mcoeth
1829,2019-09-09 17:49:48,15942.5166,btcusdt
1828,2019-09-09 17:49:49,77.6313,ethbtc
1824,2019-09-09 17:49:53,2260.4309,etcusdt
1823,2019-09-09 17:49:59,33.6819,wtceth
1828,2019-09-09 17:50:07,1.5568,aeeth
1826,2019-09-09 17:50:08,125.2792,zrxusdt
1826,2019-09-09 17:50:11,5022.7192,ltcusdt
1829,2019-09-09 17:50:13,354.2258,omgusdt
1820,2019-09-09 17:50:15,4303.8857,ltcbtc
1814,2019-09-09 17:50:18,3.893,gntusdt
1830,2019-09-09 17:50:22,53622.9612,btcusdt
1829,2019-09-09 17:50:24,2657.1469,ethbtc
1831,2019-09-09 17:50:26,0.3812,mcoeth
1814,2019-09-09 17:50:27,15422.184,ethusdt
1824,2019-09-09 17:50:30,55.3312,wtceth
1825,2019-09-09 17:50:31,2777.9272,etcusdt
1827,2019-09-09 17:50:36,2887.8198,ltcusdt
1830,2019-09-09 17:50:41,1640.4976,omgusdt
1821,2019-09-09 17:50:43,2440.2921,ltcbtc
1829,2019-09-09 17:50:46,12.1382,aeeth
1827,2019-09-09 17:50:48,159.5395,zrxusdt
1815,2019-09-09 17:50:50,2.6675,gntusdt
1832,2019-09-09 17:50:54,0.4428,mcoeth
1830,2019-09-09 17:50:57,12267.5172,ethbtc
1831,2019-09-09 17:51:02,22135.3502,btcusdt
1831,2019-09-09 17:51:08,338.4454,omgusdt
1828,2019-09-09 17:51:08,1680.6437,ltcusdt
1825,2019-09-09 17:51:12,43.0051,wtceth
1826,2019-09-09 17:51:12,3076.7218,etcusdt
1815,2019-09-09 17:51:12,13167.3517,ethusdt
1822,2019-09-09 17:51:13,1930.9205,ltcbtc
1816,2019-09-09 17:51:15,20.3404,gntusdt
1830,2019-09-09 17:51:17,10.639,aeeth
1833,2019-09-09 17:51:30,0.0993,mcoeth
1828,2019-09-09 17:51:30,69.5289,zrxusdt
1829,2019-09-09 17:51:38,2612.66,ltcusdt
1823,2019-09-09 17:51:41,821.0815,ltcbtc
1831,2019-09-09 17:51:41,1744.0976,ethbtc
1832,2019-09-09 17:51:42,54417.8145,btcusdt
1816,2019-09-09 17:51:46,15886.7797,ethusdt
1817,2019-09-09 17:51:47,10.5016,gntusdt
1832,2019-09-09 17:51:49,639.0978,omgusdt
1826,2019-09-09 17:51:53,26.8049,wtceth
1834,2019-09-09 17:51:55,0.0238,mcoeth
1827,2019-09-09 17:51:55,1653.8223,etcusdt
1831,2019-09-09 17:51:58,2.7961,aeeth
1833,2019-09-09 17:52:07,12943.4935,btcusdt
1832,2019-09-09 17:52:09,11423.0662,ethbtc
1830,2019-09-09 17:52:10,3714.1234,ltcusdt
1824,2019-09-09 17:52:12,975.2154,ltcbtc
1829,2019-09-09 17:52:14,86.9224,zrxusdt
1833,2019-09-09 17:52:19,713.1606,omgusdt
1817,2019-09-09 17:52:24,208.9945,ethusdt
1818,2019-09-09 17:52:26,10.6772,gntusdt
1827,2019-09-09 17:52:27,34.3641,wtceth
1828,2019-09-09 17:52:29,1112.7846,etcusdt
1835,2019-09-09 17:52:36,0.8821,mcoeth
1832,2019-09-09 17:52:41,4.2133,aeeth
1834,2019-09-09 17:52:44,44618.0595,btcusdt
1825,2019-09-09 17:52:47,4132.0569,ltcbtc
1831,2019-09-09 17:52:48,5098.0807,ltcusdt
1818,2019-09-09 17:52:52,1902.8017,ethusdt
1833,2019-09-09 17:52:53,12931.6091,ethbtc
1830,2019-09-09 17:52:54,103.0887,zrxusdt
1834,2019-09-09 17:52:56,387.3141,omgusdt
1829,2019-09-09 17:53:01,252.5446,etcusdt
1819,2019-09-09 17:53:01,17.6848,gntusdt
1828,2019-09-09 17:53:06,40.0794,wtceth
1833,2019-09-09 17:53:07,10.1395,aeeth
1836,2019-09-09 17:53:11,0.7765,mcoeth
1835,2019-09-09 17:53:14,47284.3923,btcusdt
1834,2019-09-09 17:53:21,8982.3657,ethbtc
1819,2019-09-09 17:53:22,14143.6901,ethusdt
1826,2019-09-09 17:53:23,1196.7074,ltcbtc
1831,2019-09-09 17:53:26,137.2579,zrxusdt
1832,2019-09-09 17:53:32,182.213,ltcusdt
1830,2019-09-09 17:53:38,3153.7451,etcusdt
1835,2019-09-09 17:53:40,2986.4135,omgusdt
1836,2019-09-09 17:53:43,12225.2117,btcusdt
1829,2019-09-09 17:53:44,5.2395,wtceth
1820,2019-09-09 17:53:44,19.8296,gntusdt
1837,2019-09-09 17:53:46,0.8004,mcoeth
1834,2019-09-09 17:53:47,3.4896,aeeth
1820,2019-09-09 17:53:48,4134.5167,ethusdt
1833,2019-09-09 17:53:59,2460.693,ltcusdt
1835,2019-09-09 17:54:00,5280.8326,ethbtc
1832,2019-09-09 17:54:02,117.6705,zrxusdt
1827,2019-09-09 17:54:04,1451.183,ltcbtc
1836,2019-09-09 17:54:06,734.863,omgusdt
1830,2019-09-09 17:54:09,15.909,wtceth
1821,2019-09-09 17:54:18,9693.5231,ethusdt
1831,2019-09-09 17:54:19,1989.5945,etcusdt
1837,2019-09-09 17:54:22,44736.3578,btcusdt
1838,2019-09-09 17:54:24,0.3848,mcoeth
1835,2019-09-09 17:54:25,1.0078,aeeth
1836,2019-09-09 17:54:28,4106.7136,ethbtc
1821,2019-09-09 17:54:29,6.6852,gntusdt
1834,2019-09-09 17:54:31,4698.0051,ltcusdt
1828,2019-09-09 17:54:32,2042.1503,ltcbtc
1837,2019-09-09 17:54:36,1172.0081,omgusdt
1833,2019-09-09 17:54:39,75.5659,zrxusdt
1822,2019-09-09 17:54:52,10010.3211,ethusdt
1831,2019-09-09 17:54:54,47.7685,wtceth
1832,2019-09-09 17:54:54,3229.5274,etcusdt
1839,2019-09-09 17:54:56,0.3387,mcoeth
1836,2019-09-09 17:54:57,5.0752,aeeth
1829,2019-09-09 17:54:59,92.0396,ltcbtc
1835,2019-09-09 17:54:59,3266.3577,ltcusdt
1837,2019-09-09 17:55:01,7980.4261,ethbtc
1838,2019-09-09 17:55:05,599.973,omgusdt
1838,2019-09-09 17:55:07,11564.4311,btcusdt
1822,2019-09-09 17:55:10,10.9177,gntusdt
1834,2019-09-09 17:55:24,100.1491,zrxusdt
1823,2019-09-09 17:55:25,16381.4259,ethusdt
1837,2019-09-09 17:55:29,1.0061,aeeth
1838,2019-09-09 17:55:30,4928.2722,ethbtc
1833,2019-09-09 17:55:36,2330.6713,etcusdt
1832,2019-09-09 17:55:37,32.9048,wtceth
1830,2019-09-09 17:55:38,1389.2683,ltcbtc
1840,2019-09-09 17:55:39,0.6423,mcoeth
1836,2019-09-09 17:55:39,2328.8421,ltcusdt
1839,2019-09-09 17:55:44,966.4314,omgusdt
1839,2019-09-09 17:55:45,13767.2529,btcusdt
1823,2019-09-09 17:55:48,3.9793,gntusdt
1835,2019-09-09 17:55:55,143.3777,zrxusdt
1824,2019-09-09 17:55:56,14377.2758,ethusdt
1839,2019-09-09 17:56:00,9899.4653,ethbtc
1838,2019-09-09 17:56:02,0.7167,aeeth
1840,2019-09-09 17:56:12,39991.4629,btcusdt
1841,2019-09-09 17:56:12,0.7845,mcoeth
1837,2019-09-09 17:56:13,3687.7172,ltcusdt
1831,2019-09-09 17:56:16,3606.8186,ltcbtc
1834,2019-09-09 17:56:18,300.0659,etcusdt
1833,2019-09-09 17:56:19,28.0679,wtceth
1825,2019-09-09 17:56:26,3024.2781,ethusdt
1836,2019-09-09 17:56:26,36.0061,zrxusdt
1840,2019-09-09 17:56:27,101.8043,omgusdt
1824,2019-09-09 17:56:28,10.0628,gntusdt
1840,2019-09-09 17:56:32,10433.9268,ethbtc
1839,2019-09-09 17:56:38,5.9846,aeeth
1842,2019-09-09 17:56:38,0.0303,mcoeth
1832,2019-09-09 17:56:44,311.3202,ltcbtc
1838,2019-09-09 17:56:51,3761.5581,ltcusdt
1841,2019-09-09 17:56:51,38171.9052,btcusdt
1834,2019-09-09 17:56:52,2.8659,wtceth
1835,2019-09-09 17:56:54,1353.6921,etcusdt
1841,2019-09-09 17:57:05,6636.1504,ethbtc
1843,2019-09-09 17:57:05,0.7207,mcoeth
1841,2019-09-09 17:57:06,2702.6315,omgusdt
1837,2019-09-09 17:57:09,176.911,zrxusdt
1825,2019-09-09 17:57:09,10.969,gntusdt
1826,2019-09-09 17:57:10,1631.2301,ethusdt
1840,2019-09-09 17:57:21,4.0932,aeeth
1839,2019-09-09 17:57:21,185.5433,ltcusdt
1836,2019-09-09 17:57:22,2413.0183,etcusdt
1842,2019-09-09 17:57:24,8576.0966,btcusdt
1833,2019-09-09 17:57:29,2070.0995,ltcbtc
1838,2019-09-09 17:57:35,47.0314,zrxusdt
1835,2019-09-09 17:57:37,46.1684,wtceth
1842,2019-09-09 17:57:40,635.8438,omgusdt
1844,2019-09-09 17:57:40,0.5673,mcoeth
1842,2019-09-09 17:57:45,1575.0752,ethbtc
1827,2019-09-09 17:57:53,15926.2579,ethusdt
1834,2019-09-09 17:57:54,1157.7752,ltcbtc
1826,2019-09-09 17:57:54,3.7734,gntusdt
1840,2019-09-09 17:57:59,2167.6618,ltcusdt
1837,2019-09-09 17:58:03,3363.5628,etcusdt
1843,2019-09-09 17:58:05,1043.2115,btcusdt
1841,2019-09-09 17:58:06,12.4631,aeeth
1839,2019-09-09 17:58:11,183.3111,zrxusdt
1836,2019-09-09 17:58:13,0.0174,wtceth
1845,2019-09-09 17:58:14,0.8103,mcoeth
1843,2019-09-09 17:58:23,3243.6071,omgusdt
1843,2019-09-09 17:58:25,1705.7141,ethbtc
1838,2019-09-09 17:58:28,930.1843,etcusdt
1835,2019-09-09 17:58:29,1096.985,ltcbtc
1828,2019-09-09 17:58:34,2960.4493,ethusdt
1827,2019-09-09 17:58:37,15.2534,gntusdt
1844,2019-09-09 17:58:38,658.8,btcusdt
1837,2019-09-09 17:58:41,51.2033,wtceth
1841,2019-09-09 17:58:42,2920.2817,ltcusdt
1842,2019-09-09 17:58:46,3.2813,aeeth
1840,2019-09-09 17:58:47,3.1255,zrxusdt
1846,2019-09-09 17:58:51,0.4039,mcoeth
1844,2019-09-09 17:58:54,1269.3277,omgusdt
1836,2019-09-09 17:58:55,4470.1323,ltcbtc
1839,2019-09-09 17:58:56,1860.0269,etcusdt
1844,2019-09-09 17:59:10,1997.4129,ethbtc
1828,2019-09-09 17:59:11,3.1187,gntusdt
1847,2019-09-09 17:59:17,0.3352,mcoeth
1829,2019-09-09 17:59:19,10240.656,ethusdt
1842,2019-09-09 17:59:21,4715.174,ltcusdt
1845,2019-09-09 17:59:22,26263.4847,btcusdt
1838,2019-09-09 17:59:22,24.1443,wtceth
1843,2019-09-09 17:59:26,11.5179,aeeth
1841,2019-09-09 17:59:28,190.7029,zrxusdt
1837,2019-09-09 17:59:31,3322.3092,ltcbtc
1845,2019-09-09 17:59:31,545.4068,omgusdt
1840,2019-09-09 17:59:32,2452.5691,etcusdt
1839,2019-09-09 17:59:49,34.4238,wtceth
1829,2019-09-09 17:59:51,22.373,gntusdt
1848,2019-09-09 17:59:51,0.6665,mcoeth
1845,2019-09-09 17:59:54,12361.0239,ethbtc
1844,2019-09-09 17:59:57,6.5985,aeeth
1846,2019-09-09 17:59:58,30327.2855,btcusdt
1843,2019-09-09 17:59:59,3401.7831,ltcusdt
1849,2019-09-09 18:00:26,0.2105,mcoeth
1846,2019-09-09 18:00:26,220.4018,omgusdt
1842,2019-09-09 18:00:28,92.2921,zrxusdt
1845,2019-09-09 18:00:29,7.1115,aeeth
1830,2019-09-09 18:00:29,3749.9267,ethusdt
1838,2019-09-09 18:00:30,2224.1133,ltcbtc
1830,2019-09-09 18:00:32,2.0866,gntusdt
1847,2019-09-09 18:00:36,19536.1978,btcusdt
1846,2019-09-09 18:00:37,3035.5479,ethbtc
1841,2019-09-09 18:00:39,2229.9971,etcusdt
1844,2019-09-09 18:00:39,3897.302,ltcusdt
1840,2019-09-09 18:00:39,14.2094,wtceth
1847,2019-09-09 18:00:55,4271.5623,omgusdt
1843,2019-09-09 18:00:56,137.8357,zrxusdt
1839,2019-09-09 18:00:58,3099.3721,ltcbtc
1831,2019-09-09 18:00:59,19.2264,gntusdt
1846,2019-09-09 18:01:00,13.9996,aeeth
1845,2019-09-09 18:01:07,4700.56,ltcusdt
1850,2019-09-09 18:01:07,1.0775,mcoeth
1842,2019-09-09 18:01:09,2882.981,etcusdt
1831,2019-09-09 18:01:10,654.6962,ethusdt
1847,2019-09-09 18:01:18,297.8295,ethbtc
1841,2019-09-09 18:01:18,47.6534,wtceth
1848,2019-09-09 18:01:21,56390.4494,btcusdt
1840,2019-09-09 18:01:25,4753.8023,ltcbtc
1832,2019-09-09 18:01:27,28.6075,gntusdt
1847,2019-09-09 18:01:33,10.56,aeeth
1843,2019-09-09 18:01:34,260.6435,etcusdt
1851,2019-09-09 18:01:38,0.7872,mcoeth
1846,2019-09-09 18:01:38,275.1615,ltcusdt
1844,2019-09-09 18:01:40,78.2641,zrxusdt
1848,2019-09-09 18:01:40,1576.7828,omgusdt
1841,2019-09-09 18:01:50,2738.9278,ltcbtc
1832,2019-09-09 18:01:51,13021.1741,ethusdt
1833,2019-09-09 18:01:53,25.0499,gntusdt
1842,2019-09-09 18:01:53,0.6575,wtceth
1848,2019-09-09 18:01:56,12042.4797,ethbtc
1849,2019-09-09 18:02:00,5737.7105,btcusdt
1844,2019-09-09 18:02:01,1331.2934,etcusdt
1849,2019-09-09 18:02:08,1126.0764,omgusdt
1845,2019-09-09 18:02:09,99.3026,zrxusdt
1848,2019-09-09 18:02:14,11.7301,aeeth
1843,2019-09-09 18:02:18,80.9886,wtceth
1852,2019-09-09 18:02:19,0.6246,mcoeth
1842,2019-09-09 18:02:20,1581.5329,ltcbtc
1847,2019-09-09 18:02:21,7144.7954,ltcusdt
1849,2019-09-09 18:02:23,9019.1709,ethbtc
1833,2019-09-09 18:02:28,8898.4019,ethusdt
1850,2019-09-09 18:02:33,53843.9662,btcusdt
1834,2019-09-09 18:02:36,24.6972,gntusdt
1850,2019-09-09 18:02:42,4526.5852,omgusdt
1849,2019-09-09 18:02:42,11.4365,aeeth
1845,2019-09-09 18:02:45,1298.6336,etcusdt
1846,2019-09-09 18:02:49,75.2857,zrxusdt
1853,2019-09-09 18:02:52,0.0,mcoeth
1844,2019-09-09 18:02:57,47.7195,wtceth
1848,2019-09-09 18:03:01,4041.8877,ltcusdt
1843,2019-09-09 18:03:03,3916.4621,ltcbtc
1850,2019-09-09 18:03:04,6311.3587,ethbtc
1851,2019-09-09 18:03:09,211.9347,btcusdt
1835,2019-09-09 18:03:10,20.9343,gntusdt
1834,2019-09-09 18:03:10,12644.1153,ethusdt
1846,2019-09-09 18:03:14,1738.9729,etcusdt
1851,2019-09-09 18:03:22,4175.1904,omgusdt
1854,2019-09-09 18:03:24,0.627,mcoeth
1850,2019-09-09 18:03:27,9.2828,aeeth
1844,2019-09-09 18:03:30,30.8951,ltcbtc
1849,2019-09-09 18:03:30,3436.7576,ltcusdt
1847,2019-09-09 18:03:31,16.1361,zrxusdt
1851,2019-09-09 18:03:39,14126.7888,ethbtc
1836,2019-09-09 18:03:41,8.7343,gntusdt
1845,2019-09-09 18:03:41,23.6182,wtceth
1847,2019-09-09 18:03:48,3490.4118,etcusdt
1835,2019-09-09 18:03:53,14682.015,ethusdt
1852,2019-09-09 18:03:54,39259.2747,btcusdt
1850,2019-09-09 18:03:55,5328.557,ltcusdt
1852,2019-09-09 18:03:55,3866.6476,omgusdt
1855,2019-09-09 18:04:00,0.6494,mcoeth
1848,2019-09-09 18:04:00,144.9834,zrxusdt
1845,2019-09-09 18:04:10,3254.8564,ltcbtc
1837,2019-09-09 18:04:11,13.404,gntusdt
1851,2019-09-09 18:04:11,4.3553,aeeth
1852,2019-09-09 18:04:12,6789.9807,ethbtc
1848,2019-09-09 18:04:17,41.6514,etcusdt
1846,2019-09-09 18:04:25,29.9899,wtceth
1853,2019-09-09 18:04:28,62160.1505,btcusdt
1853,2019-09-09 18:04:29,4373.5808,omgusdt
1851,2019-09-09 18:04:33,4538.5966,ltcusdt
1849,2019-09-09 18:04:36,85.2848,zrxusdt
1836,2019-09-09 18:04:37,1259.4677,ethusdt
1856,2019-09-09 18:04:42,0.1955,mcoeth
1838,2019-09-09 18:04:43,15.6982,gntusdt
1846,2019-09-09 18:04:46,1150.0833,ltcbtc
1853,2019-09-09 18:04:56,12128.1223,ethbtc
1852,2019-09-09 18:04:56,0.3726,aeeth
1847,2019-09-09 18:04:56,37.4339,wtceth
1849,2019-09-09 18:04:59,1777.7456,etcusdt
1854,2019-09-09 18:05:00,51683.2001,btcusdt
1850,2019-09-09 18:05:01,46.8137,zrxusdt
1852,2019-09-09 18:05:09,2534.9983,ltcusdt
1854,2019-09-09 18:05:14,3366.1994,omgusdt
1857,2019-09-09 18:05:18,0.6239,mcoeth
1837,2019-09-09 18:05:21,12031.3718,ethusdt
1854,2019-09-09 18:05:25,9186.7004,ethbtc
1839,2019-09-09 18:05:28,14.0317,gntusdt
1851,2019-09-09 18:05:28,134.0907,zrxusdt
1853,2019-09-09 18:05:30,12.5028,aeeth
1847,2019-09-09 18:05:31,5344.7607,ltcbtc
1848,2019-09-09 18:05:34,10.1717,wtceth
1853,2019-09-09 18:05:35,616.9545,ltcusdt
1855,2019-09-09 18:05:37,37431.0471,btcusdt
1855,2019-09-09 18:05:39,1588.5538,omgusdt
1850,2019-09-09 18:05:41,777.3261,etcusdt
1838,2019-09-09 18:05:51,2232.9606,ethusdt
1840,2019-09-09 18:05:53,24.0509,gntusdt
1858,2019-09-09 18:05:58,0.2214,mcoeth
1855,2019-09-09 18:05:59,11746.3295,ethbtc
1849,2019-09-09 18:06:01,19.3508,wtceth
1854,2019-09-09 18:06:04,6610.6828,ltcusdt
1854,2019-09-09 18:06:05,1.6612,aeeth
1848,2019-09-09 18:06:05,1736.9953,ltcbtc
1851,2019-09-09 18:06:10,1834.8421,etcusdt
1856,2019-09-09 18:06:10,116.3136,omgusdt
1852,2019-09-09 18:06:11,49.3747,zrxusdt
1856,2019-09-09 18:06:15,59785.0697,btcusdt
1850,2019-09-09 18:06:30,4.7848,wtceth
1855,2019-09-09 18:06:31,6977.7193,ltcusdt
1856,2019-09-09 18:06:31,9193.7624,ethbtc
1859,2019-09-09 18:06:33,0.5901,mcoeth
1841,2019-09-09 18:06:33,23.9819,gntusdt
1839,2019-09-09 18:06:34,14928.1828,ethusdt
1857,2019-09-09 18:06:35,3490.8709,omgusdt
1852,2019-09-09 18:06:37,1229.7044,etcusdt
1853,2019-09-09 18:06:42,102.8439,zrxusdt
1849,2019-09-09 18:06:46,2548.1275,ltcbtc
1855,2019-09-09 18:06:48,12.7957,aeeth
1857,2019-09-09 18:06:53,11427.7528,btcusdt
1857,2019-09-09 18:06:58,3484.0124,ethbtc
1840,2019-09-09 18:07:00,5699.12,ethusdt
1842,2019-09-09 18:07:02,13.1053,gntusdt
1851,2019-09-09 18:07:04,59.8498,wtceth
1858,2019-09-09 18:07:09,3329.5328,omgusdt
1860,2019-09-09 18:07:12,0.2925,mcoeth
1854,2019-09-09 18:07:14,18.4164,zrxusdt
1856,2019-09-09 18:07:14,3714.1807,ltcusdt
1856,2019-09-09 18:07:17,4.2288,aeeth
1850,2019-09-09 18:07:19,6153.3791,ltcbtc
1853,2019-09-09 18:07:21,1421.8851,etcusdt
1858,2019-09-09 18:07:37,28339.4303,btcusdt
1852,2019-09-09 18:07:38,46.365,wtceth
1859,2019-09-09 18:07:39,3764.596,omgusdt
1858,2019-09-09 18:07:42,14605.5863,ethbtc
1857,2019-09-09 18:07:43,3.1225,aeeth
1841,2019-09-09 18:07:43,11334.9664,ethusdt
1843,2019-09-09 18:07:45,5.3553,gntusdt
1851,2019-09-09 18:07:45,7235.5486,ltcbtc
1854,2019-09-09 18:07:50,1131.7251,etcusdt
1857,2019-09-09 18:07:52,3114.8287,ltcusdt
1861,2019-09-09 18:07:55,0.1894,mcoeth
1855,2019-09-09 18:07:59,110.5812,zrxusdt
1859,2019-09-09 18:08:05,31855.5638,btcusdt
1858,2019-09-09 18:08:11,14.0828,aeeth
1853,2019-09-09 18:08:14,37.9193,wtceth
1852,2019-09-09 18:08:19,475.6044,ltcbtc
1859,2019-09-09 18:08:19,2716.2732,ethbtc
1842,2019-09-09 18:08:21,2648.749,ethusdt
1860,2019-09-09 18:08:24,1687.1104,omgusdt
1862,2019-09-09 18:08:27,0.4959,mcoeth
1855,2019-09-09 18:08:27,1482.0411,etcusdt
1844,2019-09-09 18:08:30,9.1302,gntusdt
1856,2019-09-09 18:08:31,169.8829,zrxusdt
1860,2019-09-09 18:08:34,36696.0245,btcusdt
1858,2019-09-09 18:08:37,6877.05,ltcusdt
1859,2019-09-09 18:08:42,5.3385,aeeth
1860,2019-09-09 18:08:46,5235.0492,ethbtc
1853,2019-09-09 18:08:47,660.884,ltcbtc
1843,2019-09-09 18:08:52,12125.4062,ethusdt
1854,2019-09-09 18:08:54,30.8685,wtceth
1861,2019-09-09 18:09:00,627.3076,omgusdt
1859,2019-09-09 18:09:02,1134.2752,ltcusdt
1860,2019-09-09 18:09:08,3.0131,aeeth
1856,2019-09-09 18:09:12,2287.143,etcusdt
1863,2019-09-09 18:09:12,0.0931,mcoeth
1845,2019-09-09 18:09:13,24.3401,gntusdt
1857,2019-09-09 18:09:14,112.0829,zrxusdt
1854,2019-09-09 18:09:15,3141.6016,ltcbtc
1861,2019-09-09 18:09:19,56467.0733,btcusdt
1855,2019-09-09 18:09:24,19.4745,wtceth
1861,2019-09-09 18:09:25,1326.0462,ethbtc
1862,2019-09-09 18:09:33,4366.2953,omgusdt
1844,2019-09-09 18:09:36,4996.7622,ethusdt
1858,2019-09-09 18:09:44,117.0743,zrxusdt
1860,2019-09-09 18:09:45,6660.0944,ltcusdt
1857,2019-09-09 18:09:46,2980.5139,etcusdt
1855,2019-09-09 18:09:46,5682.5844,ltcbtc
1846,2019-09-09 18:09:48,0.2206,gntusdt
1861,2019-09-09 18:09:52,8.8873,aeeth
1864,2019-09-09 18:09:53,1.1134,mcoeth
1862,2019-09-09 18:09:56,42942.557,btcusdt
1856,2019-09-09 18:09:59,26.6313,wtceth
1862,2019-09-09 18:10:08,10290.7209,ethbtc
1863,2019-09-09 18:10:08,4666.8544,omgusdt
1859,2019-09-09 18:10:10,151.9716,zrxusdt
1845,2019-09-09 18:10:14,11294.8883,ethusdt
1861,2019-09-09 18:10:15,6667.9926,ltcusdt
1858,2019-09-09 18:10:16,3143.209,etcusdt
1856,2019-09-09 18:10:19,6031.9773,ltcbtc
1862,2019-09-09 18:10:20,12.7617,aeeth
1847,2019-09-09 18:10:28,26.7345,gntusdt
1864,2019-09-09 18:10:33,2882.4009,omgusdt
1865,2019-09-09 18:10:35,0.9645,mcoeth
1863,2019-09-09 18:10:40,28601.579,btcusdt
1857,2019-09-09 18:10:41,44.9806,wtceth
1859,2019-09-09 18:10:42,1431.8351,etcusdt
1860,2019-09-09 18:10:49,78.365,zrxusdt
1863,2019-09-09 18:10:50,8290.4698,ethbtc
1846,2019-09-09 18:10:57,16338.3736,ethusdt
1862,2019-09-09 18:11:00,5908.2874,ltcusdt
1866,2019-09-09 18:11:04,0.7659,mcoeth
1857,2019-09-09 18:11:04,4895.3058,ltcbtc
1863,2019-09-09 18:11:05,10.675,aeeth
1864,2019-09-09 18:11:08,18957.0159,btcusdt
1848,2019-09-09 18:11:08,3.3085,gntusdt
1858,2019-09-09 18:11:16,48.0341,wtceth
1865,2019-09-09 18:11:18,1040.7071,omgusdt
1860,2019-09-09 18:11:20,1971.503,etcusdt
1863,2019-09-09 18:11:25,4581.1945,ltcusdt
1861,2019-09-09 18:11:31,54.1808,zrxusdt
1864,2019-09-09 18:11:31,12192.9878,ethbtc
1867,2019-09-09 18:11:34,0.8472,mcoeth
1858,2019-09-09 18:11:34,698.3671,ltcbtc
1847,2019-09-09 18:11:39,12535.2901,ethusdt
1864,2019-09-09 18:11:41,0.4042,aeeth
1865,2019-09-09 18:11:48,23743.3855,btcusdt
1849,2019-09-09 18:11:49,20.64,gntusdt
1862,2019-09-09 18:11:57,2.1386,zrxusdt
1859,2019-09-09 18:11:58,55.8463,wtceth
1859,2019-09-09 18:12:00,3878.5454,ltcbtc
1866,2019-09-09 18:12:01,3705.789,omgusdt
1865,2019-09-09 18:12:02,9469.3528,ethbtc
1868,2019-09-09 18:12:04,0.1144,mcoeth
1861,2019-09-09 18:12:04,1933.9163,etcusdt
1848,2019-09-09 18:12:08,15783.4082,ethusdt
1864,2019-09-09 18:12:09,636.7646,ltcusdt
1865,2019-09-09 18:12:11,1.9443,aeeth
1850,2019-09-09 18:12:19,25.9666,gntusdt
1866,2019-09-09 18:12:20,40647.1004,btcusdt
1860,2019-09-09 18:12:25,4998.7823,ltcbtc
1866,2019-09-09 18:12:28,12600.7374,ethbtc
1869,2019-09-09 18:12:29,0.9585,mcoeth
1860,2019-09-09 18:12:36,60.6877,wtceth
1863,2019-09-09 18:12:39,30.1506,zrxusdt
1866,2019-09-09 18:12:39,5.7556,aeeth
1867,2019-09-09 18:12:40,2951.7637,omgusdt
1849,2019-09-09 18:12:43,16254.5072,ethusdt
1862,2019-09-09 18:12:44,2032.0465,etcusdt
1867,2019-09-09 18:12:45,59547.748,btcusdt
1865,2019-09-09 18:12:46,6822.6679,ltcusdt
1851,2019-09-09 18:12:47,16.4631,gntusdt
1861,2019-09-09 18:13:02,2408.0766,ltcbtc
1867,2019-09-09 18:13:04,7159.0855,ethbtc
1870,2019-09-09 18:13:09,0.2331,mcoeth
1868,2019-09-09 18:13:11,35628.9254,btcusdt
1867,2019-09-09 18:13:12,6.1845,aeeth
1861,2019-09-09 18:13:14,37.9502,wtceth
1852,2019-09-09 18:13:18,14.9224,gntusdt
1850,2019-09-09 18:13:20,9978.8738,ethusdt
1864,2019-09-09 18:13:21,103.8541,zrxusdt
1866,2019-09-09 18:13:21,5290.5577,ltcusdt
1868,2019-09-09 18:13:25,2026.6141,omgusdt
1863,2019-09-09 18:13:29,1908.7701,etcusdt
1862,2019-09-09 18:13:29,4553.722,ltcbtc
1868,2019-09-09 18:13:36,6901.3891,ethbtc
1869,2019-09-09 18:13:43,64360.4733,btcusdt
1871,2019-09-09 18:13:43,0.4017,mcoeth
1867,2019-09-09 18:13:46,4741.6255,ltcusdt
1862,2019-09-09 18:13:47,20.6323,wtceth
1853,2019-09-09 18:13:50,19.5955,gntusdt
1851,2019-09-09 18:13:51,9502.855,ethusdt
1864,2019-09-09 18:13:55,2348.733,etcusdt
1868,2019-09-09 18:13:55,10.0026,aeeth
1869,2019-09-09 18:13:56,800.4644,omgusdt
1865,2019-09-09 18:13:57,141.1078,zrxusdt
1869,2019-09-09 18:14:05,8543.8578,ethbtc
1863,2019-09-09 18:14:08,6819.0498,ltcbtc
1870,2019-09-09 18:14:14,25041.4251,btcusdt
1872,2019-09-09 18:14:17,0.9656,mcoeth
1863,2019-09-09 18:14:21,59.5374,wtceth
1869,2019-09-09 18:14:22,0.7693,aeeth
1868,2019-09-09 18:14:22,4340.2644,ltcusdt
1865,2019-09-09 18:14:28,419.1121,etcusdt
1854,2019-09-09 18:14:29,12.5093,gntusdt
1852,2019-09-09 18:14:33,5676.2797,ethusdt
1864,2019-09-09 18:14:34,1873.7759,ltcbtc
1866,2019-09-09 18:14:37,116.8065,zrxusdt
1870,2019-09-09 18:14:37,3.4601,omgusdt
1870,2019-09-09 18:14:38,4155.0373,ethbtc
1870,2019-09-09 18:14:47,1.9989,aeeth
1869,2019-09-09 18:14:53,2862.9868,ltcusdt
1871,2019-09-09 18:14:57,3036.8432,btcusdt
1864,2019-09-09 18:14:58,26.0501,wtceth
1853,2019-09-09 18:14:58,13257.4027,ethusdt
1873,2019-09-09 18:15:01,0.568,mcoeth
1855,2019-09-09 18:15:02,28.4131,gntusdt
1865,2019-09-09 18:15:12,1768.8796,ltcbtc
1871,2019-09-09 18:15:12,13827.2057,ethbtc
1871,2019-09-09 18:15:12,2.0849,aeeth
1871,2019-09-09 18:15:12,3595.197,omgusdt
1866,2019-09-09 18:15:13,3214.8996,etcusdt
1867,2019-09-09 18:15:21,143.4145,zrxusdt
1872,2019-09-09 18:15:25,49321.7402,btcusdt
1854,2019-09-09 18:15:26,6895.7264,ethusdt
1870,2019-09-09 18:15:27,6802.5084,ltcusdt
1874,2019-09-09 18:15:30,0.7076,mcoeth
1865,2019-09-09 18:15:38,33.0136,wtceth
1872,2019-09-09 18:15:39,7080.6812,ethbtc
1856,2019-09-09 18:15:40,24.1472,gntusdt
1867,2019-09-09 18:15:41,1794.9472,etcusdt
1866,2019-09-09 18:15:43,7056.275,ltcbtc
1872,2019-09-09 18:15:43,1582.3923,omgusdt
1872,2019-09-09 18:15:47,8.937,aeeth
1868,2019-09-09 18:15:53,170.7839,zrxusdt
1875,2019-09-09 18:15:57,0.4225,mcoeth
1873,2019-09-09 18:15:58,47326.1684,btcusdt
1871,2019-09-09 18:16:00,4317.0093,ltcusdt
1855,2019-09-09 18:16:06,12127.5597,ethusdt
1867,2019-09-09 18:16:11,1344.4455,ltcbtc
1857,2019-09-09 18:16:11,0.5316,gntusdt
1866,2019-09-09 18:16:16,59.1797,wtceth
1873,2019-09-09 18:16:17,10552.6207,ethbtc
1873,2019-09-09 18:16:22,6.7558,aeeth
1876,2019-09-09 18:16:23,0.1683,mcoeth
1868,2019-09-09 18:16:25,2399.2661,etcusdt
1874,2019-09-09 18:16:28,44986.3859,btcusdt
1873,2019-09-09 18:16:28,4917.5839,omgusdt
1869,2019-09-09 18:16:33,55.2408,zrxusdt
1872,2019-09-09 18:16:39,5500.6029,ltcusdt
1856,2019-09-09 18:16:43,3631.0637,ethusdt
1858,2019-09-09 18:16:44,17.3062,gntusdt
1869,2019-09-09 18:16:51,1735.7508,etcusdt
1868,2019-09-09 18:16:52,3137.7326,ltcbtc
1874,2019-09-09 18:16:53,4.0734,aeeth
1875,2019-09-09 18:16:53,61677.4844,btcusdt
1867,2019-09-09 18:16:53,3.4692,wtceth
1874,2019-09-09 18:16:55,8007.3254,ethbtc
1877,2019-09-09 18:16:56,0.1289,mcoeth
1874,2019-09-09 18:17:08,375.8549,omgusdt
1870,2019-09-09 18:17:11,168.4907,zrxusdt
1857,2019-09-09 18:17:15,7938.3763,ethusdt
1859,2019-09-09 18:17:17,0.9299,gntusdt
1876,2019-09-09 18:17:19,38097.8758,btcusdt
1873,2019-09-09 18:17:22,494.7132,ltcusdt
1875,2019-09-09 18:17:26,0.3172,aeeth
1868,2019-09-09 18:17:27,61.7574,wtceth
1869,2019-09-09 18:17:30,5262.3601,ltcbtc
1870,2019-09-09 18:17:36,549.0805,etcusdt
1871,2019-09-09 18:17:36,115.6536,zrxusdt
1875,2019-09-09 18:17:37,3006.446,ethbtc
1878,2019-09-09 18:17:40,0.3349,mcoeth
1858,2019-09-09 18:17:42,5431.7354,ethusdt
1875,2019-09-09 18:17:47,1773.5301,omgusdt
1877,2019-09-09 18:17:47,25258.2537,btcusdt
1876,2019-09-09 18:17:53,12.3678,aeeth
1860,2019-09-09 18:17:57,2.5015,gntusdt
1869,2019-09-09 18:18:02,55.3778,wtceth
1874,2019-09-09 18:18:03,2220.4639,ltcusdt
1870,2019-09-09 18:18:05,4454.9008,ltcbtc
1876,2019-09-09 18:18:07,1670.0735,ethbtc
1872,2019-09-09 18:18:08,45.468,zrxusdt
1878,2019-09-09 18:18:13,31424.4319,btcusdt
1876,2019-09-09 18:18:15,4540.107,omgusdt
1879,2019-09-09 18:18:15,1.0788,mcoeth
1871,2019-09-09 18:18:16,2890.4931,etcusdt
1859,2019-09-09 18:18:19,10193.5033,ethusdt
1870,2019-09-09 18:18:27,69.8538,wtceth
1861,2019-09-09 18:18:29,13.378,gntusdt
1877,2019-09-09 18:18:31,6.6403,aeeth
1877,2019-09-09 18:18:34,1776.6803,ethbtc
1875,2019-09-09 18:18:41,6197.6491,ltcusdt
1872,2019-09-09 18:18:42,1533.0125,etcusdt
1871,2019-09-09 18:18:42,3125.9438,ltcbtc
1879,2019-09-09 18:18:44,15935.991,btcusdt
1873,2019-09-09 18:18:51,149.0997,zrxusdt
1862,2019-09-09 18:18:54,27.3341,gntusdt
1880,2019-09-09 18:18:54,0.3589,mcoeth
1860,2019-09-09 18:18:55,11171.4966,ethusdt
1871,2019-09-09 18:18:57,20.7038,wtceth
1877,2019-09-09 18:18:58,2187.6163,omgusdt
1878,2019-09-09 18:19:02,2.5668,aeeth
1873,2019-09-09 18:19:13,3057.3449,etcusdt
1878,2019-09-09 18:19:13,6023.9007,ethbtc
1880,2019-09-09 18:19:23,2607.1839,btcusdt
1878,2019-09-09 18:19:23,1250.0806,omgusdt
1872,2019-09-09 18:19:25,53.2344,wtceth
1876,2019-09-09 18:19:25,2225.2922,ltcusdt
1863,2019-09-09 18:19:25,24.0759,gntusdt
1872,2019-09-09 18:19:26,1572.5835,ltcbtc
1861,2019-09-09 18:19:32,10998.9299,ethusdt
1874,2019-09-09 18:19:35,24.4242,zrxusdt
1881,2019-09-09 18:19:38,0.112,mcoeth
1879,2019-09-09 18:19:41,9.3439,aeeth
1879,2019-09-09 18:19:50,12681.9185,ethbtc
1874,2019-09-09 18:19:55,1828.0673,etcusdt
1864,2019-09-09 18:19:57,24.7513,gntusdt
1879,2019-09-09 18:19:58,1082.6065,omgusdt
1881,2019-09-09 18:20:01,35924.9171,btcusdt
1877,2019-09-09 18:20:03,2589.2935,ltcusdt
1873,2019-09-09 18:20:05,70.4331,wtceth
1862,2019-09-09 18:20:05,5234.7552,ethusdt
1880,2019-09-09 18:20:08,2.5116,aeeth
1873,2019-09-09 18:20:09,4541.5893,ltcbtc
1882,2019-09-09 18:20:15,0.8644,mcoeth
1875,2019-09-09 18:20:18,149.2751,zrxusdt
1875,2019-09-09 18:20:21,3296.0428,etcusdt
1865,2019-09-09 18:20:23,16.4558,gntusdt
1880,2019-09-09 18:20:24,9416.7395,ethbtc
1880,2019-09-09 18:20:25,565.836,omgusdt
1878,2019-09-09 18:20:29,1967.7216,ltcusdt
1874,2019-09-09 18:20:30,48.8665,wtceth
1882,2019-09-09 18:20:37,58938.1109,btcusdt
1874,2019-09-09 18:20:38,5002.1094,ltcbtc
1863,2019-09-09 18:20:44,6616.693,ethusdt
1876,2019-09-09 18:20:47,120.1945,zrxusdt
1876,2019-09-09 18:20:49,748.7182,etcusdt
1881,2019-09-09 18:20:53,12.6237,aeeth
1883,2019-09-09 18:20:53,0.4221,mcoeth
1881,2019-09-09 18:20:54,13540.0949,ethbtc
1875,2019-09-09 18:20:58,10.2276,wtceth
1879,2019-09-09 18:21:03,7143.664,ltcusdt
1875,2019-09-09 18:21:06,2716.3846,ltcbtc
1866,2019-09-09 18:21:06,16.7326,gntusdt
1881,2019-09-09 18:21:07,4401.2199,omgusdt
1877,2019-09-09 18:21:13,20.0778,zrxusdt
1883,2019-09-09 18:21:15,38873.5456,btcusdt
1864,2019-09-09 18:21:26,14772.8812,ethusdt
1884,2019-09-09 18:21:29,1.1859,mcoeth
1882,2019-09-09 18:21:30,0.7887,aeeth
1877,2019-09-09 18:21:32,1910.617,etcusdt
1867,2019-09-09 18:21:32,7.3737,gntusdt
1882,2019-09-09 18:21:35,14451.1988,ethbtc
1876,2019-09-09 18:21:35,71.9068,wtceth
1876,2019-09-09 18:21:41,4228.117,ltcbtc
1882,2019-09-09 18:21:42,2266.4157,omgusdt
1878,2019-09-09 18:21:47,9.4678,zrxusdt
1880,2019-09-09 18:21:47,2964.6296,ltcusdt
1883,2019-09-09 18:21:55,12.1413,aeeth
1884,2019-09-09 18:21:56,25180.168,btcusdt
1865,2019-09-09 18:21:59,5666.8358,ethusdt
1868,2019-09-09 18:22:02,7.9961,gntusdt
1877,2019-09-09 18:22:04,12.9376,wtceth
1877,2019-09-09 18:22:10,2832.668,ltcbtc
1885,2019-09-09 18:22:11,0.5441,mcoeth
1878,2019-09-09 18:22:12,1780.9176,etcusdt
1879,2019-09-09 18:22:16,163.4128,zrxusdt
1883,2019-09-09 18:22:16,10022.368,ethbtc
1881,2019-09-09 18:22:18,695.0913,ltcusdt
1883,2019-09-09 18:22:21,3847.7419,omgusdt
1884,2019-09-09 18:22:24,9.2704,aeeth
1885,2019-09-09 18:22:29,63915.6211,btcusdt
1869,2019-09-09 18:22:30,22.7932,gntusdt
1878,2019-09-09 18:22:36,49.0015,wtceth
1866,2019-09-09 18:22:41,15249.1789,ethusdt
1885,2019-09-09 18:22:49,0.4704,aeeth
1882,2019-09-09 18:22:50,6386.8514,ltcusdt
1879,2019-09-09 18:22:50,1002.4952,etcusdt
1886,2019-09-09 18:22:52,0.204,mcoeth
1884,2019-09-09 18:22:53,2315.8249,omgusdt
1878,2019-09-09 18:22:53,1483.6663,ltcbtc
1880,2019-09-09 18:22:54,112.455,zrxusdt
1870,2019-09-09 18:22:55,14.5795,gntusdt
1884,2019-09-09 18:22:58,2758.5556,ethbtc
1886,2019-09-09 18:23:04,41702.2208,btcusdt
1867,2019-09-09 18:23:14,10871.0912,ethusdt
1879,2019-09-09 18:23:15,11.702,wtceth
1886,2019-09-09 18:23:16,4.7849,aeeth
1887,2019-09-09 18:23:18,0.8111,mcoeth
1885,2019-09-09 18:23:22,157.5058,omgusdt
1880,2019-09-09 18:23:27,690.467,etcusdt
1871,2019-09-09 18:23:28,8.5407,gntusdt
1883,2019-09-09 18:23:30,1348.4775,ltcusdt
1885,2019-09-09 18:23:32,5873.1591,ethbtc
1879,2019-09-09 18:23:33,3220.374,ltcbtc
1881,2019-09-09 18:23:36,71.6113,zrxusdt
1887,2019-09-09 18:23:46,30259.9194,btcusdt
1868,2019-09-09 18:23:47,10650.2756,ethusdt
1886,2019-09-09 18:23:53,3158.3988,omgusdt
1880,2019-09-09 18:23:55,6.2091,wtceth
1884,2019-09-09 18:23:58,2789.1502,ltcusdt
1872,2019-09-09 18:24:00,1.7451,gntusdt
1887,2019-09-09 18:24:01,5.3409,aeeth
1888,2019-09-09 18:24:02,0.5715,mcoeth
1881,2019-09-09 18:24:03,261.0993,etcusdt
1880,2019-09-09 18:24:03,327.1359,ltcbtc
1882,2019-09-09 18:24:12,105.1152,zrxusdt
1886,2019-09-09 18:24:14,1846.7387,ethbtc
1888,2019-09-09 18:24:17,40607.6363,btcusdt
1873,2019-09-09 18:24:27,20.4004,gntusdt
1888,2019-09-09 18:24:27,6.1076,aeeth
1882,2019-09-09 18:24:28,3157.8938,etcusdt
1869,2019-09-09 18:24:28,7689.4737,ethusdt
1881,2019-09-09 18:24:34,11.1683,wtceth
1887,2019-09-09 18:24:35,2443.6288,omgusdt
1885,2019-09-09 18:24:36,3778.2628,ltcusdt
1889,2019-09-09 18:24:39,1.0853,mcoeth
1887,2019-09-09 18:24:42,6114.53,ethbtc
1881,2019-09-09 18:24:45,5344.3871,ltcbtc
1889,2019-09-09 18:24:48,12437.8287,btcusdt
1883,2019-09-09 18:24:51,124.1014,zrxusdt
1883,2019-09-09 18:24:53,2407.2073,etcusdt
1889,2019-09-09 18:25:02,12.0332,aeeth
1870,2019-09-09 18:25:03,527.9702,ethusdt
1886,2019-09-09 18:25:05,6095.2578,ltcusdt
1882,2019-09-09 18:25:06,47.1505,wtceth
1874,2019-09-09 18:25:10,9.2089,gntusdt
1890,2019-09-09 18:25:11,0.3731,mcoeth
1888,2019-09-09 18:25:12,12973.708,ethbtc
1888,2019-09-09 18:25:12,3439.3598,omgusdt
1882,2019-09-09 18:25:16,5614.2882,ltcbtc
1890,2019-09-09 18:25:23,8951.0517,btcusdt
1884,2019-09-09 18:25:24,57.1818,zrxusdt
1884,2019-09-09 18:25:26,1212.2031,etcusdt
1883,2019-09-09 18:25:32,63.961,wtceth
1871,2019-09-09 18:25:36,12759.2698,ethusdt
1875,2019-09-09 18:25:36,13.0455,gntusdt
1889,2019-09-09 18:25:37,2737.8704,omgusdt
1891,2019-09-09 18:25:38,0.4391,mcoeth
1890,2019-09-09 18:25:39,11.1608,aeeth
1887,2019-09-09 18:25:47,7167.0389,ltcusdt
1883,2019-09-09 18:25:54,250.5416,ltcbtc
1885,2019-09-09 18:25:55,123.1154,zrxusdt
1889,2019-09-09 18:25:57,2126.959,ethbtc
1884,2019-09-09 18:25:59,39.9513,wtceth
1872,2019-09-09 18:26:04,10605.5797,ethusdt
1891,2019-09-09 18:26:06,3011.0398,btcusdt
1885,2019-09-09 18:26:06,2274.5846,etcusdt
1890,2019-09-09 18:26:07,4133.4294,omgusdt
1892,2019-09-09 18:26:11,1.1873,mcoeth
1876,2019-09-09 18:26:12,14.476,gntusdt
1888,2019-09-09 18:26:12,3396.809,ltcusdt
1891,2019-09-09 18:26:15,4.2529,aeeth
1884,2019-09-09 18:26:23,4782.7316,ltcbtc
1886,2019-09-09 18:26:30,43.9321,zrxusdt
1890,2019-09-09 18:26:30,10788.5639,ethbtc
1892,2019-09-09 18:26:32,7973.1208,btcusdt
1886,2019-09-09 18:26:36,3088.9039,etcusdt
1893,2019-09-09 18:26:36,0.6116,mcoeth
1885,2019-09-09 18:26:37,85.7489,wtceth
1877,2019-09-09 18:26:38,20.2377,gntusdt
1891,2019-09-09 18:26:40,2144.7951,omgusdt
1892,2019-09-09 18:26:41,11.6007,aeeth
1873,2019-09-09 18:26:47,14155.9907,ethusdt
1885,2019-09-09 18:26:48,3308.2271,ltcbtc
1889,2019-09-09 18:26:51,3315.3753,ltcusdt
1893,2019-09-09 18:27:01,8476.5406,btcusdt
1886,2019-09-09 18:27:02,43.4415,wtceth
1891,2019-09-09 18:27:04,360.2944,ethbtc
1878,2019-09-09 18:27:06,20.7412,gntusdt
1894,2019-09-09 18:27:08,1.1311,mcoeth
1887,2019-09-09 18:27:10,80.1824,zrxusdt
1874,2019-09-09 18:27:15,12809.6651,ethusdt
1887,2019-09-09 18:27:15,3275.0371,etcusdt
1893,2019-09-09 18:27:21,11.2492,aeeth
1886,2019-09-09 18:27:21,6198.9231,ltcbtc
1892,2019-09-09 18:27:23,3225.3961,omgusdt
1890,2019-09-09 18:27:23,6411.7997,ltcusdt
1892,2019-09-09 18:27:31,11764.1986,ethbtc
1888,2019-09-09 18:27:38,22.5738,zrxusdt
1894,2019-09-09 18:27:39,30479.0813,btcusdt
1887,2019-09-09 18:27:39,24.8663,wtceth
1888,2019-09-09 18:27:45,628.8071,etcusdt
1891,2019-09-09 18:27:48,950.9199,ltcusdt
1875,2019-09-09 18:27:48,12848.173,ethusdt
1895,2019-09-09 18:27:50,1.1644,mcoeth
1879,2019-09-09 18:27:51,16.8452,gntusdt
1887,2019-09-09 18:28:02,4862.6579,ltcbtc
1894,2019-09-09 18:28:02,12.8211,aeeth
1893,2019-09-09 18:28:03,4300.1443,omgusdt
1893,2019-09-09 18:28:09,10179.3297,ethbtc
1889,2019-09-09 18:28:10,32.7181,zrxusdt
1895,2019-09-09 18:28:11,54854.884,btcusdt
1889,2019-09-09 18:28:18,3180.5585,etcusdt
1888,2019-09-09 18:28:24,69.1559,wtceth
1896,2019-09-09 18:28:24,0.1229,mcoeth
1876,2019-09-09 18:28:25,1144.2423,ethusdt
1892,2019-09-09 18:28:29,6034.3281,ltcusdt
1894,2019-09-09 18:28:30,3953.2956,omgusdt
1880,2019-09-09 18:28:30,7.4414,gntusdt
1888,2019-09-09 18:28:39,2443.4657,ltcbtc
1895,2019-09-09 18:28:39,3.5187,aeeth
1896,2019-09-09 18:28:51,22011.0732,btcusdt
1890,2019-09-09 18:28:51,16.9638,zrxusdt
1894,2019-09-09 18:28:52,14271.1246,ethbtc
1877,2019-09-09 18:28:53,12010.8982,ethusdt
1890,2019-09-09 18:29:03,432.2008,etcusdt
1893,2019-09-09 18:29:04,3068.955,ltcusdt
1889,2019-09-09 18:29:05,73.753,wtceth
1881,2019-09-09 18:29:05,17.4221,gntusdt
1897,2019-09-09 18:29:06,0.9272,mcoeth
1896,2019-09-09 18:29:10,3.1933,aeeth
1895,2019-09-09 18:29:14,122.044,omgusdt
1897,2019-09-09 18:29:19,21571.6359,btcusdt
1889,2019-09-09 18:29:23,6581.1243,ltcbtc
1891,2019-09-09 18:29:25,4.3534,zrxusdt
1878,2019-09-09 18:29:32,15222.5064,ethusdt
1895,2019-09-09 18:29:34,1101.213,ethbtc
1882,2019-09-09 18:29:36,4.6655,gntusdt
1891,2019-09-09 18:29:41,3426.2752,etcusdt
1890,2019-09-09 18:29:43,61.9414,wtceth
1896,2019-09-09 18:29:45,313.5519,omgusdt
1897,2019-09-09 18:29:47,4.5372,aeeth
1898,2019-09-09 18:29:48,0.4069,mcoeth
1894,2019-09-09 18:29:48,2628.322,ltcusdt
1879,2019-09-09 18:30:00,8198.196,ethusdt
1896,2019-09-09 18:30:02,10826.2208,ethbtc
1892,2019-09-09 18:30:04,134.0637,zrxusdt
1898,2019-09-09 18:30:04,28655.8216,btcusdt
1890,2019-09-09 18:30:05,3788.8732,ltcbtc
1883,2019-09-09 18:30:14,10.8903,gntusdt
1899,2019-09-09 18:30:19,0.1369,mcoeth
1898,2019-09-09 18:30:21,6.1522,aeeth
1892,2019-09-09 18:30:23,2233.8426,etcusdt
1891,2019-09-09 18:30:24,23.989,wtceth
1880,2019-09-09 18:30:26,7760.9779,ethusdt
1897,2019-09-09 18:30:29,4752.6066,omgusdt
1893,2019-09-09 18:30:29,5.7645,zrxusdt
1895,2019-09-09 18:30:29,3227.634,ltcusdt
1899,2019-09-09 18:30:31,3914.4091,btcusdt
1891,2019-09-09 18:30:40,3769.4527,ltcbtc
1897,2019-09-09 18:30:40,5260.8603,ethbtc
1894,2019-09-09 18:30:56,103.5168,zrxusdt
1884,2019-09-09 18:30:56,10.4214,gntusdt
1893,2019-09-09 18:30:59,679.6251,etcusdt
1900,2019-09-09 18:31:01,1463.7814,btcusdt
1881,2019-09-09 18:31:01,5349.5215,ethusdt
1898,2019-09-09 18:31:03,923.42,omgusdt
1899,2019-09-09 18:31:04,7.6325,aeeth
1900,2019-09-09 18:31:04,0.0729,mcoeth
1892,2019-09-09 18:31:06,79.5439,wtceth
1896,2019-09-09 18:31:08,1365.7625,ltcusdt
1892,2019-09-09 18:31:08,2139.6127,ltcbtc
1898,2019-09-09 18:31:20,3107.881,ethbtc
1885,2019-09-09 18:31:23,8.5258,gntusdt
1894,2019-09-09 18:31:28,3040.0067,etcusdt
1882,2019-09-09 18:31:36,11059.9623,ethusdt
1897,2019-09-09 18:31:37,690.7168,ltcusdt
1899,2019-09-09 18:31:38,743.7278,omgusdt
1893,2019-09-09 18:31:38,1329.2225,ltcbtc
1895,2019-09-09 18:31:39,105.0734,zrxusdt
1900,2019-09-09 18:31:40,2.6463,aeeth
1901,2019-09-09 18:31:41,16403.4933,btcusdt
1901,2019-09-09 18:31:46,0.526,mcoeth
1893,2019-09-09 18:31:47,84.5052,wtceth
1886,2019-09-09 18:31:50,1.4229,gntusdt
1895,2019-09-09 18:31:59,639.5691,etcusdt
1899,2019-09-09 18:32:01,6349.7735,ethbtc
1883,2019-09-09 18:32:07,7436.0847,ethusdt
1896,2019-09-09 18:32:09,159.2294,zrxusdt
1894,2019-09-09 18:32:11,2658.7215,ltcbtc
1901,2019-09-09 18:32:14,3.2877,aeeth
1900,2019-09-09 18:32:16,3193.7549,omgusdt
1898,2019-09-09 18:32:17,6243.9792,ltcusdt
1902,2019-09-09 18:32:18,0.5998,mcoeth
1887,2019-09-09 18:32:20,14.2413,gntusdt
1894,2019-09-09 18:32:25,81.8466,wtceth
1902,2019-09-09 18:32:26,52103.3217,btcusdt
1896,2019-09-09 18:32:37,1634.4028,etcusdt
1900,2019-09-09 18:32:38,895.0707,ethbtc
1902,2019-09-09 18:32:41,8.135,aeeth
1884,2019-09-09 18:32:44,9853.7465,ethusdt
1897,2019-09-09 18:32:46,133.4079,zrxusdt
1899,2019-09-09 18:32:51,3708.5175,ltcusdt
1895,2019-09-09 18:32:53,3486.9562,ltcbtc
1903,2019-09-09 18:32:55,4496.4686,btcusdt
1895,2019-09-09 18:32:57,31.4655,wtceth
1903,2019-09-09 18:32:57,0.5325,mcoeth
1901,2019-09-09 18:32:59,3726.1864,omgusdt
1888,2019-09-09 18:33:05,18.8652,gntusdt
1897,2019-09-09 18:33:08,1392.8127,etcusdt
1901,2019-09-09 18:33:13,2135.1617,ethbtc
1903,2019-09-09 18:33:18,11.2897,aeeth
1885,2019-09-09 18:33:19,8427.4341,ethusdt
1896,2019-09-09 18:33:20,1381.1249,ltcbtc
1898,2019-09-09 18:33:26,128.6258,zrxusdt
1900,2019-09-09 18:33:27,5691.5228,ltcusdt
1904,2019-09-09 18:33:28,0.9784,mcoeth
1902,2019-09-09 18:33:29,405.0763,omgusdt
1904,2019-09-09 18:33:31,52956.9339,btcusdt
1896,2019-09-09 18:33:36,55.3582,wtceth
1898,2019-09-09 18:33:38,3002.7179,etcusdt
1889,2019-09-09 18:33:45,29.1048,gntusdt
1886,2019-09-09 18:33:48,5821.5224,ethusdt
1904,2019-09-09 18:33:49,11.1434,aeeth
1902,2019-09-09 18:33:53,12410.4659,ethbtc
1903,2019-09-09 18:33:54,3329.7106,omgusdt
1905,2019-09-09 18:33:56,6172.2627,btcusdt
1901,2019-09-09 18:33:56,2187.0657,ltcusdt
1897,2019-09-09 18:34:01,2154.8001,ltcbtc
1905,2019-09-09 18:34:06,1.0797,mcoeth
1899,2019-09-09 18:34:10,93.922,zrxusdt
1897,2019-09-09 18:34:15,39.7549,wtceth
1887,2019-09-09 18:34:19,281.7375,ethusdt
1899,2019-09-09 18:34:21,163.4387,etcusdt
1904,2019-09-09 18:34:23,3530.0398,omgusdt
1898,2019-09-09 18:34:27,3632.6098,ltcbtc
1905,2019-09-09 18:34:27,5.285,aeeth
1890,2019-09-09 18:34:28,6.2063,gntusdt
1902,2019-09-09 18:34:35,82.7504,ltcusdt
1906,2019-09-09 18:34:36,0.9611,mcoeth
1903,2019-09-09 18:34:37,1601.6949,ethbtc
1906,2019-09-09 18:34:41,12107.7772,btcusdt
1900,2019-09-09 18:34:44,121.6888,zrxusdt
1888,2019-09-09 18:34:47,13075.7661,ethusdt
1898,2019-09-09 18:34:53,62.7416,wtceth
1900,2019-09-09 18:34:55,80.6885,etcusdt
1905,2019-09-09 18:34:59,2621.2154,omgusdt
1906,2019-09-09 18:35:04,14.2119,aeeth
1899,2019-09-09 18:35:04,2066.8588,ltcbtc
1903,2019-09-09 18:35:06,4224.9385,ltcusdt
1891,2019-09-09 18:35:07,25.0992,gntusdt
1907,2019-09-09 18:35:09,0.4792,mcoeth
1904,2019-09-09 18:35:11,12140.828,ethbtc
1907,2019-09-09 18:35:15,44885.0613,btcusdt
1889,2019-09-09 18:35:17,4566.5444,ethusdt
1901,2019-09-09 18:35:23,961.1396,etcusdt
1906,2019-09-09 18:35:25,2306.1765,omgusdt
1901,2019-09-09 18:35:26,127.8785,zrxusdt
1899,2019-09-09 18:35:29,56.7391,wtceth
1892,2019-09-09 18:35:34,15.1955,gntusdt
1904,2019-09-09 18:35:37,5464.5675,ltcusdt
1905,2019-09-09 18:35:37,2778.0618,ethbtc
1900,2019-09-09 18:35:37,871.1328,ltcbtc
1907,2019-09-09 18:35:38,11.5671,aeeth
1908,2019-09-09 18:35:47,1.0696,mcoeth
1908,2019-09-09 18:35:49,13873.0668,btcusdt
1902,2019-09-09 18:35:53,2759.9518,etcusdt
1900,2019-09-09 18:35:54,50.8606,wtceth
1907,2019-09-09 18:35:57,67.5649,omgusdt
1890,2019-09-09 18:36:00,5351.834,ethusdt
1906,2019-09-09 18:36:02,4179.0986,ethbtc
1902,2019-09-09 18:36:02,149.0762,zrxusdt
1901,2019-09-09 18:36:03,1690.0354,ltcbtc
1893,2019-09-09 18:36:05,14.5602,gntusdt
1908,2019-09-09 18:36:08,3.8327,aeeth
1905,2019-09-09 18:36:11,3903.0214,ltcusdt
1903,2019-09-09 18:36:20,227.7568,etcusdt
1909,2019-09-09 18:36:25,9485.2179,btcusdt
1909,2019-09-09 18:36:29,0.5265,mcoeth
1902,2019-09-09 18:36:33,4676.3592,ltcbtc
1891,2019-09-09 18:36:33,15479.4213,ethusdt
1907,2019-09-09 18:36:37,10742.7545,ethbtc
1901,2019-09-09 18:36:38,40.9711,wtceth
1903,2019-09-09 18:36:39,82.8629,zrxusdt
1908,2019-09-09 18:36:40,2856.8219,omgusdt
1906,2019-09-09 18:36:41,4805.4771,ltcusdt
1909,2019-09-09 18:36:43,0.9792,aeeth
1904,2019-09-09 18:36:48,2286.6899,etcusdt
1894,2019-09-09 18:36:50,21.2605,gntusdt
1910,2019-09-09 18:36:53,16928.9317,btcusdt
1892,2019-09-09 18:36:59,5312.4968,ethusdt
1902,2019-09-09 18:37:08,28.2248,wtceth
1904,2019-09-09 18:37:08,112.8936,zrxusdt
1903,2019-09-09 18:37:09,7053.8635,ltcbtc
1910,2019-09-09 18:37:10,0.2294,mcoeth
1907,2019-09-09 18:37:11,1119.7282,ltcusdt
1909,2019-09-09 18:37:11,3758.8905,omgusdt
1908,2019-09-09 18:37:16,6570.1848,ethbtc
1895,2019-09-09 18:37:20,25.3338,gntusdt
1905,2019-09-09 18:37:24,3592.5822,etcusdt
1910,2019-09-09 18:37:24,7.7874,aeeth
1893,2019-09-09 18:37:27,6230.886,ethusdt
1911,2019-09-09 18:37:33,19505.7784,btcusdt
1905,2019-09-09 18:37:37,152.0213,zrxusdt
1903,2019-09-09 18:37:41,50.6119,wtceth
1909,2019-09-09 18:37:42,2878.3842,ethbtc
1911,2019-09-09 18:37:44,0.0337,mcoeth
1906,2019-09-09 18:37:50,3277.7967,etcusdt
1908,2019-09-09 18:37:50,5324.3719,ltcusdt
1904,2019-09-09 18:37:51,6980.4052,ltcbtc
1910,2019-09-09 18:37:53,2082.2496,omgusdt
1911,2019-09-09 18:37:55,8.9583,aeeth
1894,2019-09-09 18:37:58,7430.4457,ethusdt
1896,2019-09-09 18:38:01,10.2946,gntusdt
1912,2019-09-09 18:38:01,61606.8606,btcusdt
1906,2019-09-09 18:38:03,171.4472,zrxusdt
1912,2019-09-09 18:38:09,0.927,mcoeth
1904,2019-09-09 18:38:11,66.9233,wtceth
1910,2019-09-09 18:38:15,1298.1872,ethbtc
1912,2019-09-09 18:38:24,2.5439,aeeth
1907,2019-09-09 18:38:24,2101.6785,etcusdt
1895,2019-09-09 18:38:24,14136.7696,ethusdt
1913,2019-09-09 18:38:30,64894.0544,btcusdt
1911,2019-09-09 18:38:30,1787.8779,omgusdt
1905,2019-09-09 18:38:31,41.4672,ltcbtc
1909,2019-09-09 18:38:31,860.9976,ltcusdt
1913,2019-09-09 18:38:38,0.089,mcoeth
1897,2019-09-09 18:38:39,14.8427,gntusdt
1905,2019-09-09 18:38:41,8.0965,wtceth
1907,2019-09-09 18:38:42,29.6617,zrxusdt
1913,2019-09-09 18:38:50,0.572,aeeth
1911,2019-09-09 18:38:57,2202.9817,ethbtc
1906,2019-09-09 18:39:00,5029.7506,ltcbtc
1914,2019-09-09 18:39:03,8885.0281,btcusdt
1912,2019-09-09 18:39:03,2906.0668,omgusdt
1910,2019-09-09 18:39:04,1.7019,ltcusdt
1908,2019-09-09 18:39:06,2040.685,etcusdt
1896,2019-09-09 18:39:07,3017.5956,ethusdt
1908,2019-09-09 18:39:08,112.4839,zrxusdt
1898,2019-09-09 18:39:15,27.0056,gntusdt
1906,2019-09-09 18:39:21,74.8,wtceth
1914,2019-09-09 18:39:21,0.0568,mcoeth
1907,2019-09-09 18:39:26,266.7703,ltcbtc
1912,2019-09-09 18:39:31,8938.127,ethbtc
1913,2019-09-09 18:39:33,3818.6316,omgusdt
1914,2019-09-09 18:39:34,8.5799,aeeth
1915,2019-09-09 18:39:36,42382.8502,btcusdt
1909,2019-09-09 18:39:37,1470.5408,etcusdt
1899,2019-09-09 18:39:41,26.9818,gntusdt
1911,2019-09-09 18:39:43,7193.6442,ltcusdt
1897,2019-09-09 18:39:45,1089.5368,ethusdt
1915,2019-09-09 18:39:48,0.6152,mcoeth
1909,2019-09-09 18:39:51,8.6421,zrxusdt
1915,2019-09-09 18:40:01,13.9951,aeeth
1916,2019-09-09 18:40:04,36361.0443,btcusdt
1907,2019-09-09 18:40:05,18.4246,wtceth
1914,2019-09-09 18:40:05,108.2251,omgusdt
1910,2019-09-09 18:40:06,2844.5732,etcusdt
1908,2019-09-09 18:40:07,3510.8541,ltcbtc
1900,2019-09-09 18:40:07,16.0018,gntusdt
1913,2019-09-09 18:40:14,4441.0651,ethbtc
1898,2019-09-09 18:40:23,10530.9314,ethusdt
1910,2019-09-09 18:40:24,161.3016,zrxusdt
1912,2019-09-09 18:40:27,4181.5597,ltcusdt
1916,2019-09-09 18:40:32,0.1312,mcoeth
1909,2019-09-09 18:40:35,1297.7117,ltcbtc
1917,2019-09-09 18:40:36,2184.946,btcusdt
1901,2019-09-09 18:40:42,2.0535,gntusdt
1908,2019-09-09 18:40:44,69.4672,wtceth
1911,2019-09-09 18:40:45,2767.0742,etcusdt
1916,2019-09-09 18:40:45,7.3875,aeeth
1915,2019-09-09 18:40:46,3256.6915,omgusdt
1914,2019-09-09 18:40:53,1893.2769,ethbtc
1913,2019-09-09 18:40:55,5343.6413,ltcusdt
1899,2019-09-09 18:40:58,16552.2314,ethusdt
1917,2019-09-09 18:41:05,0.512,mcoeth
1911,2019-09-09 18:41:05,168.545,zrxusdt
1912,2019-09-09 18:41:10,1915.0047,etcusdt
1902,2019-09-09 18:41:13,16.2158,gntusdt
1909,2019-09-09 18:41:13,51.9965,wtceth
1916,2019-09-09 18:41:14,3532.6887,omgusdt
1910,2019-09-09 18:41:15,4976.2502,ltcbtc
1918,2019-09-09 18:41:18,1904.7191,btcusdt
1915,2019-09-09 18:41:21,1098.318,ethbtc
1917,2019-09-09 18:41:21,6.7547,aeeth
1914,2019-09-09 18:41:33,4153.4076,ltcusdt
1900,2019-09-09 18:41:35,9948.1616,ethusdt
1912,2019-09-09 18:41:41,41.5008,zrxusdt
1918,2019-09-09 18:41:42,0.2684,mcoeth
1916,2019-09-09 18:41:47,4984.6014,ethbtc
1903,2019-09-09 18:41:49,13.3579,gntusdt
1913,2019-09-09 18:41:50,2742.0551,etcusdt
1919,2019-09-09 18:41:51,2425.5203,btcusdt
1917,2019-09-09 18:41:58,3513.7479,omgusdt
1910,2019-09-09 18:41:58,50.9372,wtceth
1911,2019-09-09 18:42:00,907.4036,ltcbtc
1918,2019-09-09 18:42:02,4.4958,aeeth
1915,2019-09-09 18:42:02,6192.6344,ltcusdt
1919,2019-09-09 18:42:18,0.3661,mcoeth
1901,2019-09-09 18:42:20,12291.5504,ethusdt
1913,2019-09-09 18:42:21,139.6409,zrxusdt
1914,2019-09-09 18:42:23,2559.0496,etcusdt
1904,2019-09-09 18:42:27,1.3479,gntusdt
1919,2019-09-09 18:42:28,7.4213,aeeth
1920,2019-09-09 18:42:28,27611.7145,btcusdt
1918,2019-09-09 18:42:31,2978.4687,omgusdt
1917,2019-09-09 18:42:32,11249.7937,ethbtc
1916,2019-09-09 18:42:32,5551.9866,ltcusdt
1911,2019-09-09 18:42:42,83.5084,wtceth
1912,2019-09-09 18:42:45,4209.4873,ltcbtc
1920,2019-09-09 18:42:53,0.448,mcoeth
1920,2019-09-09 18:42:53,1.4766,aeeth
1918,2019-09-09 18:42:57,3278.7439,ethbtc
1902,2019-09-09 18:43:02,2327.9904,ethusdt
1914,2019-09-09 18:43:03,140.3144,zrxusdt
1921,2019-09-09 18:43:05,23704.111,btcusdt
1915,2019-09-09 18:43:07,3151.3011,etcusdt
1917,2019-09-09 18:43:07,4003.2087,ltcusdt
1905,2019-09-09 18:43:08,20.7716,gntusdt
1919,2019-09-09 18:43:10,55.6436,omgusdt
1921,2019-09-09 18:43:20,0.2261,mcoeth
1912,2019-09-09 18:43:22,54.5186,wtceth
1921,2019-09-09 18:43:25,4.6216,aeeth
1913,2019-09-09 18:43:30,656.2718,ltcbtc
1916,2019-09-09 18:43:36,631.7485,etcusdt
1903,2019-09-09 18:43:38,13435.9919,ethusdt
1919,2019-09-09 18:43:39,11939.7428,ethbtc
1915,2019-09-09 18:43:40,82.6461,zrxusdt
1918,2019-09-09 18:43:42,1960.8899,ltcusdt
1913,2019-09-09 18:43:49,11.0923,wtceth
1922,2019-09-09 18:43:49,9351.6884,btcusdt
1920,2019-09-09 18:43:50,834.9721,omgusdt
1906,2019-09-09 18:43:52,20.844,gntusdt
1922,2019-09-09 18:43:56,0.441,mcoeth
1922,2019-09-09 18:43:58,8.8284,aeeth
1917,2019-09-09 18:44:03,2236.8745,etcusdt
1904,2019-09-09 18:44:03,15922.6998,ethusdt
1914,2019-09-09 18:44:06,1628.0979,ltcbtc
1916,2019-09-09 18:44:08,164.5264,zrxusdt
1920,2019-09-09 18:44:14,767.6254,ethbtc
1919,2019-09-09 18:44:16,6585.8643,ltcusdt
1923,2019-09-09 18:44:22,32612.955,btcusdt
1923,2019-09-09 18:44:27,1.1335,mcoeth
1921,2019-09-09 18:44:28,1606.0346,omgusdt
1907,2019-09-09 18:44:32,25.1784,gntusdt
1915,2019-09-09 18:44:32,559.6033,ltcbtc
1914,2019-09-09 18:44:33,59.5882,wtceth
1923,2019-09-09 18:44:35,5.3767,aeeth
1921,2019-09-09 18:44:39,2676.9221,ethbtc
1905,2019-09-09 18:44:42,4407.1369,ethusdt
1918,2019-09-09 18:44:44,3020.8072,etcusdt
1920,2019-09-09 18:44:49,1580.3987,ltcusdt
1917,2019-09-09 18:44:50,59.985,zrxusdt
1924,2019-09-09 18:44:56,0.0647,mcoeth
1924,2019-09-09 18:44:59,58081.136,btcusdt
1915,2019-09-09 18:45:00,79.571,wtceth
1916,2019-09-09 18:45:02,5653.0732,ltcbtc
1924,2019-09-09 18:45:03,8.0537,aeeth
1922,2019-09-09 18:45:07,3606.3701,omgusdt
1906,2019-09-09 18:45:08,7901.5953,ethusdt
1908,2019-09-09 18:45:11,23.975,gntusdt
1922,2019-09-09 18:45:18,3379.378,ethbtc
1918,2019-09-09 18:45:21,57.1237,zrxusdt
1919,2019-09-09 18:45:21,3582.683,etcusdt
1925,2019-09-09 18:45:23,0.3271,mcoeth
1925,2019-09-09 18:45:27,6002.6261,btcusdt
1917,2019-09-09 18:45:29,1413.3047,ltcbtc
1921,2019-09-09 18:45:34,995.2975,ltcusdt
1916,2019-09-09 18:45:43,33.095,wtceth
1923,2019-09-09 18:45:44,10559.8316,ethbtc
1907,2019-09-09 18:45:44,10063.8746,ethusdt
1925,2019-09-09 18:45:45,6.9628,aeeth
1923,2019-09-09 18:45:48,4587.2005,omgusdt
1909,2019-09-09 18:45:48,12.0187,gntusdt
1919,2019-09-09 18:45:55,100.5117,zrxusdt
1926,2019-09-09 18:45:56,42353.0989,btcusdt
1920,2019-09-09 18:46:03,3123.482,etcusdt
1918,2019-09-09 18:46:06,5943.9418,ltcbtc
1926,2019-09-09 18:46:07,0.4472,mcoeth
1922,2019-09-09 18:46:11,2183.2501,ltcusdt
1924,2019-09-09 18:46:16,5467.2286,ethbtc
1917,2019-09-09 18:46:17,24.6282,wtceth
1926,2019-09-09 18:46:22,0.7506,aeeth
1924,2019-09-09 18:46:22,166.7625,omgusdt
1927,2019-09-09 18:46:24,47787.6763,btcusdt
1908,2019-09-09 18:46:28,5146.4603,ethusdt
1910,2019-09-09 18:46:29,19.3835,gntusdt
1920,2019-09-09 18:46:29,141.128,zrxusdt
1927,2019-09-09 18:46:32,0.099,mcoeth
1919,2019-09-09 18:46:34,2638.3967,ltcbtc
1921,2019-09-09 18:46:45,250.4821,etcusdt
1923,2019-09-09 18:46:51,5843.233,ltcusdt
1909,2019-09-09 18:46:55,13333.2622,ethusdt
1925,2019-09-09 18:46:55,3630.1663,ethbtc
1928,2019-09-09 18:46:56,46788.5358,btcusdt
1921,2019-09-09 18:46:58,44.597,zrxusdt
1918,2019-09-09 18:46:59,10.3827,wtceth
1911,2019-09-09 18:47:00,17.699,gntusdt
1928,2019-09-09 18:47:00,0.0225,mcoeth
1925,2019-09-09 18:47:04,1523.5766,omgusdt
1927,2019-09-09 18:47:05,2.8583,aeeth
1922,2019-09-09 18:47:10,2743.972,etcusdt
1920,2019-09-09 18:47:15,5326.6189,ltcbtc
1910,2019-09-09 18:47:25,7830.2901,ethusdt
1912,2019-09-09 18:47:29,5.952,gntusdt
1929,2019-09-09 18:47:30,16642.39,btcusdt
1926,2019-09-09 18:47:31,2631.6348,ethbtc
1924,2019-09-09 18:47:32,5735.5774,ltcusdt
1922,2019-09-09 18:47:35,28.2693,zrxusdt
1929,2019-09-09 18:47:36,1.1084,mcoeth
1928,2019-09-09 18:47:37,0.4734,aeeth
1919,2019-09-09 18:47:44,61.6287,wtceth
1926,2019-09-09 18:47:45,4734.5013,omgusdt
1921,2019-09-09 18:47:48,375.5738,ltcbtc
1923,2019-09-09 18:47:50,11.0244,etcusdt
1913,2019-09-09 18:47:57,8.9779,gntusdt
1911,2019-09-09 18:47:58,3131.8173,ethusdt
1930,2019-09-09 18:47:59,48913.4696,btcusdt
1927,2019-09-09 18:48:04,10391.1029,ethbtc
1925,2019-09-09 18:48:07,2314.6963,ltcusdt
1929,2019-09-09 18:48:08,10.3701,aeeth
1920,2019-09-09 18:48:09,56.232,wtceth
1930,2019-09-09 18:48:11,0.1678,mcoeth
1924,2019-09-09 18:48:17,2887.9978,etcusdt
1923,2019-09-09 18:48:17,8.7099,zrxusdt
1927,2019-09-09 18:48:22,2365.6205,omgusdt
1922,2019-09-09 18:48:27,6574.6915,ltcbtc
1928,2019-09-09 18:48:33,14110.8136,ethbtc
1912,2019-09-09 18:48:34,11374.3643,ethusdt
1914,2019-09-09 18:48:35,17.5595,gntusdt
1926,2019-09-09 18:48:40,7259.127,ltcusdt
1921,2019-09-09 18:48:41,63.8877,wtceth
1931,2019-09-09 18:48:43,0.925,mcoeth
1931,2019-09-09 18:48:43,34693.1006,btcusdt
1930,2019-09-09 18:48:44,0.4916,aeeth
1925,2019-09-09 18:48:45,3004.1165,etcusdt
1928,2019-09-09 18:48:54,1449.8144,omgusdt
1924,2019-09-09 18:48:59,163.1998,zrxusdt
1923,2019-09-09 18:49:03,4530.0996,ltcbtc
1913,2019-09-09 18:49:07,4012.2334,ethusdt
1929,2019-09-09 18:49:12,3983.4949,ethbtc
1915,2019-09-09 18:49:17,26.0224,gntusdt
1926,2019-09-09 18:49:18,3059.6689,etcusdt
1927,2019-09-09 18:49:20,5586.0544,ltcusdt
1932,2019-09-09 18:49:22,0.4151,mcoeth
1932,2019-09-09 18:49:26,15721.0716,btcusdt
1922,2019-09-09 18:49:26,27.0097,wtceth
1931,2019-09-09 18:49:28,4.322,aeeth
1929,2019-09-09 18:49:31,4188.5186,omgusdt
1914,2019-09-09 18:49:35,9010.463,ethusdt
1930,2019-09-09 18:49:38,14899.5683,ethbtc
1925,2019-09-09 18:49:40,27.9183,zrxusdt
1924,2019-09-09 18:49:42,24.6428,ltcbtc
1928,2019-09-09 18:49:49,2891.9388,ltcusdt
1923,2019-09-09 18:49:52,34.7516,wtceth
1927,2019-09-09 18:50:00,416.1085,etcusdt
1933,2019-09-09 18:50:00,0.3266,mcoeth
1916,2019-09-09 18:50:02,23.3576,gntusdt
1930,2019-09-09 18:50:03,4163.81,omgusdt
1933,2019-09-09 18:50:06,34780.6156,btcusdt
1932,2019-09-09 18:50:07,13.2469,aeeth
1925,2019-09-09 18:50:07,4908.2999,ltcbtc
1915,2019-09-09 18:50:08,14862.8045,ethusdt
1931,2019-09-09 18:50:15,3871.6985,ethbtc
1924,2019-09-09 18:50:19,25.1114,wtceth
1929,2019-09-09 18:50:22,4083.703,ltcusdt
1926,2019-09-09 18:50:24,27.9768,zrxusdt
1933,2019-09-09 18:50:33,1.1919,aeeth
1916,2019-09-09 18:50:37,5279.2158,ethusdt
1934,2019-09-09 18:50:40,38127.2062,btcusdt
1934,2019-09-09 18:50:42,0.3711,mcoeth
1931,2019-09-09 18:50:42,2997.1848,omgusdt
1917,2019-09-09 18:50:43,2.3701,gntusdt
1928,2019-09-09 18:50:45,3489.5937,etcusdt
1932,2019-09-09 18:50:48,11146.7393,ethbtc
1925,2019-09-09 18:50:51,58.2742,wtceth
1930,2019-09-09 18:50:51,6201.709,ltcusdt
1926,2019-09-09 18:50:51,6815.3351,ltcbtc
1917,2019-09-09 18:51:03,866.4425,ethusdt
1927,2019-09-09 18:51:04,144.5107,zrxusdt
1934,2019-09-09 18:51:05,0.8722,aeeth
1918,2019-09-09 18:51:12,22.2922,gntusdt
1932,2019-09-09 18:51:21,2597.4361,omgusdt
1935,2019-09-09 18:51:22,0.4217,mcoeth
1926,2019-09-09 18:51:22,69.2271,wtceth
1935,2019-09-09 18:51:25,6544.2307,btcusdt
1929,2019-09-09 18:51:27,2737.6833,etcusdt
1931,2019-09-09 18:51:29,4952.2603,ltcusdt
1927,2019-09-09 18:51:31,1536.6449,ltcbtc
1933,2019-09-09 18:51:33,5010.9634,ethbtc
1935,2019-09-09 18:51:39,11.3896,aeeth
1928,2019-09-09 18:51:40,131.5058,zrxusdt
1918,2019-09-09 18:51:47,16193.0794,ethusdt
1919,2019-09-09 18:51:54,23.782,gntusdt
1936,2019-09-09 18:51:54,21324.2585,btcusdt
1932,2019-09-09 18:51:56,7235.1957,ltcusdt
1936,2019-09-09 18:51:56,0.575,mcoeth
1930,2019-09-09 18:52:02,3248.8624,etcusdt
1927,2019-09-09 18:52:04,8.2998,wtceth
1929,2019-09-09 18:52:05,101.5772,zrxusdt
1933,2019-09-09 18:52:06,2396.1459,omgusdt
1928,2019-09-09 18:52:13,3878.517,ltcbtc
1934,2019-09-09 18:52:14,9871.8497,ethbtc
1937,2019-09-09 18:52:19,64448.9715,btcusdt
1936,2019-09-09 18:52:21,8.4402,aeeth
1933,2019-09-09 18:52:21,6805.0703,ltcusdt
1937,2019-09-09 18:52:29,1.1906,mcoeth
1934,2019-09-09 18:52:31,2156.0749,omgusdt
1919,2019-09-09 18:52:32,11358.6836,ethusdt
1920,2019-09-09 18:52:34,11.6254,gntusdt
1931,2019-09-09 18:52:34,1075.6632,etcusdt
1930,2019-09-09 18:52:38,105.537,zrxusdt
1928,2019-09-09 18:52:42,78.7474,wtceth
1929,2019-09-09 18:52:50,6323.6409,ltcbtc
1935,2019-09-09 18:52:50,8745.3691,ethbtc
1938,2019-09-09 18:52:57,1.1268,mcoeth
1934,2019-09-09 18:53:03,2965.8441,ltcusdt
1937,2019-09-09 18:53:03,5.3663,aeeth
1938,2019-09-09 18:53:04,12089.1265,btcusdt
1921,2019-09-09 18:53:06,23.2309,gntusdt
1935,2019-09-09 18:53:07,4663.5917,omgusdt
1931,2019-09-09 18:53:08,30.4712,zrxusdt
1920,2019-09-09 18:53:13,13254.9444,ethusdt
1929,2019-09-09 18:53:16,41.3925,wtceth
1932,2019-09-09 18:53:19,864.6152,etcusdt
1930,2019-09-09 18:53:31,430.2943,ltcbtc
1922,2019-09-09 18:53:32,11.5093,gntusdt
1936,2019-09-09 18:53:33,7925.5515,ethbtc
1939,2019-09-09 18:53:36,10815.0098,btcusdt
1935,2019-09-09 18:53:36,6508.9511,ltcusdt
1939,2019-09-09 18:53:39,0.3471,mcoeth
1938,2019-09-09 18:53:42,12.1545,aeeth
1933,2019-09-09 18:53:44,188.6391,etcusdt
1921,2019-09-09 18:53:45,8810.0819,ethusdt
1936,2019-09-09 18:53:47,501.4221,omgusdt
1932,2019-09-09 18:53:49,78.0724,zrxusdt
1930,2019-09-09 18:53:51,34.2078,wtceth
1923,2019-09-09 18:54:01,19.7507,gntusdt
1939,2019-09-09 18:54:09,1.8485,aeeth
1922,2019-09-09 18:54:12,8368.9087,ethusdt
1931,2019-09-09 18:54:13,6302.7493,ltcbtc
1936,2019-09-09 18:54:13,5157.0065,ltcusdt
1933,2019-09-09 18:54:14,102.0608,zrxusdt
1934,2019-09-09 18:54:17,2807.1515,etcusdt
1937,2019-09-09 18:54:18,8064.4723,ethbtc
1940,2019-09-09 18:54:20,1.0676,mcoeth
1940,2019-09-09 18:54:20,44675.104,btcusdt
1937,2019-09-09 18:54:25,3045.7157,omgusdt
1931,2019-09-09 18:54:36,14.9997,wtceth
1924,2019-09-09 18:54:39,9.6722,gntusdt
1935,2019-09-09 18:54:43,999.5898,etcusdt
1932,2019-09-09 18:54:45,3557.0462,ltcbtc
1934,2019-09-09 18:54:45,72.2184,zrxusdt
1940,2019-09-09 18:54:50,6.728,aeeth
1923,2019-09-09 18:54:52,16150.5644,ethusdt
1938,2019-09-09 18:54:53,5007.9038,ethbtc
1937,2019-09-09 18:54:55,3998.8249,ltcusdt
1941,2019-09-09 18:54:56,61969.7977,btcusdt
1938,2019-09-09 18:54:57,1730.567,omgusdt
1941,2019-09-09 18:54:59,0.6952,mcoeth
1925,2019-09-09 18:55:09,15.2623,gntusdt
1936,2019-09-09 18:55:09,3395.7334,etcusdt
1935,2019-09-09 18:55:15,142.5394,zrxusdt
1932,2019-09-09 18:55:21,47.0904,wtceth
1938,2019-09-09 18:55:25,1914.2749,ltcusdt
1933,2019-09-09 18:55:25,4982.0906,ltcbtc
1942,2019-09-09 18:55:27,0.5494,mcoeth
1924,2019-09-09 18:55:28,11140.7836,ethusdt
1939,2019-09-09 18:55:30,409.6717,omgusdt
1941,2019-09-09 18:55:34,10.5565,aeeth
1939,2019-09-09 18:55:35,12037.0178,ethbtc
1926,2019-09-09 18:55:37,12.0269,gntusdt
1942,2019-09-09 18:55:41,31646.3533,btcusdt
1936,2019-09-09 18:55:46,45.7826,zrxusdt
1937,2019-09-09 18:55:52,3313.007,etcusdt
1943,2019-09-09 18:55:55,0.976,mcoeth
1940,2019-09-09 18:56:00,6192.1905,ethbtc
1933,2019-09-09 18:56:01,49.1918,wtceth
1934,2019-09-09 18:56:08,64.2028,ltcbtc
1925,2019-09-09 18:56:09,3767.6459,ethusdt
1939,2019-09-09 18:56:10,3892.8727,ltcusdt
1942,2019-09-09 18:56:10,11.8598,aeeth
1940,2019-09-09 18:56:11,2936.833,omgusdt
1927,2019-09-09 18:56:11,1.9103,gntusdt
1943,2019-09-09 18:56:17,16075.4012,btcusdt
1937,2019-09-09 18:56:21,98.2182,zrxusdt
1938,2019-09-09 18:56:22,1103.0293,etcusdt
1944,2019-09-09 18:56:22,1.0211,mcoeth
1934,2019-09-09 18:56:35,27.0718,wtceth
1928,2019-09-09 18:56:38,26.8857,gntusdt
1941,2019-09-09 18:56:38,97.9204,ethbtc
1940,2019-09-09 18:56:40,533.4452,ltcusdt
1944,2019-09-09 18:56:44,40000.7859,btcusdt
1935,2019-09-09 18:56:45,4497.6919,ltcbtc
1939,2019-09-09 18:56:47,1683.398,etcusdt
1943,2019-09-09 18:56:47,2.5031,aeeth
1926,2019-09-09 18:56:52,2184.2243,ethusdt
1941,2019-09-09 18:56:53,4506.514,omgusdt
1938,2019-09-09 18:56:55,105.4025,zrxusdt
1945,2019-09-09 18:56:55,0.9366,mcoeth
1935,2019-09-09 18:57:10,36.3772,wtceth
1940,2019-09-09 18:57:14,1233.2973,etcusdt
1944,2019-09-09 18:57:14,10.3317,aeeth
1929,2019-09-09 18:57:20,21.2267,gntusdt
1942,2019-09-09 18:57:23,2888.5656,ethbtc
1941,2019-09-09 18:57:25,473.0647,ltcusdt
1945,2019-09-09 18:57:26,4406.1246,btcusdt
1936,2019-09-09 18:57:28,2669.5455,ltcbtc
1942,2019-09-09 18:57:28,2611.1466,omgusdt
1939,2019-09-09 18:57:29,152.7236,zrxusdt
1946,2019-09-09 18:57:35,1.0887,mcoeth
1927,2019-09-09 18:57:35,13401.9652,ethusdt
1941,2019-09-09 18:57:46,904.9611,etcusdt
1943,2019-09-09 18:57:48,10689.1467,ethbtc
1936,2019-09-09 18:57:50,56.5315,wtceth
1945,2019-09-09 18:57:55,0.1888,aeeth
1930,2019-09-09 18:57:57,19.8888,gntusdt
1942,2019-09-09 18:58:02,6227.5383,ltcusdt
1937,2019-09-09 18:58:07,4866.4233,ltcbtc
1940,2019-09-09 18:58:10,32.5226,zrxusdt
1943,2019-09-09 18:58:10,718.7618,omgusdt
1946,2019-09-09 18:58:11,10644.4625,btcusdt
1947,2019-09-09 18:58:17,0.3801,mcoeth
1937,2019-09-09 18:58:17,51.9911,wtceth
1942,2019-09-09 18:58:20,2032.4525,etcusdt
1928,2019-09-09 18:58:20,5220.0143,ethusdt
1944,2019-09-09 18:58:20,7638.328,ethbtc
1931,2019-09-09 18:58:25,12.5928,gntusdt
1946,2019-09-09 18:58:35,12.4615,aeeth
1943,2019-09-09 18:58:41,3696.0156,ltcusdt
1938,2019-09-09 18:58:42,1.9453,wtceth
1941,2019-09-09 18:58:43,53.9239,zrxusdt
1938,2019-09-09 18:58:45,5642.5312,ltcbtc
1947,2019-09-09 18:58:51,33935.1579,btcusdt
1944,2019-09-09 18:58:53,628.6442,omgusdt
1932,2019-09-09 18:58:57,7.5753,gntusdt
1943,2019-09-09 18:58:57,2119.5744,etcusdt
1929,2019-09-09 18:58:58,14337.2937,ethusdt
1948,2019-09-09 18:59:01,0.3309,mcoeth
1945,2019-09-09 18:59:04,9775.4344,ethbtc
1939,2019-09-09 18:59:09,56.6142,wtceth
1942,2019-09-09 18:59:10,122.7829,zrxusdt
1947,2019-09-09 18:59:14,13.925,aeeth
1944,2019-09-09 18:59:16,5689.1861,ltcusdt
1948,2019-09-09 18:59:21,26860.234,btcusdt
1939,2019-09-09 18:59:22,4867.5598,ltcbtc
1945,2019-09-09 18:59:22,3924.8363,omgusdt
1930,2019-09-09 18:59:24,16072.0943,ethusdt
1949,2019-09-09 18:59:27,1.169,mcoeth
1933,2019-09-09 18:59:32,11.4121,gntusdt
1943,2019-09-09 18:59:36,91.6517,zrxusdt
1944,2019-09-09 18:59:36,813.3427,etcusdt
1948,2019-09-09 18:59:39,8.6065,aeeth
1946,2019-09-09 18:59:46,6839.8469,ethbtc
1940,2019-09-09 18:59:46,74.0007,wtceth
1940,2019-09-09 18:59:51,4418.6749,ltcbtc
1949,2019-09-09 18:59:54,17408.2953,btcusdt
1945,2019-09-09 19:00:00,2772.1387,ltcusdt
1944,2019-09-09 19:00:25,120.9493,zrxusdt
1945,2019-09-09 19:00:26,3559.5356,etcusdt
1950,2019-09-09 19:00:26,0.8952,mcoeth
1946,2019-09-09 19:00:28,1884.0455,ltcusdt
1946,2019-09-09 19:00:28,1362.9327,omgusdt
1949,2019-09-09 19:00:30,14.69,aeeth
1934,2019-09-09 19:00:33,21.2794,gntusdt
1947,2019-09-09 19:00:35,122.5119,ethbtc
1931,2019-09-09 19:00:38,15420.9062,ethusdt
1941,2019-09-09 19:00:38,19.6985,wtceth
1950,2019-09-09 19:00:40,64924.4379,btcusdt
1941,2019-09-09 19:00:42,4517.4331,ltcbtc
1947,2019-09-09 19:00:56,4170.3311,ltcusdt
1945,2019-09-09 19:01:00,35.5916,zrxusdt
1947,2019-09-09 19:01:02,1158.4417,omgusdt
1948,2019-09-09 19:01:03,17499.0252,ethbtc
1950,2019-09-09 19:01:04,6.4267,aeeth
1946,2019-09-09 19:01:05,4983.5545,etcusdt
1942,2019-09-09 19:01:09,1845.5368,ltcbtc
1951,2019-09-09 19:01:09,0.4528,mcoeth
1942,2019-09-09 19:01:09,60.2377,wtceth
1935,2019-09-09 19:01:12,11.8747,gntusdt
1951,2019-09-09 19:01:22,23926.1276,btcusdt
1932,2019-09-09 19:01:23,8216.1386,ethusdt
1948,2019-09-09 19:01:33,3500.7267,ltcusdt
1949,2019-09-09 19:01:34,8191.1161,ethbtc
1952,2019-09-09 19:01:34,0.3284,mcoeth
1943,2019-09-09 19:01:35,5915.263,ltcbtc
1936,2019-09-09 19:01:38,7.2046,gntusdt
1946,2019-09-09 19:01:43,65.269,zrxusdt
1943,2019-09-09 19:01:44,22.0409,wtceth
1947,2019-09-09 19:01:45,1046.7671,etcusdt
1948,2019-09-09 19:01:46,3686.116,omgusdt
1933,2019-09-09 19:01:48,17731.0222,ethusdt
1951,2019-09-09 19:01:48,6.0277,aeeth
1949,2019-09-09 19:01:59,1772.5995,ltcusdt
1952,2019-09-09 19:02:01,35332.5157,btcusdt
1950,2019-09-09 19:02:06,17154.2206,ethbtc
1937,2019-09-09 19:02:11,5.198,gntusdt
1953,2019-09-09 19:02:12,0.5975,mcoeth
1952,2019-09-09 19:02:13,11.9606,aeeth
1944,2019-09-09 19:02:13,5040.139,ltcbtc
1949,2019-09-09 19:02:17,639.6712,omgusdt
1934,2019-09-09 19:02:18,7835.1772,ethusdt
1947,2019-09-09 19:02:19,65.8486,zrxusdt
1948,2019-09-09 19:02:23,3061.9884,etcusdt
1944,2019-09-09 19:02:28,12.3919,wtceth
1950,2019-09-09 19:02:30,1012.7781,ltcusdt
1945,2019-09-09 19:02:40,3863.9039,ltcbtc
1954,2019-09-09 19:02:41,0.6975,mcoeth
1953,2019-09-09 19:02:42,2.4761,aeeth
1953,2019-09-09 19:02:44,12605.0058,btcusdt
1938,2019-09-09 19:02:50,12.2436,gntusdt
1950,2019-09-09 19:02:50,1819.2339,omgusdt
1951,2019-09-09 19:02:51,4657.9761,ethbtc
1935,2019-09-09 19:02:54,17521.0984,ethusdt
1949,2019-09-09 19:02:59,4892.7603,etcusdt
1948,2019-09-09 19:03:00,121.9339,zrxusdt
1945,2019-09-09 19:03:03,18.3372,wtceth
1954,2019-09-09 19:03:07,0.648,aeeth
1951,2019-09-09 19:03:10,3770.4975,ltcusdt
1946,2019-09-09 19:03:12,1388.975,ltcbtc
1955,2019-09-09 19:03:18,0.4002,mcoeth
1936,2019-09-09 19:03:28,1683.1883,ethusdt
1954,2019-09-09 19:03:28,10097.2182,btcusdt
1952,2019-09-09 19:03:28,3906.8582,ethbtc
1939,2019-09-09 19:03:29,4.3741,gntusdt
1951,2019-09-09 19:03:30,3997.7291,omgusdt
1949,2019-09-09 19:03:33,15.5888,zrxusdt
1955,2019-09-09 19:03:39,8.1223,aeeth
1950,2019-09-09 19:03:43,402.1569,etcusdt
1946,2019-09-09 19:03:43,65.1578,wtceth
1952,2019-09-09 19:03:44,1479.3209,ltcusdt
1937,2019-09-09 19:03:53,17833.4478,ethusdt
1956,2019-09-09 19:03:53,0.2539,mcoeth
1947,2019-09-09 19:03:54,3999.1488,ltcbtc
1955,2019-09-09 19:03:59,56017.5303,btcusdt
1952,2019-09-09 19:04:00,4392.5699,omgusdt
1956,2019-09-09 19:04:05,1.9555,aeeth
1951,2019-09-09 19:04:08,1406.573,etcusdt
1950,2019-09-09 19:04:08,144.1288,zrxusdt
1953,2019-09-09 19:04:12,16103.2308,ethbtc
1940,2019-09-09 19:04:13,8.0196,gntusdt
1947,2019-09-09 19:04:16,33.3799,wtceth
1953,2019-09-09 19:04:18,2900.1556,ltcusdt
1948,2019-09-09 19:04:19,580.1529,ltcbtc
1957,2019-09-09 19:04:22,0.9186,mcoeth
1938,2019-09-09 19:04:26,8837.2233,ethusdt
1953,2019-09-09 19:04:33,1713.5118,omgusdt
1951,2019-09-09 19:04:37,116.9284,zrxusdt
1948,2019-09-09 19:04:41,15.0585,wtceth
1957,2019-09-09 19:04:43,9.5533,aeeth
1956,2019-09-09 19:04:43,49523.0391,btcusdt
1952,2019-09-09 19:04:46,2194.8083,etcusdt
1954,2019-09-09 19:04:48,6468.6185,ethbtc
1954,2019-09-09 19:04:53,3518.9093,ltcusdt
1941,2019-09-09 19:04:54,14.25,gntusdt
1958,2019-09-09 19:04:59,0.0616,mcoeth
1949,2019-09-09 19:05:03,4185.071,ltcbtc
1939,2019-09-09 19:05:08,3902.5979,ethusdt
1957,2019-09-09 19:05:11,4908.1361,btcusdt
1954,2019-09-09 19:05:13,2958.0347,omgusdt
1949,2019-09-09 19:05:14,50.2022,wtceth
1952,2019-09-09 19:05:17,73.8969,zrxusdt
1955,2019-09-09 19:05:19,673.0341,ltcusdt
1955,2019-09-09 19:05:19,15654.4462,ethbtc
1958,2019-09-09 19:05:19,7.8032,aeeth
1942,2019-09-09 19:05:24,0.6352,gntusdt
1953,2019-09-09 19:05:28,3654.5891,etcusdt
1959,2019-09-09 19:05:32,0.6568,mcoeth
1958,2019-09-09 19:05:36,42614.8028,btcusdt
1940,2019-09-09 19:05:37,17022.2392,ethusdt
1950,2019-09-09 19:05:42,4674.9418,ltcbtc
1953,2019-09-09 19:05:46,20.1487,zrxusdt
1950,2019-09-09 19:05:47,40.0148,wtceth
1955,2019-09-09 19:05:50,3009.9171,omgusdt
1956,2019-09-09 19:05:50,16787.8062,ethbtc
1956,2019-09-09 19:05:52,4920.4876,ltcusdt
1959,2019-09-09 19:05:57,13.061,aeeth
1960,2019-09-09 19:06:00,0.2074,mcoeth
1943,2019-09-09 19:06:01,12.6093,gntusdt
1941,2019-09-09 19:06:02,13415.806,ethusdt
1954,2019-09-09 19:06:07,4533.3649,etcusdt
1951,2019-09-09 19:06:11,5128.4182,ltcbtc
1959,2019-09-09 19:06:12,13472.082,btcusdt
1954,2019-09-09 19:06:18,104.8549,zrxusdt
1951,2019-09-09 19:06:20,24.5412,wtceth
1957,2019-09-09 19:06:22,6984.7368,ethbtc
1956,2019-09-09 19:06:24,4326.2772,omgusdt
1957,2019-09-09 19:06:28,2730.4276,ltcusdt
1944,2019-09-09 19:06:33,23.0666,gntusdt
1960,2019-09-09 19:06:37,57208.5504,btcusdt
1961,2019-09-09 19:06:41,0.2621,mcoeth
1960,2019-09-09 19:06:42,1.11,aeeth
1942,2019-09-09 19:06:45,14351.9214,ethusdt
1955,2019-09-09 19:06:46,4625.4388,etcusdt
1958,2019-09-09 19:06:48,20014.0168,ethbtc
1952,2019-09-09 19:06:50,32.6518,wtceth
1952,2019-09-09 19:06:51,2752.0526,ltcbtc
1955,2019-09-09 19:07:01,129.8651,zrxusdt
1957,2019-09-09 19:07:02,4600.8357,omgusdt
1945,2019-09-09 19:07:07,12.5996,gntusdt
1958,2019-09-09 19:07:07,695.0306,ltcusdt
1956,2019-09-09 19:07:14,2626.3061,etcusdt
1943,2019-09-09 19:07:15,17348.2987,ethusdt
1961,2019-09-09 19:07:15,1166.6748,btcusdt
1959,2019-09-09 19:07:15,8288.7463,ethbtc
1961,2019-09-09 19:07:19,14.4752,aeeth
1962,2019-09-09 19:07:19,0.3834,mcoeth
1953,2019-09-09 19:07:23,62.5862,wtceth
1953,2019-09-09 19:07:28,5043.836,ltcbtc
1958,2019-09-09 19:07:29,262.2438,omgusdt
1944,2019-09-09 19:07:43,3603.7676,ethusdt
1956,2019-09-09 19:07:45,120.5251,zrxusdt
1959,2019-09-09 19:07:47,2845.7388,ltcusdt
1946,2019-09-09 19:07:47,21.988,gntusdt
1963,2019-09-09 19:07:50,0.1527,mcoeth
1960,2019-09-09 19:07:51,10653.6822,ethbtc
1957,2019-09-09 19:07:56,2848.5423,etcusdt
1962,2019-09-09 19:07:57,4.4053,aeeth
1959,2019-09-09 19:07:59,1946.407,omgusdt
1962,2019-09-09 19:07:59,32208.2771,btcusdt
1954,2019-09-09 19:08:06,34.9054,wtceth
1945,2019-09-09 19:08:08,12249.0605,ethusdt
1954,2019-09-09 19:08:09,5157.5789,ltcbtc
1957,2019-09-09 19:08:10,53.146,zrxusdt
1964,2019-09-09 19:08:17,0.336,mcoeth
1960,2019-09-09 19:08:19,5250.5556,ltcusdt
1963,2019-09-09 19:08:25,72726.76,btcusdt
1961,2019-09-09 19:08:29,12117.253,ethbtc
1958,2019-09-09 19:08:29,4226.0468,etcusdt
1947,2019-09-09 19:08:32,17.6376,gntusdt
1960,2019-09-09 19:08:32,741.6234,omgusdt
1963,2019-09-09 19:08:41,14.4647,aeeth
1958,2019-09-09 19:08:42,52.0027,zrxusdt
1961,2019-09-09 19:08:44,717.8023,ltcusdt
1955,2019-09-09 19:08:50,4040.4095,ltcbtc
1946,2019-09-09 19:08:50,11326.5588,ethusdt
1955,2019-09-09 19:08:51,3.1176,wtceth
1965,2019-09-09 19:08:54,0.786,mcoeth
1962,2019-09-09 19:08:55,5479.8089,ethbtc
1964,2019-09-09 19:08:56,24481.8664,btcusdt
1959,2019-09-09 19:08:58,3815.0483,etcusdt
1948,2019-09-09 19:09:02,0.121,gntusdt
1964,2019-09-09 19:09:09,5.8467,aeeth
1962,2019-09-09 19:09:14,2061.1033,ltcusdt
1956,2019-09-09 19:09:15,1820.4633,ltcbtc
1961,2019-09-09 19:09:17,2826.7459,omgusdt
1947,2019-09-09 19:09:19,15523.2798,ethusdt
1963,2019-09-09 19:09:22,14967.3272,ethbtc
1959,2019-09-09 19:09:25,152.7413,zrxusdt
1965,2019-09-09 19:09:27,1517.9688,btcusdt
1949,2019-09-09 19:09:28,4.4138,gntusdt
1966,2019-09-09 19:09:29,1.1734,mcoeth
1956,2019-09-09 19:09:35,67.071,wtceth
1960,2019-09-09 19:09:36,790.573,etcusdt
1965,2019-09-09 19:09:48,14.1258,aeeth
1948,2019-09-09 19:09:50,912.7896,ethusdt
1957,2019-09-09 19:09:50,1898.5871,ltcbtc
1962,2019-09-09 19:09:51,231.5545,omgusdt
1967,2019-09-09 19:09:56,0.75,mcoeth
1963,2019-09-09 19:09:58,2380.8552,ltcusdt
1966,2019-09-09 19:09:58,19420.5188,btcusdt
1964,2019-09-09 19:10:06,4201.7748,ethbtc
1960,2019-09-09 19:10:09,44.4513,zrxusdt
1950,2019-09-09 19:10:12,8.9698,gntusdt
1958,2019-09-09 19:10:16,349.8063,ltcbtc
1949,2019-09-09 19:10:17,6233.4648,ethusdt
1963,2019-09-09 19:10:17,1732.4148,omgusdt
1957,2019-09-09 19:10:20,43.8525,wtceth
1961,2019-09-09 19:10:21,2872.7458,etcusdt
1967,2019-09-09 19:10:26,38750.1971,btcusdt
1968,2019-09-09 19:10:27,0.2534,mcoeth
1965,2019-09-09 19:10:31,2016.9124,ethbtc
1966,2019-09-09 19:10:31,14.312,aeeth
1964,2019-09-09 19:10:40,264.1354,ltcusdt
1961,2019-09-09 19:10:41,104.2316,zrxusdt
1959,2019-09-09 19:10:44,3796.5317,ltcbtc
1950,2019-09-09 19:10:44,15358.3246,ethusdt
1951,2019-09-09 19:10:45,20.941,gntusdt
1964,2019-09-09 19:10:51,1956.0553,omgusdt
1962,2019-09-09 19:10:54,648.7793,etcusdt
1968,2019-09-09 19:11:00,14829.5977,btcusdt
1967,2019-09-09 19:11:01,3.6981,aeeth
1958,2019-09-09 19:11:04,33.7945,wtceth
1969,2019-09-09 19:11:04,0.5752,mcoeth
1962,2019-09-09 19:11:09,112.8158,zrxusdt
1952,2019-09-09 19:11:11,16.0072,gntusdt
1966,2019-09-09 19:11:15,7146.9461,ethbtc
1965,2019-09-09 19:11:16,243.4117,omgusdt
1965,2019-09-09 19:11:19,3427.0505,ltcusdt
1960,2019-09-09 19:11:26,1515.6364,ltcbtc
1951,2019-09-09 19:11:28,16585.5283,ethusdt
1959,2019-09-09 19:11:31,42.6487,wtceth
1969,2019-09-09 19:11:35,1663.7935,btcusdt
1963,2019-09-09 19:11:37,450.9025,etcusdt
1968,2019-09-09 19:11:44,4.1845,aeeth
1967,2019-09-09 19:11:45,13057.0097,ethbtc
1953,2019-09-09 19:11:46,15.4881,gntusdt
1970,2019-09-09 19:11:46,0.6494,mcoeth
1966,2019-09-09 19:11:49,3990.4886,omgusdt
1963,2019-09-09 19:11:54,27.3228,zrxusdt
1966,2019-09-09 19:11:54,2040.0399,ltcusdt
1961,2019-09-09 19:11:55,4282.9473,ltcbtc
1952,2019-09-09 19:12:00,16966.3309,ethusdt
1960,2019-09-09 19:12:10,41.4435,wtceth
1969,2019-09-09 19:12:13,5.0715,aeeth
1970,2019-09-09 19:12:14,10508.2698,btcusdt
1964,2019-09-09 19:12:20,2821.1577,etcusdt
1971,2019-09-09 19:12:20,0.733,mcoeth
1967,2019-09-09 19:12:22,1956.1698,ltcusdt
1954,2019-09-09 19:12:23,18.1761,gntusdt
1968,2019-09-09 19:12:27,2143.9936,ethbtc
1962,2019-09-09 19:12:30,4647.7313,ltcbtc
1967,2019-09-09 19:12:34,2767.8124,omgusdt
1964,2019-09-09 19:12:38,24.6854,zrxusdt
1961,2019-09-09 19:12:40,3.4794,wtceth
1953,2019-09-09 19:12:43,7970.8636,ethusdt
1972,2019-09-09 19:12:45,1.1436,mcoeth
1970,2019-09-09 19:12:52,7.2525,aeeth
1965,2019-09-09 19:12:53,3182.3897,etcusdt
1971,2019-09-09 19:12:54,23918.6903,btcusdt
1968,2019-09-09 19:13:00,4351.0596,ltcusdt
1969,2019-09-09 19:13:01,8057.4026,ethbtc
1968,2019-09-09 19:13:06,2081.4783,omgusdt
1955,2019-09-09 19:13:08,13.1634,gntusdt
1963,2019-09-09 19:13:11,2615.4775,ltcbtc
1973,2019-09-09 19:13:14,0.2096,mcoeth
1962,2019-09-09 19:13:16,4.6155,wtceth
1954,2019-09-09 19:13:16,6609.2178,ethusdt
1965,2019-09-09 19:13:18,173.1218,zrxusdt
1972,2019-09-09 19:13:20,54455.9953,btcusdt
1966,2019-09-09 19:13:29,1183.7866,etcusdt
1971,2019-09-09 19:13:30,12.1002,aeeth
1970,2019-09-09 19:13:30,845.1528,ethbtc
1969,2019-09-09 19:13:37,3285.8809,omgusdt
1955,2019-09-09 19:13:41,10587.5346,ethusdt
1974,2019-09-09 19:13:42,0.0167,mcoeth
1969,2019-09-09 19:13:42,3793.4924,ltcusdt
1966,2019-09-09 19:13:51,116.474,zrxusdt
1956,2019-09-09 19:13:53,22.8085,gntusdt
1973,2019-09-09 19:13:53,36496.1141,btcusdt
1964,2019-09-09 19:13:53,1945.0992,ltcbtc
1963,2019-09-09 19:13:53,22.3419,wtceth
1967,2019-09-09 19:13:54,2261.2987,etcusdt
1971,2019-09-09 19:13:55,1105.4146,ethbtc
1972,2019-09-09 19:14:09,8.4085,aeeth
1970,2019-09-09 19:14:15,912.187,omgusdt
1975,2019-09-09 19:14:18,0.4692,mcoeth
1956,2019-09-09 19:14:19,13820.455,ethusdt
1957,2019-09-09 19:14:21,15.716,gntusdt
1964,2019-09-09 19:14:23,6.2677,wtceth
1970,2019-09-09 19:14:25,1899.2481,ltcusdt
1965,2019-09-09 19:14:31,3502.5854,ltcbtc
1967,2019-09-09 19:14:33,153.507,zrxusdt
1973,2019-09-09 19:14:34,6.6296,aeeth
1974,2019-09-09 19:14:36,63112.2628,btcusdt
1968,2019-09-09 19:14:39,527.9788,etcusdt
1972,2019-09-09 19:14:39,1353.9815,ethbtc
1971,2019-09-09 19:14:41,4410.2506,omgusdt
1976,2019-09-09 19:14:44,0.5204,mcoeth
1957,2019-09-09 19:14:49,15268.2463,ethusdt
1965,2019-09-09 19:14:49,3.6788,wtceth
1975,2019-09-09 19:15:02,10937.3941,btcusdt
1958,2019-09-09 19:15:03,9.055,gntusdt
1971,2019-09-09 19:15:06,2262.6806,ltcusdt
1973,2019-09-09 19:15:09,8216.4631,ethbtc
1977,2019-09-09 19:15:10,0.701,mcoeth
1974,2019-09-09 19:15:15,7.8735,aeeth
1966,2019-09-09 19:15:15,1912.8369,ltcbtc
1968,2019-09-09 19:15:18,101.6598,zrxusdt
1972,2019-09-09 19:15:20,2551.6104,omgusdt
1969,2019-09-09 19:15:23,643.4022,etcusdt
1966,2019-09-09 19:15:25,17.9045,wtceth
1976,2019-09-09 19:15:30,2294.7561,btcusdt
1959,2019-09-09 19:15:32,8.8534,gntusdt
1958,2019-09-09 19:15:33,2057.6628,ethusdt
1975,2019-09-09 19:15:40,14.9432,aeeth
1972,2019-09-09 19:15:40,617.5574,ltcusdt
1974,2019-09-09 19:15:40,2993.9523,ethbtc
1978,2019-09-09 19:15:46,0.0403,mcoeth
1967,2019-09-09 19:15:47,918.5215,ltcbtc
1969,2019-09-09 19:15:48,8.2833,zrxusdt
1970,2019-09-09 19:15:58,1003.9007,etcusdt
1973,2019-09-09 19:16:02,833.9806,omgusdt
1977,2019-09-09 19:16:04,24263.1551,btcusdt
1967,2019-09-09 19:16:04,6.3289,wtceth
1959,2019-09-09 19:16:09,5316.4668,ethusdt
1976,2019-09-09 19:16:10,7.4869,aeeth
1973,2019-09-09 19:16:13,1466.8828,ltcusdt
1970,2019-09-09 19:16:16,55.0752,zrxusdt
1968,2019-09-09 19:16:17,538.1259,ltcbtc
1975,2019-09-09 19:16:17,15433.9922,ethbtc
1960,2019-09-09 19:16:17,1.3786,gntusdt
1979,2019-09-09 19:16:18,1.0871,mcoeth
1971,2019-09-09 19:16:25,92.5633,etcusdt
1978,2019-09-09 19:16:32,74749.6076,btcusdt
1968,2019-09-09 19:16:34,20.9434,wtceth
1960,2019-09-09 19:16:40,13557.8234,ethusdt
1976,2019-09-09 19:16:44,7426.1406,ethbtc
1974,2019-09-09 19:16:45,5048.8717,ltcusdt
1974,2019-09-09 19:16:45,138.5891,omgusdt
1969,2019-09-09 19:16:48,309.6048,ltcbtc
1971,2019-09-09 19:16:48,100.1724,zrxusdt
1980,2019-09-09 19:16:49,0.5126,mcoeth
1961,2019-09-09 19:16:49,3.4172,gntusdt
1977,2019-09-09 19:16:54,12.3426,aeeth
1969,2019-09-09 19:17:02,47.3475,wtceth
1972,2019-09-09 19:17:02,1633.7775,etcusdt
1961,2019-09-09 19:17:07,18003.7079,ethusdt
1979,2019-09-09 19:17:09,29485.9993,btcusdt
1975,2019-09-09 19:17:10,9.137,ltcusdt
1975,2019-09-09 19:17:12,479.7166,omgusdt
1977,2019-09-09 19:17:23,6769.4627,ethbtc
1981,2019-09-09 19:17:24,0.9802,mcoeth
1973,2019-09-09 19:17:28,2412.3272,etcusdt
1972,2019-09-09 19:17:29,70.9731,zrxusdt
1962,2019-09-09 19:17:32,12.9868,gntusdt
1970,2019-09-09 19:17:33,3609.9182,ltcbtc
1962,2019-09-09 19:17:34,9320.7584,ethusdt
1978,2019-09-09 19:17:39,0.5993,aeeth
1980,2019-09-09 19:17:41,29470.0162,btcusdt
1970,2019-09-09 19:17:44,7.7601,wtceth
1976,2019-09-09 19:17:51,291.5202,ltcusdt
1976,2019-09-09 19:17:54,2637.3823,omgusdt
1982,2019-09-09 19:17:58,0.551,mcoeth
1973,2019-09-09 19:18:01,131.6183,zrxusdt
1974,2019-09-09 19:18:05,911.7186,etcusdt
1978,2019-09-09 19:18:07,2437.3764,ethbtc
1963,2019-09-09 19:18:12,15.7967,gntusdt
1979,2019-09-09 19:18:12,9.7674,aeeth
1981,2019-09-09 19:18:14,8557.922,btcusdt
1963,2019-09-09 19:18:17,3701.0891,ethusdt
1971,2019-09-09 19:18:18,1796.9646,ltcbtc
1971,2019-09-09 19:18:19,35.4112,wtceth
1977,2019-09-09 19:18:27,2741.0476,ltcusdt
1977,2019-09-09 19:18:28,4017.125,omgusdt
1983,2019-09-09 19:18:28,0.3159,mcoeth
1979,2019-09-09 19:18:33,20304.3051,ethbtc
1974,2019-09-09 19:18:34,101.2475,zrxusdt
1980,2019-09-09 19:18:41,13.6479,aeeth
1964,2019-09-09 19:18:42,3274.6501,ethusdt
1972,2019-09-09 19:18:46,31.749,wtceth
1964,2019-09-09 19:18:50,10.2079,gntusdt
1975,2019-09-09 19:18:50,3118.0611,etcusdt
1978,2019-09-09 19:18:52,3257.7907,ltcusdt
1984,2019-09-09 19:18:54,0.0369,mcoeth
1982,2019-09-09 19:18:54,2344.6307,btcusdt
1972,2019-09-09 19:18:59,123.5643,ltcbtc
1975,2019-09-09 19:19:04,93.9221,zrxusdt
1978,2019-09-09 19:19:09,3317.4398,omgusdt
1965,2019-09-09 19:19:10,17772.5923,ethusdt
1976,2019-09-09 19:19:15,344.5648,etcusdt
1980,2019-09-09 19:19:17,7347.0068,ethbtc
1981,2019-09-09 19:19:24,3.2886,aeeth
1979,2019-09-09 19:19:25,1750.0183,ltcusdt
1973,2019-09-09 19:19:26,50.1448,wtceth
1985,2019-09-09 19:19:29,0.3821,mcoeth
1965,2019-09-09 19:19:32,17.0193,gntusdt
1983,2019-09-09 19:19:38,46563.9684,btcusdt
1973,2019-09-09 19:19:39,3145.9951,ltcbtc
1966,2019-09-09 19:19:41,16792.0566,ethusdt
1977,2019-09-09 19:19:43,52.3792,etcusdt
1981,2019-09-09 19:19:45,8141.6182,ethbtc
1976,2019-09-09 19:19:45,115.5185,zrxusdt
1980,2019-09-09 19:19:50,4709.1971,ltcusdt
1982,2019-09-09 19:19:54,9.0428,aeeth
1979,2019-09-09 19:19:54,3205.9204,omgusdt
1974,2019-09-09 19:19:55,52.7792,wtceth
1986,2019-09-09 19:20:00,0.489,mcoeth
1966,2019-09-09 19:20:09,24.1428,gntusdt
1974,2019-09-09 19:20:09,5572.076,ltcbtc
1982,2019-09-09 19:20:12,1875.0163,ethbtc
1977,2019-09-09 19:20:13,184.2106,zrxusdt
1967,2019-09-09 19:20:18,4088.9486,ethusdt
1983,2019-09-09 19:20:20,0.5244,aeeth
1984,2019-09-09 19:20:22,49674.7446,btcusdt
1981,2019-09-09 19:20:24,3891.6335,ltcusdt
1978,2019-09-09 19:20:24,2001.9488,etcusdt
1975,2019-09-09 19:20:34,1213.9684,ltcbtc
1987,2019-09-09 19:20:35,0.1619,mcoeth
1980,2019-09-09 19:20:39,113.8522,omgusdt
1975,2019-09-09 19:20:40,64.1567,wtceth
1983,2019-09-09 19:20:42,283.4523,ethbtc
1978,2019-09-09 19:20:45,74.1583,zrxusdt
1967,2019-09-09 19:20:50,6.4702,gntusdt
1979,2019-09-09 19:20:50,2001.4658,etcusdt
1985,2019-09-09 19:20:51,59191.0447,btcusdt
1982,2019-09-09 19:20:59,4948.9098,ltcusdt
1968,2019-09-09 19:20:59,14908.122,ethusdt
1984,2019-09-09 19:21:00,2.4034,aeeth
1976,2019-09-09 19:21:03,1657.2763,ltcbtc
1988,2019-09-09 19:21:11,0.1718,mcoeth
1981,2019-09-09 19:21:15,3057.848,omgusdt
1976,2019-09-09 19:21:16,51.1962,wtceth
1984,2019-09-09 19:21:23,15823.7569,ethbtc
1980,2019-09-09 19:21:24,3850.5196,etcusdt
1985,2019-09-09 19:21:25,7.6325,aeeth
1986,2019-09-09 19:21:26,24988.599,btcusdt
1983,2019-09-09 19:21:27,1998.669,ltcusdt
1979,2019-09-09 19:21:27,14.641,zrxusdt
1968,2019-09-09 19:21:28,19.4921,gntusdt
1977,2019-09-09 19:21:33,5861.2994,ltcbtc
1969,2019-09-09 19:21:34,12574.0394,ethusdt
1989,2019-09-09 19:21:43,0.5883,mcoeth
1977,2019-09-09 19:21:49,32.2741,wtceth
1969,2019-09-09 19:21:54,10.9617,gntusdt
1984,2019-09-09 19:21:55,4027.9698,ltcusdt
1982,2019-09-09 19:21:55,4333.8461,omgusdt
1986,2019-09-09 19:21:56,8.1526,aeeth
1981,2019-09-09 19:21:57,838.3061,etcusdt
1980,2019-09-09 19:21:59,166.2948,zrxusdt
1985,2019-09-09 19:22:02,7077.0394,ethbtc
1970,2019-09-09 19:22:03,16352.484,ethusdt
1987,2019-09-09 19:22:10,65634.7146,btcusdt
1978,2019-09-09 19:22:14,5315.0411,ltcbtc
1990,2019-09-09 19:22:20,0.0934,mcoeth
1970,2019-09-09 19:22:22,23.8286,gntusdt
1978,2019-09-09 19:22:26,17.6505,wtceth
1987,2019-09-09 19:22:29,10.464,aeeth
1985,2019-09-09 19:22:34,3522.4135,ltcusdt
1982,2019-09-09 19:22:34,4751.107,etcusdt
1983,2019-09-09 19:22:36,2563.7781,omgusdt
1981,2019-09-09 19:22:39,164.473,zrxusdt
1986,2019-09-09 19:22:47,18228.2462,ethbtc
1971,2019-09-09 19:22:48,9433.0137,ethusdt
1979,2019-09-09 19:22:50,5571.3039,ltcbtc
1991,2019-09-09 19:22:53,0.3152,mcoeth
1988,2019-09-09 19:22:53,17154.7655,btcusdt
1988,2019-09-09 19:22:55,14.0648,aeeth
1979,2019-09-09 19:23:01,4.0986,wtceth
1971,2019-09-09 19:23:02,9.9424,gntusdt
1983,2019-09-09 19:23:02,4357.6705,etcusdt
1986,2019-09-09 19:23:07,945.0518,ltcusdt
1982,2019-09-09 19:23:10,70.292,zrxusdt
1984,2019-09-09 19:23:11,1466.5139,omgusdt
1972,2019-09-09 19:23:14,2822.9098,ethusdt
1980,2019-09-09 19:23:15,1381.8119,ltcbtc
1987,2019-09-09 19:23:22,1984.8742,ethbtc
1992,2019-09-09 19:23:23,0.1257,mcoeth
1989,2019-09-09 19:23:28,11.1264,aeeth
1989,2019-09-09 19:23:29,3278.6639,btcusdt
1972,2019-09-09 19:23:31,2.041,gntusdt
1987,2019-09-09 19:23:34,2948.3744,ltcusdt
1983,2019-09-09 19:23:40,156.3817,zrxusdt
1984,2019-09-09 19:23:42,2160.1513,etcusdt
1980,2019-09-09 19:23:42,56.3751,wtceth
1981,2019-09-09 19:23:43,4001.9599,ltcbtc
1985,2019-09-09 19:23:48,1900.5069,omgusdt
1990,2019-09-09 19:23:53,6.5559,aeeth
1973,2019-09-09 19:23:53,9976.4262,ethusdt
1993,2019-09-09 19:23:59,0.6913,mcoeth
1988,2019-09-09 19:24:02,3840.6039,ethbtc
1990,2019-09-09 19:24:04,53155.0372,btcusdt
1982,2019-09-09 19:24:14,2228.8753,ltcbtc
1988,2019-09-09 19:24:15,1811.1961,ltcusdt
1973,2019-09-09 19:24:16,18.5929,gntusdt
1985,2019-09-09 19:24:17,4217.1796,etcusdt
1974,2019-09-09 19:24:19,16493.0772,ethusdt
1981,2019-09-09 19:24:22,54.4052,wtceth
1986,2019-09-09 19:24:23,2853.8687,omgusdt
1984,2019-09-09 19:24:23,106.5011,zrxusdt
1989,2019-09-09 19:24:30,19731.3019,ethbtc
1991,2019-09-09 19:24:31,8.9717,aeeth
1991,2019-09-09 19:24:40,19236.5752,btcusdt
1994,2019-09-09 19:24:42,0.4659,mcoeth
1989,2019-09-09 19:24:43,4537.1113,ltcusdt
1982,2019-09-09 19:24:49,2.0277,wtceth
1983,2019-09-09 19:24:59,5899.5692,ltcbtc
1986,2019-09-09 19:24:59,4602.2813,etcusdt
1985,2019-09-09 19:24:59,104.8964,zrxusdt
1974,2019-09-09 19:25:01,16.9924,gntusdt
1987,2019-09-09 19:25:01,1862.4264,omgusdt
1975,2019-09-09 19:25:02,14555.1289,ethusdt
1995,2019-09-09 19:25:11,0.4331,mcoeth
1992,2019-09-09 19:25:13,0.6634,aeeth
1990,2019-09-09 19:25:14,3610.4835,ethbtc
1983,2019-09-09 19:25:14,29.9575,wtceth
1990,2019-09-09 19:25:14,945.5883,ltcusdt
1992,2019-09-09 19:25:19,6418.383,btcusdt
1988,2019-09-09 19:25:35,3984.4224,omgusdt
1975,2019-09-09 19:25:35,8.3801,gntusdt
1976,2019-09-09 19:25:36,7635.1283,ethusdt
1986,2019-09-09 19:25:38,78.2226,zrxusdt
1996,2019-09-09 19:25:39,0.8347,mcoeth
1984,2019-09-09 19:25:43,5762.3355,ltcbtc
1991,2019-09-09 19:25:43,4844.5153,ltcusdt
1987,2019-09-09 19:25:43,2142.4204,etcusdt
1993,2019-09-09 19:25:48,14.5495,aeeth
1991,2019-09-09 19:25:49,12889.7138,ethbtc
1984,2019-09-09 19:25:51,13.2772,wtceth
1993,2019-09-09 19:25:58,6680.7884,btcusdt
1977,2019-09-09 19:26:04,5370.1737,ethusdt
1997,2019-09-09 19:26:05,0.2218,mcoeth
1985,2019-09-09 19:26:08,1368.6534,ltcbtc
1992,2019-09-09 19:26:08,2666.9001,ltcusdt
1989,2019-09-09 19:26:10,861.8996,omgusdt
1988,2019-09-09 19:26:11,1028.6874,etcusdt
1976,2019-09-09 19:26:12,8.2339,gntusdt
1987,2019-09-09 19:26:19,120.6806,zrxusdt
1985,2019-09-09 19:26:20,42.6764,wtceth
1994,2019-09-09 19:26:27,11.7411,aeeth
1992,2019-09-09 19:26:29,7242.61,ethbtc
1994,2019-09-09 19:26:30,493.3646,btcusdt
1993,2019-09-09 19:26:40,983.9887,ltcusdt
1998,2019-09-09 19:26:45,0.9892,mcoeth
1977,2019-09-09 19:26:45,21.6116,gntusdt
1986,2019-09-09 19:26:45,56.9717,wtceth
1989,2019-09-09 19:26:45,3932.4342,etcusdt
1986,2019-09-09 19:26:46,1354.785,ltcbtc
1978,2019-09-09 19:26:49,5201.4088,ethusdt
1990,2019-09-09 19:26:50,4219.4949,omgusdt
1993,2019-09-09 19:26:58,18069.1229,ethbtc
1988,2019-09-09 19:27:01,144.0636,zrxusdt
1995,2019-09-09 19:27:04,7.9327,aeeth
1987,2019-09-09 19:27:11,50.9744,wtceth
1995,2019-09-09 19:27:11,14810.6883,btcusdt
1990,2019-09-09 19:27:13,1346.0209,etcusdt
1999,2019-09-09 19:27:15,0.0686,mcoeth
1994,2019-09-09 19:27:17,3733.8932,ltcusdt
1987,2019-09-09 19:27:19,238.2112,ltcbtc
1991,2019-09-09 19:27:19,65.4536,omgusdt
1994,2019-09-09 19:27:25,7300.9626,ethbtc
1978,2019-09-09 19:27:27,14.8047,gntusdt
1979,2019-09-09 19:27:27,8995.9026,ethusdt
1989,2019-09-09 19:27:34,0.2281,zrxusdt
1996,2019-09-09 19:27:43,10.3778,aeeth
1996,2019-09-09 19:27:49,45417.9326,btcusdt
1988,2019-09-09 19:27:52,11.4274,wtceth
1992,2019-09-09 19:27:53,3600.9632,omgusdt
1995,2019-09-09 19:27:55,15252.1936,ethbtc
1988,2019-09-09 19:27:56,2791.5959,ltcbtc
1991,2019-09-09 19:27:58,174.3749,etcusdt
2000,2019-09-09 19:28:00,0.2558,mcoeth
1995,2019-09-09 19:28:01,4227.1415,ltcusdt
1979,2019-09-09 19:28:02,14.1963,gntusdt
1980,2019-09-09 19:28:03,12579.5695,ethusdt
1997,2019-09-09 19:28:11,6.3371,aeeth
1990,2019-09-09 19:28:12,155.2713,zrxusdt
1993,2019-09-09 19:28:20,846.6689,omgusdt
1997,2019-09-09 19:28:20,38992.1737,btcusdt
1989,2019-09-09 19:28:29,5517.5578,ltcbtc
1996,2019-09-09 19:28:31,3874.6184,ethbtc
1980,2019-09-09 19:28:31,12.8064,gntusdt
1989,2019-09-09 19:28:33,3.416,wtceth
1992,2019-09-09 19:28:37,285.1997,etcusdt
1981,2019-09-09 19:28:37,3777.6709,ethusdt
2001,2019-09-09 19:28:38,0.8393,mcoeth
1998,2019-09-09 19:28:42,6.2271,aeeth
1996,2019-09-09 19:28:45,101.0373,ltcusdt
1991,2019-09-09 19:28:48,42.2164,zrxusdt
1998,2019-09-09 19:28:49,20212.6498,btcusdt
1990,2019-09-09 19:28:58,17.6704,wtceth
1997,2019-09-09 19:29:01,246.7195,ethbtc
1994,2019-09-09 19:29:03,4572.4306,omgusdt
1982,2019-09-09 19:29:04,8509.0588,ethusdt
1993,2019-09-09 19:29:07,4229.4369,etcusdt
1999,2019-09-09 19:29:09,3.9861,aeeth
1981,2019-09-09 19:29:11,14.5522,gntusdt
2002,2019-09-09 19:29:12,1.0197,mcoeth
1990,2019-09-09 19:29:13,2386.7566,ltcbtc
1992,2019-09-09 19:29:22,30.613,zrxusdt
1999,2019-09-09 19:29:27,40381.6752,btcusdt
1997,2019-09-09 19:29:28,1282.3402,ltcusdt
1991,2019-09-09 19:29:28,59.2495,wtceth
2000,2019-09-09 19:29:42,12.588,aeeth
1995,2019-09-09 19:29:42,3915.1354,omgusdt
1994,2019-09-09 19:29:43,1596.4325,etcusdt
2003,2019-09-09 19:29:43,0.8851,mcoeth
1983,2019-09-09 19:29:43,8625.2875,ethusdt
1998,2019-09-09 19:29:46,1040.8734,ethbtc
1991,2019-09-09 19:29:48,1246.723,ltcbtc
1982,2019-09-09 19:29:54,8.1261,gntusdt
1998,2019-09-09 19:29:59,1392.3881,ltcusdt
2000,2019-09-09 19:30:02,40762.005,btcusdt
1993,2019-09-09 19:30:07,105.0827,zrxusdt
1992,2019-09-09 19:30:08,9.6536,wtceth
2004,2019-09-09 19:30:10,0.1052,mcoeth
1992,2019-09-09 19:30:13,3008.3604,ltcbtc
1995,2019-09-09 19:30:14,4936.8848,etcusdt
1999,2019-09-09 19:30:18,4645.8359,ethbtc
1996,2019-09-09 19:30:19,3629.2549,omgusdt
2001,2019-09-09 19:30:19,14.4178,aeeth
1983,2019-09-09 19:30:24,8.4213,gntusdt
1984,2019-09-09 19:30:25,7860.0174,ethusdt
2001,2019-09-09 19:30:27,3441.5917,btcusdt
1994,2019-09-09 19:30:38,175.8723,zrxusdt
1993,2019-09-09 19:30:39,394.5009,ltcbtc
1999,2019-09-09 19:30:39,3718.2255,ltcusdt
1996,2019-09-09 19:30:43,2392.8368,etcusdt
2005,2019-09-09 19:30:45,0.9167,mcoeth
1993,2019-09-09 19:30:46,41.7317,wtceth
2000,2019-09-09 19:30:48,599.5825,ethbtc
1997,2019-09-09 19:30:51,878.1858,omgusdt
1985,2019-09-09 19:30:51,1514.3339,ethusdt
1984,2019-09-09 19:30:53,5.3503,gntusdt
2002,2019-09-09 19:30:54,1.9401,aeeth
2002,2019-09-09 19:31:01,25852.3971,btcusdt
1994,2019-09-09 19:31:06,2631.0569,ltcbtc
2000,2019-09-09 19:31:12,4069.9472,ltcusdt
1994,2019-09-09 19:31:13,5.4176,wtceth
1985,2019-09-09 19:31:18,21.8441,gntusdt
2001,2019-09-09 19:31:20,10718.1792,ethbtc
2006,2019-09-09 19:31:20,0.4825,mcoeth
2003,2019-09-09 19:31:20,10.182,aeeth
1995,2019-09-09 19:31:23,110.6587,zrxusdt
1997,2019-09-09 19:31:27,2460.3819,etcusdt
1986,2019-09-09 19:31:28,16902.7295,ethusdt
1995,2019-09-09 19:31:32,2687.8563,ltcbtc
2003,2019-09-09 19:31:33,47882.7251,btcusdt
1998,2019-09-09 19:31:34,39.6788,omgusdt
2001,2019-09-09 19:31:43,4144.4473,ltcusdt
1986,2019-09-09 19:31:45,22.8924,gntusdt
1996,2019-09-09 19:31:52,95.8103,zrxusdt
2007,2019-09-09 19:31:53,0.7343,mcoeth
1995,2019-09-09 19:31:56,48.3357,wtceth
2002,2019-09-09 19:31:57,16025.3969,ethbtc
2004,2019-09-09 19:32:02,12.9907,aeeth
1999,2019-09-09 19:32:04,1479.0072,omgusdt
2004,2019-09-09 19:32:04,20285.7972,btcusdt
1998,2019-09-09 19:32:09,4871.9795,etcusdt
1996,2019-09-09 19:32:10,5355.0754,ltcbtc
1987,2019-09-09 19:32:11,11885.1927,ethusdt
1987,2019-09-09 19:32:23,13.3879,gntusdt
2008,2019-09-09 19:32:27,1.0149,mcoeth
2002,2019-09-09 19:32:28,3018.0342,ltcusdt
1996,2019-09-09 19:32:29,29.0049,wtceth
1997,2019-09-09 19:32:31,149.9532,zrxusdt
2003,2019-09-09 19:32:32,10459.9046,ethbtc
2000,2019-09-09 19:32:39,3313.5269,omgusdt
1997,2019-09-09 19:32:42,5903.5583,ltcbtc
2005,2019-09-09 19:32:44,1.1406,aeeth
1999,2019-09-09 19:32:47,3563.9582,etcusdt
2005,2019-09-09 19:32:49,57156.7236,btcusdt
1988,2019-09-09 19:32:53,14192.6293,ethusdt
2009,2019-09-09 19:32:54,0.9282,mcoeth
1997,2019-09-09 19:33:02,39.009,wtceth
2004,2019-09-09 19:33:06,15542.6931,ethbtc
1998,2019-09-09 19:33:07,101.2222,zrxusdt
1988,2019-09-09 19:33:07,14.605,gntusdt
2001,2019-09-09 19:33:09,3695.1514,omgusdt
2003,2019-09-09 19:33:10,2072.1839,ltcusdt
2006,2019-09-09 19:33:11,3.8604,aeeth
1998,2019-09-09 19:33:12,180.781,ltcbtc
2000,2019-09-09 19:33:20,182.4953,etcusdt
2006,2019-09-09 19:33:31,14011.3518,btcusdt
2010,2019-09-09 19:33:32,0.9788,mcoeth
1989,2019-09-09 19:33:34,8175.9828,ethusdt
1999,2019-09-09 19:33:35,23.7399,zrxusdt
1989,2019-09-09 19:33:35,16.4979,gntusdt
2004,2019-09-09 19:33:36,4998.2786,ltcusdt
2002,2019-09-09 19:33:37,3323.555,omgusdt
1998,2019-09-09 19:33:43,52.0325,wtceth
2005,2019-09-09 19:33:44,15589.35,ethbtc
2007,2019-09-09 19:33:47,8.5191,aeeth
1999,2019-09-09 19:33:56,543.9294,ltcbtc
2007,2019-09-09 19:33:58,63021.8171,btcusdt
2001,2019-09-09 19:33:58,673.2363,etcusdt
2011,2019-09-09 19:34:01,0.8092,mcoeth
2005,2019-09-09 19:34:03,5085.1625,ltcusdt
1990,2019-09-09 19:34:09,10.3007,gntusdt
2000,2019-09-09 19:34:09,113.8475,zrxusdt
1999,2019-09-09 19:34:09,42.8777,wtceth
1990,2019-09-09 19:34:13,4464.0999,ethusdt
2003,2019-09-09 19:34:18,589.7711,omgusdt
2006,2019-09-09 19:34:22,2566.4002,ethbtc
2000,2019-09-09 19:34:24,4700.6211,ltcbtc
2002,2019-09-09 19:34:27,4939.6158,etcusdt
2008,2019-09-09 19:34:29,75166.054,btcusdt
2008,2019-09-09 19:34:31,0.1523,aeeth
2006,2019-09-09 19:34:34,4714.6182,ltcusdt
2012,2019-09-09 19:34:46,0.7806,mcoeth
1991,2019-09-09 19:34:47,4511.0808,ethusdt
1991,2019-09-09 19:34:50,19.9762,gntusdt
2001,2019-09-09 19:34:50,99.8191,zrxusdt
2007,2019-09-09 19:34:51,9562.1797,ethbtc
2000,2019-09-09 19:34:54,39.413,wtceth
2004,2019-09-09 19:34:59,1333.0494,omgusdt
2001,2019-09-09 19:35:00,2562.2592,ltcbtc
2009,2019-09-09 19:35:02,10.2864,aeeth
2003,2019-09-09 19:35:05,3667.421,etcusdt
2007,2019-09-09 19:35:06,971.3045,ltcusdt
2009,2019-09-09 19:35:07,4511.9223,btcusdt
2013,2019-09-09 19:35:13,0.6407,mcoeth
2002,2019-09-09 19:35:15,158.9559,zrxusdt
2008,2019-09-09 19:35:19,4376.8009,ethbtc
2001,2019-09-09 19:35:20,37.7651,wtceth
1992,2019-09-09 19:35:20,15.642,gntusdt
2002,2019-09-09 19:35:27,4777.8019,ltcbtc
2005,2019-09-09 19:35:27,2920.2848,omgusdt
1992,2019-09-09 19:35:29,2713.1158,ethusdt
2010,2019-09-09 19:35:32,4.058,aeeth
2004,2019-09-09 19:35:34,578.8306,etcusdt
2014,2019-09-09 19:35:41,1.0006,mcoeth
2010,2019-09-09 19:35:43,57063.76,btcusdt
2008,2019-09-09 19:35:46,259.2421,ltcusdt
2009,2019-09-09 19:35:52,2988.5789,ethbtc
2003,2019-09-09 19:35:55,79.7692,zrxusdt
1993,2019-09-09 19:35:59,5343.12,ethusdt
2002,2019-09-09 19:36:02,40.1178,wtceth
1993,2019-09-09 19:36:02,18.2305,gntusdt
2006,2019-09-09 19:36:02,645.1246,omgusdt
2011,2019-09-09 19:36:06,1.3299,aeeth
2005,2019-09-09 19:36:09,1345.211,etcusdt
2003,2019-09-09 19:36:11,5699.8383,ltcbtc
2009,2019-09-09 19:36:12,4521.0872,ltcusdt
2015,2019-09-09 19:36:19,0.5041,mcoeth
2011,2019-09-09 19:36:24,39621.3831,btcusdt
1994,2019-09-09 19:36:28,2.8606,gntusdt
2004,2019-09-09 19:36:32,136.3535,zrxusdt
2007,2019-09-09 19:36:32,1135.0514,omgusdt
2010,2019-09-09 19:36:34,19783.7485,ethbtc
2012,2019-09-09 19:36:34,7.5503,aeeth
2003,2019-09-09 19:36:35,13.8534,wtceth
1994,2019-09-09 19:36:36,12242.6757,ethusdt
2010,2019-09-09 19:36:42,4407.3504,ltcusdt
2016,2019-09-09 19:36:49,0.618,mcoeth
2004,2019-09-09 19:36:49,1606.7245,ltcbtc
2006,2019-09-09 19:36:51,4598.2247,etcusdt
2012,2019-09-09 19:36:55,20158.4222,btcusdt
2011,2019-09-09 19:37:00,19943.7995,ethbtc
2005,2019-09-09 19:37:02,66.5686,zrxusdt
2004,2019-09-09 19:37:08,59.2793,wtceth
2013,2019-09-09 19:37:09,4.8931,aeeth
2008,2019-09-09 19:37:10,3688.3339,omgusdt
1995,2019-09-09 19:37:12,1929.7136,ethusdt
1995,2019-09-09 19:37:13,12.2918,gntusdt
2011,2019-09-09 19:37:17,4283.0945,ltcusdt
2007,2019-09-09 19:37:27,3823.1658,etcusdt
2005,2019-09-09 19:37:29,5873.247,ltcbtc
2017,2019-09-09 19:37:32,0.3318,mcoeth
2014,2019-09-09 19:37:36,2.9907,aeeth
2013,2019-09-09 19:37:36,36375.9131,btcusdt
2006,2019-09-09 19:37:36,66.396,zrxusdt
2005,2019-09-09 19:37:39,19.3043,wtceth
2012,2019-09-09 19:37:44,8397.543,ethbtc
2012,2019-09-09 19:37:45,3766.3233,ltcusdt
1996,2019-09-09 19:37:46,18.62,gntusdt
1996,2019-09-09 19:37:51,11529.7324,ethusdt
2009,2019-09-09 19:37:53,4110.3643,omgusdt
2014,2019-09-09 19:38:03,25125.5035,btcusdt
2008,2019-09-09 19:38:03,2202.5957,etcusdt
2007,2019-09-09 19:38:06,151.2436,zrxusdt
2015,2019-09-09 19:38:10,7.7248,aeeth
2006,2019-09-09 19:38:12,31.1243,wtceth
2006,2019-09-09 19:38:13,4864.5345,ltcbtc
2018,2019-09-09 19:38:13,0.6438,mcoeth
2013,2019-09-09 19:38:14,4031.4747,ltcusdt
1997,2019-09-09 19:38:16,18.6737,gntusdt
1997,2019-09-09 19:38:23,5957.5191,ethusdt
2013,2019-09-09 19:38:26,1965.3183,ethbtc
2015,2019-09-09 19:38:33,70280.8643,btcusdt
2010,2019-09-09 19:38:36,3307.8411,omgusdt
2016,2019-09-09 19:38:37,11.7501,aeeth
2014,2019-09-09 19:38:39,4074.1372,ltcusdt
2008,2019-09-09 19:38:41,74.9945,zrxusdt
2019,2019-09-09 19:38:46,1.1225,mcoeth
2009,2019-09-09 19:38:46,3469.326,etcusdt
1998,2019-09-09 19:38:50,6.8384,gntusdt
2007,2019-09-09 19:38:53,15.8703,wtceth
2007,2019-09-09 19:38:54,1721.9129,ltcbtc
1998,2019-09-09 19:38:59,1564.6987,ethusdt
2014,2019-09-09 19:39:07,4475.8688,ethbtc
2017,2019-09-09 19:39:09,12.4636,aeeth
2011,2019-09-09 19:39:13,1969.8149,omgusdt
2015,2019-09-09 19:39:13,1277.1206,ltcusdt
2016,2019-09-09 19:39:14,12213.1046,btcusdt
2009,2019-09-09 19:39:17,53.2674,zrxusdt
2008,2019-09-09 19:39:18,24.4677,wtceth
2010,2019-09-09 19:39:19,3507.7812,etcusdt
2008,2019-09-09 19:39:26,5716.8536,ltcbtc
1999,2019-09-09 19:39:27,7.3417,gntusdt
2020,2019-09-09 19:39:29,0.3685,mcoeth
2018,2019-09-09 19:39:37,5.0545,aeeth
1999,2019-09-09 19:39:39,6228.187,ethusdt
2011,2019-09-09 19:39:45,4508.6272,etcusdt
2015,2019-09-09 19:39:45,12764.4126,ethbtc
2017,2019-09-09 19:39:47,15809.9886,btcusdt
2012,2019-09-09 19:39:48,2971.8868,omgusdt
2016,2019-09-09 19:39:49,5301.0746,ltcusdt
2009,2019-09-09 19:39:51,68.0035,wtceth
2010,2019-09-09 19:39:58,96.0978,zrxusdt
2000,2019-09-09 19:40:06,14.2565,gntusdt
2019,2019-09-09 19:40:06,14.0683,aeeth
2000,2019-09-09 19:40:08,9854.1605,ethusdt
2021,2019-09-09 19:40:10,0.1186,mcoeth
2009,2019-09-09 19:40:10,3302.3624,ltcbtc
2012,2019-09-09 19:40:23,2199.6273,etcusdt
2018,2019-09-09 19:40:24,57741.3135,btcusdt
2010,2019-09-09 19:40:25,40.2883,wtceth
2017,2019-09-09 19:40:25,4400.2221,ltcusdt
2016,2019-09-09 19:40:27,19588.8472,ethbtc
2013,2019-09-09 19:40:29,2269.6834,omgusdt
2011,2019-09-09 19:40:32,171.5535,zrxusdt
2010,2019-09-09 19:40:35,4672.6591,ltcbtc
2022,2019-09-09 19:40:40,0.8673,mcoeth
2001,2019-09-09 19:40:40,17.2523,gntusdt
2020,2019-09-09 19:40:46,6.6708,aeeth
2001,2019-09-09 19:40:47,11570.667,ethusdt
2018,2019-09-09 19:40:55,3077.8672,ltcusdt
2011,2019-09-09 19:40:58,54.6043,wtceth
2012,2019-09-09 19:41:00,170.1544,zrxusdt
2019,2019-09-09 19:41:00,26729.389,btcusdt
2014,2019-09-09 19:41:01,4435.1154,omgusdt
2013,2019-09-09 19:41:01,3229.921,etcusdt
2017,2019-09-09 19:41:02,3157.152,ethbtc
2011,2019-09-09 19:41:13,4204.4352,ltcbtc
2002,2019-09-09 19:41:14,11.6901,gntusdt
2023,2019-09-09 19:41:17,0.7679,mcoeth
2021,2019-09-09 19:41:30,0.55,aeeth
2002,2019-09-09 19:41:31,8533.0797,ethusdt
2018,2019-09-09 19:41:34,14774.0644,ethbtc
2019,2019-09-09 19:41:34,749.4261,ltcusdt
2012,2019-09-09 19:41:37,52.5613,wtceth
2015,2019-09-09 19:41:40,1998.0133,omgusdt
2020,2019-09-09 19:41:41,473.1406,btcusdt
2013,2019-09-09 19:41:43,144.173,zrxusdt
2014,2019-09-09 19:41:46,3627.9288,etcusdt
2003,2019-09-09 19:41:50,14.9858,gntusdt
2024,2019-09-09 19:41:54,0.4264,mcoeth
2012,2019-09-09 19:41:55,2659.4109,ltcbtc
2022,2019-09-09 19:41:58,13.9714,aeeth
2016,2019-09-09 19:42:06,3223.3144,omgusdt
2013,2019-09-09 19:42:13,22.1201,wtceth
2003,2019-09-09 19:42:14,9281.8785,ethusdt
2021,2019-09-09 19:42:16,71128.828,btcusdt
2020,2019-09-09 19:42:18,767.5007,ltcusdt
2019,2019-09-09 19:42:18,249.344,ethbtc
2014,2019-09-09 19:42:20,46.0863,zrxusdt
2015,2019-09-09 19:42:28,804.4069,etcusdt
2023,2019-09-09 19:42:29,14.8392,aeeth
2004,2019-09-09 19:42:32,0.7769,gntusdt
2017,2019-09-09 19:42:34,3260.6202,omgusdt
2025,2019-09-09 19:42:38,0.5542,mcoeth
2013,2019-09-09 19:42:40,2379.4394,ltcbtc
2022,2019-09-09 19:42:44,23005.3135,btcusdt
2004,2019-09-09 19:42:50,15194.53,ethusdt
2021,2019-09-09 19:42:54,1062.8301,ltcusdt
2015,2019-09-09 19:42:57,47.6944,zrxusdt
2014,2019-09-09 19:42:58,53.9974,wtceth
2020,2019-09-09 19:42:58,4723.769,ethbtc
2014,2019-09-09 19:43:05,1985.1453,ltcbtc
2024,2019-09-09 19:43:06,6.9474,aeeth
2018,2019-09-09 19:43:09,3104.6545,omgusdt
2005,2019-09-09 19:43:10,14.1854,gntusdt
2016,2019-09-09 19:43:11,2455.5996,etcusdt
2026,2019-09-09 19:43:17,0.3167,mcoeth
2023,2019-09-09 19:43:23,62641.6579,btcusdt
2005,2019-09-09 19:43:35,7911.5875,ethusdt
2022,2019-09-09 19:43:37,4767.3466,ltcusdt
2021,2019-09-09 19:43:38,844.656,ethbtc
2025,2019-09-09 19:43:39,11.3862,aeeth
2006,2019-09-09 19:43:40,10.0394,gntusdt
2016,2019-09-09 19:43:40,123.8,zrxusdt
2015,2019-09-09 19:43:42,4972.1348,ltcbtc
2015,2019-09-09 19:43:43,23.6521,wtceth
2019,2019-09-09 19:43:50,3843.7634,omgusdt
2017,2019-09-09 19:43:52,4325.9956,etcusdt
2006,2019-09-09 19:44:02,14242.3941,ethusdt
2027,2019-09-09 19:44:02,0.584,mcoeth
2024,2019-09-09 19:44:03,52293.6321,btcusdt
2016,2019-09-09 19:44:08,53.9682,wtceth
2017,2019-09-09 19:44:10,86.1684,zrxusdt
2023,2019-09-09 19:44:11,945.3542,ltcusdt
2016,2019-09-09 19:44:14,2325.9776,ltcbtc
2026,2019-09-09 19:44:15,4.4299,aeeth
2022,2019-09-09 19:44:18,14876.8948,ethbtc
2020,2019-09-09 19:44:19,4522.3152,omgusdt
2007,2019-09-09 19:44:23,2.1993,gntusdt
2017,2019-09-09 19:44:34,63.7758,wtceth
2025,2019-09-09 19:44:34,68603.7563,btcusdt
2028,2019-09-09 19:44:36,0.02,mcoeth
2024,2019-09-09 19:44:36,5265.1057,ltcusdt
2018,2019-09-09 19:44:37,497.305,etcusdt
2007,2019-09-09 19:44:38,9683.0725,ethusdt
2017,2019-09-09 19:44:40,2879.7162,ltcbtc
2021,2019-09-09 19:44:44,260.188,omgusdt
2018,2019-09-09 19:44:45,97.9668,zrxusdt
2027,2019-09-09 19:44:46,3.2664,aeeth
2008,2019-09-09 19:44:51,10.3049,gntusdt
2026,2019-09-09 19:45:01,47405.3729,btcusdt
2023,2019-09-09 19:45:01,17670.3079,ethbtc
2029,2019-09-09 19:45:02,1.1712,mcoeth
2025,2019-09-09 19:45:05,2110.8176,ltcusdt
2018,2019-09-09 19:45:09,21.6819,wtceth
2019,2019-09-09 19:45:13,46.3586,zrxusdt
2018,2019-09-09 19:45:14,4717.0696,ltcbtc
2019,2019-09-09 19:45:17,2814.2026,etcusdt
2022,2019-09-09 19:45:20,3056.4811,omgusdt
2008,2019-09-09 19:45:23,10250.9965,ethusdt
2028,2019-09-09 19:45:23,0.718,aeeth
2009,2019-09-09 19:45:32,10.0145,gntusdt
2024,2019-09-09 19:45:32,19996.9726,ethbtc
2026,2019-09-09 19:45:34,1766.9025,ltcusdt
2030,2019-09-09 19:45:37,0.6154,mcoeth
2020,2019-09-09 19:45:38,163.7268,zrxusdt
2020,2019-09-09 19:45:44,3.9549,etcusdt
2019,2019-09-09 19:45:44,317.9887,ltcbtc
2027,2019-09-09 19:45:46,74833.8984,btcusdt
2019,2019-09-09 19:45:52,38.5578,wtceth
2029,2019-09-09 19:45:58,8.9658,aeeth
2009,2019-09-09 19:45:59,16239.5712,ethusdt
2010,2019-09-09 19:46:02,19.0643,gntusdt
2023,2019-09-09 19:46:02,1546.3681,omgusdt
2031,2019-09-09 19:46:02,1.1508,mcoeth
2021,2019-09-09 19:46:10,128.3612,zrxusdt
2021,2019-09-09 19:46:13,3632.2886,etcusdt
2027,2019-09-09 19:46:14,1440.8438,ltcusdt
2025,2019-09-09 19:46:17,2929.9001,ethbtc
2028,2019-09-09 19:46:23,47882.1538,btcusdt
2020,2019-09-09 19:46:25,13.2973,wtceth
2020,2019-09-09 19:46:25,2498.1272,ltcbtc
2024,2019-09-09 19:46:28,52.0463,omgusdt
2032,2019-09-09 19:46:30,0.4852,mcoeth
2030,2019-09-09 19:46:31,9.7401,aeeth
2010,2019-09-09 19:46:32,12278.9137,ethusdt
2011,2019-09-09 19:46:37,9.7223,gntusdt
2022,2019-09-09 19:46:45,66.6842,zrxusdt
2026,2019-09-09 19:46:51,14848.3901,ethbtc
2021,2019-09-09 19:46:53,4637.9454,ltcbtc
2029,2019-09-09 19:46:55,64034.3292,btcusdt
2033,2019-09-09 19:46:55,0.0716,mcoeth
2022,2019-09-09 19:46:56,4247.9398,etcusdt
2028,2019-09-09 19:46:59,4024.7899,ltcusdt
2025,2019-09-09 19:47:02,1159.5832,omgusdt
2021,2019-09-09 19:47:03,55.7024,wtceth
2031,2019-09-09 19:47:07,3.4035,aeeth
2011,2019-09-09 19:47:11,9280.7787,ethusdt
2012,2019-09-09 19:47:12,4.2418,gntusdt
2022,2019-09-09 19:47:27,1986.476,ltcbtc
2029,2019-09-09 19:47:28,3363.8105,ltcusdt
2026,2019-09-09 19:47:28,346.8654,omgusdt
2034,2019-09-09 19:47:30,0.5828,mcoeth
2023,2019-09-09 19:47:30,169.95,zrxusdt
2023,2019-09-09 19:47:31,4081.3705,etcusdt
2030,2019-09-09 19:47:32,51482.7023,btcusdt
2027,2019-09-09 19:47:34,5426.6932,ethbtc
2022,2019-09-09 19:47:36,39.5649,wtceth
2013,2019-09-09 19:47:43,20.9896,gntusdt
2032,2019-09-09 19:47:49,1.3702,aeeth
2012,2019-09-09 19:47:49,12628.859,ethusdt
2023,2019-09-09 19:47:59,3637.4876,ltcbtc
2024,2019-09-09 19:48:00,157.2352,zrxusdt
2035,2019-09-09 19:48:00,0.1971,mcoeth
2028,2019-09-09 19:48:00,255.4717,ethbtc
2024,2019-09-09 19:48:03,2299.1492,etcusdt
2027,2019-09-09 19:48:03,4497.4995,omgusdt
2030,2019-09-09 19:48:09,3769.3569,ltcusdt
2013,2019-09-09 19:48:14,13867.5797,ethusdt
2014,2019-09-09 19:48:15,18.7985,gntusdt
2031,2019-09-09 19:48:15,19072.1428,btcusdt
2023,2019-09-09 19:48:20,6.0893,wtceth
2033,2019-09-09 19:48:22,7.8408,aeeth
2025,2019-09-09 19:48:29,18.5757,zrxusdt
2024,2019-09-09 19:48:34,3038.0694,ltcbtc
2028,2019-09-09 19:48:34,3270.8212,omgusdt
2031,2019-09-09 19:48:34,1211.9666,ltcusdt
2029,2019-09-09 19:48:36,2243.5276,ethbtc
2036,2019-09-09 19:48:39,0.6339,mcoeth
2032,2019-09-09 19:48:46,39182.896,btcusdt
2025,2019-09-09 19:48:47,554.0615,etcusdt
2024,2019-09-09 19:48:53,6.751,wtceth
2014,2019-09-09 19:48:57,2589.0488,ethusdt
2034,2019-09-09 19:48:58,1.4413,aeeth
2015,2019-09-09 19:48:58,2.0087,gntusdt
2029,2019-09-09 19:49:01,3921.8043,omgusdt
2032,2019-09-09 19:49:03,4070.103,ltcusdt
2026,2019-09-09 19:49:13,91.7782,zrxusdt
2025,2019-09-09 19:49:13,645.1328,ltcbtc
2033,2019-09-09 19:49:18,65936.2125,btcusdt
2030,2019-09-09 19:49:20,12560.0214,ethbtc
2037,2019-09-09 19:49:21,1.1623,mcoeth
2026,2019-09-09 19:49:22,905.9835,etcusdt
2016,2019-09-09 19:49:23,19.5668,gntusdt
2030,2019-09-09 19:49:32,1240.5404,omgusdt
2033,2019-09-09 19:49:34,3999.4594,ltcusdt
2025,2019-09-09 19:49:36,60.155,wtceth
2015,2019-09-09 19:49:36,8989.1086,ethusdt
2026,2019-09-09 19:49:42,5.4412,ltcbtc
2035,2019-09-09 19:49:43,10.1345,aeeth
2038,2019-09-09 19:49:46,0.3059,mcoeth
2027,2019-09-09 19:49:48,99.4724,zrxusdt
2034,2019-09-09 19:49:51,8070.0218,btcusdt
2017,2019-09-09 19:49:53,10.164,gntusdt
2031,2019-09-09 19:49:59,4437.6953,ethbtc
2027,2019-09-09 19:49:59,1258.8143,etcusdt
2034,2019-09-09 19:50:02,5155.4379,ltcusdt
2031,2019-09-09 19:50:07,924.6751,omgusdt
2016,2019-09-09 19:50:07,14640.1941,ethusdt
2027,2019-09-09 19:50:14,1352.781,ltcbtc
2035,2019-09-09 19:50:20,67216.9445,btcusdt
2026,2019-09-09 19:50:21,25.5418,wtceth
2036,2019-09-09 19:50:27,9.1717,aeeth
2039,2019-09-09 19:50:28,1.0355,mcoeth
2035,2019-09-09 19:50:30,4841.8556,ltcusdt
2028,2019-09-09 19:50:33,184.3409,zrxusdt
2032,2019-09-09 19:50:33,8052.8804,ethbtc
2018,2019-09-09 19:50:34,21.5791,gntusdt
2028,2019-09-09 19:50:38,364.8052,etcusdt
2028,2019-09-09 19:50:43,1683.0454,ltcbtc
2032,2019-09-09 19:50:44,1044.4144,omgusdt
2036,2019-09-09 19:50:46,69525.3476,btcusdt
2017,2019-09-09 19:50:49,8112.8417,ethusdt
2027,2019-09-09 19:50:50,30.4267,wtceth
2036,2019-09-09 19:50:58,3417.0508,ltcusdt
2037,2019-09-09 19:50:59,4.105,aeeth
2040,2019-09-09 19:51:00,0.5121,mcoeth
2019,2019-09-09 19:51:00,12.1249,gntusdt
2029,2019-09-09 19:51:08,167.3227,zrxusdt
2033,2019-09-09 19:51:10,971.6504,ethbtc
2029,2019-09-09 19:51:10,1983.5631,etcusdt
2029,2019-09-09 19:51:16,1703.9739,ltcbtc
2033,2019-09-09 19:51:19,1643.2465,omgusdt
2037,2019-09-09 19:51:21,23105.711,btcusdt
2018,2019-09-09 19:51:22,11052.67,ethusdt
2038,2019-09-09 19:51:24,11.8223,aeeth
2037,2019-09-09 19:51:24,3739.7044,ltcusdt
2028,2019-09-09 19:51:26,44.7451,wtceth
2030,2019-09-09 19:51:41,4974.381,ltcbtc
2034,2019-09-09 19:51:41,8358.7392,ethbtc
2041,2019-09-09 19:51:42,0.4295,mcoeth
2020,2019-09-09 19:51:42,21.1758,gntusdt
2030,2019-09-09 19:51:44,1751.6977,etcusdt
2030,2019-09-09 19:51:46,5.098,zrxusdt
2034,2019-09-09 19:51:52,2030.1225,omgusdt
2038,2019-09-09 19:51:59,12660.5096,btcusdt
2039,2019-09-09 19:52:00,14.3656,aeeth
2019,2019-09-09 19:52:00,465.0428,ethusdt
2029,2019-09-09 19:52:06,23.808,wtceth
2038,2019-09-09 19:52:07,649.9447,ltcusdt
2021,2019-09-09 19:52:08,9.5934,gntusdt
2031,2019-09-09 19:52:08,263.4802,ltcbtc
2042,2019-09-09 19:52:10,0.4732,mcoeth
2031,2019-09-09 19:52:12,34.1079,zrxusdt
2035,2019-09-09 19:52:12,4262.7373,ethbtc
2031,2019-09-09 19:52:24,3424.8732,etcusdt
2040,2019-09-09 19:52:27,9.2241,aeeth
2035,2019-09-09 19:52:33,822.264,omgusdt
2039,2019-09-09 19:52:34,18402.8055,btcusdt
2032,2019-09-09 19:52:35,4379.9713,ltcbtc
2036,2019-09-09 19:52:41,13314.3411,ethbtc
2022,2019-09-09 19:52:42,19.7747,gntusdt
2030,2019-09-09 19:52:42,40.9991,wtceth
2020,2019-09-09 19:52:42,12470.6247,ethusdt
2043,2019-09-09 19:52:49,0.8438,mcoeth
2039,2019-09-09 19:52:50,2479.2328,ltcusdt
2032,2019-09-09 19:52:57,68.8488,zrxusdt
2041,2019-09-09 19:53:01,0.0932,aeeth
2032,2019-09-09 19:53:05,4606.7423,etcusdt
2033,2019-09-09 19:53:12,5746.1474,ltcbtc
2044,2019-09-09 19:53:14,0.3171,mcoeth
2040,2019-09-09 19:53:15,1801.641,btcusdt
2037,2019-09-09 19:53:15,7124.1882,ethbtc
2036,2019-09-09 19:53:18,1857.367,omgusdt
2031,2019-09-09 19:53:18,55.3474,wtceth
2023,2019-09-09 19:53:20,13.6525,gntusdt
2021,2019-09-09 19:53:21,2069.2396,ethusdt
2033,2019-09-09 19:53:31,3083.0057,etcusdt
2040,2019-09-09 19:53:33,433.5279,ltcusdt
2033,2019-09-09 19:53:34,4.7368,zrxusdt
2042,2019-09-09 19:53:39,5.0506,aeeth
2041,2019-09-09 19:53:42,756.1587,btcusdt
2034,2019-09-09 19:53:43,3881.9709,ltcbtc
2038,2019-09-09 19:53:44,5008.4663,ethbtc
2024,2019-09-09 19:53:47,4.6879,gntusdt
2045,2019-09-09 19:53:56,0.6424,mcoeth
2032,2019-09-09 19:53:58,11.9079,wtceth
2037,2019-09-09 19:54:01,4293.3243,omgusdt
2043,2019-09-09 19:54:05,1.336,aeeth
2022,2019-09-09 19:54:05,4870.0413,ethusdt
2034,2019-09-09 19:54:10,912.7782,etcusdt
2042,2019-09-09 19:54:11,66831.6903,btcusdt
2039,2019-09-09 19:54:12,15360.0907,ethbtc
2034,2019-09-09 19:54:14,105.1102,zrxusdt
2025,2019-09-09 19:54:16,9.6321,gntusdt
2035,2019-09-09 19:54:17,3025.8622,ltcbtc
2041,2019-09-09 19:54:18,2341.3718,ltcusdt
2046,2019-09-09 19:54:26,0.0308,mcoeth
2038,2019-09-09 19:54:28,857.3488,omgusdt
2033,2019-09-09 19:54:32,62.1044,wtceth
2023,2019-09-09 19:54:38,2660.3962,ethusdt
2035,2019-09-09 19:54:43,154.8085,zrxusdt
2043,2019-09-09 19:54:44,7359.5025,btcusdt
2044,2019-09-09 19:54:45,5.7585,aeeth
2035,2019-09-09 19:54:47,70.9806,etcusdt
2026,2019-09-09 19:54:49,18.0664,gntusdt
2040,2019-09-09 19:54:55,13703.3434,ethbtc
2036,2019-09-09 19:54:57,4099.8105,ltcbtc
2042,2019-09-09 19:54:58,2464.9793,ltcusdt
2034,2019-09-09 19:55:03,58.4487,wtceth
2047,2019-09-09 19:55:07,1.0928,mcoeth
2039,2019-09-09 19:55:09,3017.5273,omgusdt
2044,2019-09-09 19:55:12,39281.6545,btcusdt
2036,2019-09-09 19:55:18,97.177,zrxusdt
2045,2019-09-09 19:55:19,0.5752,aeeth
2036,2019-09-09 19:55:21,1869.2703,etcusdt
2024,2019-09-09 19:55:22,14295.0925,ethusdt
2027,2019-09-09 19:55:24,6.426,gntusdt
2035,2019-09-09 19:55:31,6.0188,wtceth
2043,2019-09-09 19:55:32,1180.1531,ltcusdt
2041,2019-09-09 19:55:34,1563.3254,ethbtc
2037,2019-09-09 19:55:39,2210.5117,ltcbtc
2048,2019-09-09 19:55:47,0.7323,mcoeth
2040,2019-09-09 19:55:50,3398.8824,omgusdt
2037,2019-09-09 19:55:52,47.4608,zrxusdt
2045,2019-09-09 19:55:54,38977.9826,btcusdt
2037,2019-09-09 19:55:57,3440.8947,etcusdt
2028,2019-09-09 19:56:01,0.8527,gntusdt
2025,2019-09-09 19:56:01,14567.6956,ethusdt
2046,2019-09-09 19:56:04,1.7389,aeeth
2036,2019-09-09 19:56:05,14.8538,wtceth
2044,2019-09-09 19:56:11,2716.6157,ltcusdt
2038,2019-09-09 19:56:13,2549.6017,ltcbtc
2041,2019-09-09 19:56:17,2655.5383,omgusdt
2049,2019-09-09 19:56:18,0.2284,mcoeth
2042,2019-09-09 19:56:18,10679.5213,ethbtc
2038,2019-09-09 19:56:27,3910.8964,etcusdt
2038,2019-09-09 19:56:29,173.7263,zrxusdt
2026,2019-09-09 19:56:34,13016.7431,ethusdt
2046,2019-09-09 19:56:35,45197.707,btcusdt
2037,2019-09-09 19:56:38,62.6113,wtceth
2047,2019-09-09 19:56:40,8.3856,aeeth
2029,2019-09-09 19:56:44,21.0502,gntusdt
2043,2019-09-09 19:56:46,9169.6902,ethbtc
2039,2019-09-09 19:56:55,124.5707,zrxusdt
2045,2019-09-09 19:56:56,1791.9105,ltcusdt
2042,2019-09-09 19:56:57,1444.8211,omgusdt
2039,2019-09-09 19:56:57,1688.7394,ltcbtc
2050,2019-09-09 19:56:58,0.5629,mcoeth
2039,2019-09-09 19:57:00,2638.9685,etcusdt
2047,2019-09-09 19:57:06,41173.2841,btcusdt
2044,2019-09-09 19:57:11,17306.7758,ethbtc
2048,2019-09-09 19:57:13,0.3624,aeeth
2027,2019-09-09 19:57:16,6505.0804,ethusdt
2038,2019-09-09 19:57:22,24.0376,wtceth
2030,2019-09-09 19:57:24,15.2214,gntusdt
2043,2019-09-09 19:57:24,235.0987,omgusdt
2051,2019-09-09 19:57:25,0.0469,mcoeth
2040,2019-09-09 19:57:30,1414.843,ltcbtc
2040,2019-09-09 19:57:33,114.6763,zrxusdt
2046,2019-09-09 19:57:33,3918.8604,ltcusdt
2040,2019-09-09 19:57:38,618.1618,etcusdt
2045,2019-09-09 19:57:39,6571.6554,ethbtc
2049,2019-09-09 19:57:39,12.4608,aeeth
2048,2019-09-09 19:57:44,40258.4688,btcusdt
2028,2019-09-09 19:57:50,9233.868,ethusdt
2044,2019-09-09 19:57:52,193.4704,omgusdt
2052,2019-09-09 19:57:56,1.1972,mcoeth
2031,2019-09-09 19:58:05,18.5887,gntusdt
2039,2019-09-09 19:58:07,14.8627,wtceth
2047,2019-09-09 19:58:09,1894.8209,ltcusdt
2041,2019-09-09 19:58:11,3418.9342,ltcbtc
2049,2019-09-09 19:58:13,15119.8861,btcusdt
2050,2019-09-09 19:58:14,1.0196,aeeth
2041,2019-09-09 19:58:18,123.1438,zrxusdt
2041,2019-09-09 19:58:20,2052.1696,etcusdt
2046,2019-09-09 19:58:23,11122.9135,ethbtc
2029,2019-09-09 19:58:29,4095.9404,ethusdt
2032,2019-09-09 19:58:31,12.0188,gntusdt
2045,2019-09-09 19:58:32,4102.0103,omgusdt
2053,2019-09-09 19:58:39,0.8735,mcoeth
2040,2019-09-09 19:58:43,64.5117,wtceth
2048,2019-09-09 19:58:45,5047.4448,ltcusdt
2051,2019-09-09 19:58:46,2.1635,aeeth
2047,2019-09-09 19:58:54,4016.0267,ethbtc
2042,2019-09-09 19:58:55,3082.6883,ltcbtc
2042,2019-09-09 19:58:55,3778.1359,etcusdt
2042,2019-09-09 19:58:56,136.9155,zrxusdt
2050,2019-09-09 19:58:57,67735.2494,btcusdt
2030,2019-09-09 19:59:04,13306.0046,ethusdt
2033,2019-09-09 19:59:05,3.4275,gntusdt
2046,2019-09-09 19:59:07,4486.1693,omgusdt
2054,2019-09-09 19:59:14,0.7453,mcoeth
2041,2019-09-09 19:59:18,46.0923,wtceth
2048,2019-09-09 19:59:22,649.7901,ethbtc
2043,2019-09-09 19:59:26,28.6434,zrxusdt
2052,2019-09-09 19:59:28,13.7772,aeeth
2049,2019-09-09 19:59:28,2762.9696,ltcusdt
2051,2019-09-09 19:59:30,64689.4054,btcusdt
2043,2019-09-09 19:59:31,4652.6951,ltcbtc
2043,2019-09-09 19:59:37,514.8916,etcusdt
2031,2019-09-09 19:59:39,2023.6998,ethusdt
2055,2019-09-09 19:59:42,0.6297,mcoeth
2034,2019-09-09 19:59:43,17.1928,gntusdt
2047,2019-09-09 19:59:49,1207.8306,omgusdt
2042,2019-09-09 19:59:51,36.5605,wtceth
2044,2019-09-09 19:59:57,100.8444,zrxusdt
2052,2019-09-09 19:59:58,53304.8244,btcusdt
2049,2019-09-09 20:00:00,1288.6842,ethbtc
2044,2019-09-09 20:00:25,5587.6973,ltcbtc
2044,2019-09-09 20:00:25,2120.0142,etcusdt
2035,2019-09-09 20:00:26,25.9062,gntusdt
2050,2019-09-09 20:00:27,3676.7648,ltcusdt
2050,2019-09-09 20:00:28,18387.8697,ethbtc
2032,2019-09-09 20:00:28,6183.6597,ethusdt
2043,2019-09-09 20:00:31,51.662,wtceth
2053,2019-09-09 20:00:31,14593.7219,btcusdt
2053,2019-09-09 20:00:33,6.3931,aeeth
2048,2019-09-09 20:00:35,711.1161,omgusdt
2045,2019-09-09 20:00:35,1.2463,zrxusdt
2056,2019-09-09 20:00:37,0.1275,mcoeth
2045,2019-09-09 20:00:51,354.6446,etcusdt
2033,2019-09-09 20:00:53,1048.2524,ethusdt
2045,2019-09-09 20:00:57,986.3188,ltcbtc
2051,2019-09-09 20:00:59,11825.9149,ethbtc
2036,2019-09-09 20:01:02,12.2346,gntusdt
2049,2019-09-09 20:01:03,1789.8551,omgusdt
2051,2019-09-09 20:01:05,3193.6933,ltcusdt
2054,2019-09-09 20:01:06,65735.2438,btcusdt
2057,2019-09-09 20:01:07,0.8823,mcoeth
2054,2019-09-09 20:01:08,9.481,aeeth
2044,2019-09-09 20:01:14,59.6233,wtceth
2046,2019-09-09 20:01:17,69.5168,zrxusdt
2034,2019-09-09 20:01:19,136.1717,ethusdt
2046,2019-09-09 20:01:21,3102.4416,etcusdt
2046,2019-09-09 20:01:26,4040.2528,ltcbtc
2037,2019-09-09 20:01:31,29.962,gntusdt
2055,2019-09-09 20:01:35,31781.7548,btcusdt
2052,2019-09-09 20:01:39,5633.9045,ltcusdt
2052,2019-09-09 20:01:39,6439.0592,ethbtc
2050,2019-09-09 20:01:39,3728.7263,omgusdt
2047,2019-09-09 20:01:47,4287.1991,etcusdt
2058,2019-09-09 20:01:48,0.8709,mcoeth
2035,2019-09-09 20:01:50,13233.0438,ethusdt
2055,2019-09-09 20:01:51,1.8887,aeeth
2045,2019-09-09 20:01:54,22.5876,wtceth
2047,2019-09-09 20:01:55,130.2505,zrxusdt
2047,2019-09-09 20:02:01,688.1796,ltcbtc
2053,2019-09-09 20:02:06,4067.76,ethbtc
2056,2019-09-09 20:02:12,70526.9396,btcusdt
2038,2019-09-09 20:02:15,2.5525,gntusdt
2051,2019-09-09 20:02:20,3860.5532,omgusdt
2059,2019-09-09 20:02:23,0.1746,mcoeth
2046,2019-09-09 20:02:24,49.4746,wtceth
2053,2019-09-09 20:02:24,6253.8666,ltcusdt
2036,2019-09-09 20:02:28,6071.8635,ethusdt
2048,2019-09-09 20:02:30,1156.17,etcusdt
2048,2019-09-09 20:02:33,148.1219,zrxusdt
2056,2019-09-09 20:02:33,1.016,aeeth
2048,2019-09-09 20:02:34,2275.0535,ltcbtc
2054,2019-09-09 20:02:42,2166.5662,ethbtc
2057,2019-09-09 20:02:47,2785.4539,btcusdt
2039,2019-09-09 20:02:48,34.8366,gntusdt
2060,2019-09-09 20:02:49,0.8713,mcoeth
2052,2019-09-09 20:02:56,3070.4025,omgusdt
2037,2019-09-09 20:02:57,4131.4847,ethusdt
2054,2019-09-09 20:03:02,6011.8174,ltcusdt
2049,2019-09-09 20:03:03,2914.1288,etcusdt
2047,2019-09-09 20:03:09,40.8532,wtceth
2057,2019-09-09 20:03:13,11.5205,aeeth
2049,2019-09-09 20:03:15,69.6329,zrxusdt
2049,2019-09-09 20:03:18,1086.9633,ltcbtc
2058,2019-09-09 20:03:18,38082.5551,btcusdt
2055,2019-09-09 20:03:22,2301.1485,ethbtc
2061,2019-09-09 20:03:26,0.8499,mcoeth
2040,2019-09-09 20:03:27,26.0764,gntusdt
2038,2019-09-09 20:03:30,8061.0874,ethusdt
2050,2019-09-09 20:03:31,3818.1924,etcusdt
2053,2019-09-09 20:03:35,1447.5607,omgusdt
2055,2019-09-09 20:03:39,5793.6937,ltcusdt
2058,2019-09-09 20:03:41,0.8787,aeeth
2048,2019-09-09 20:03:42,58.5998,wtceth
2056,2019-09-09 20:03:48,19784.8046,ethbtc
2059,2019-09-09 20:03:52,32512.7154,btcusdt
2050,2019-09-09 20:03:52,64.0744,zrxusdt
2062,2019-09-09 20:03:52,1.2667,mcoeth
2050,2019-09-09 20:03:59,4734.3174,ltcbtc
2051,2019-09-09 20:04:03,2600.0405,etcusdt
2054,2019-09-09 20:04:07,1609.651,omgusdt
2041,2019-09-09 20:04:08,18.5306,gntusdt
2039,2019-09-09 20:04:09,16088.6731,ethusdt
2059,2019-09-09 20:04:15,11.7026,aeeth
2049,2019-09-09 20:04:15,26.1063,wtceth
2056,2019-09-09 20:04:16,4833.0445,ltcusdt
2063,2019-09-09 20:04:17,0.0189,mcoeth
2057,2019-09-09 20:04:19,4082.1062,ethbtc
2051,2019-09-09 20:04:25,5478.1591,ltcbtc
2060,2019-09-09 20:04:29,55714.3463,btcusdt
2051,2019-09-09 20:04:30,58.9928,zrxusdt
2052,2019-09-09 20:04:31,4068.4149,etcusdt
2060,2019-09-09 20:04:40,2.904,aeeth
2057,2019-09-09 20:04:41,2536.7519,ltcusdt
2055,2019-09-09 20:04:41,3157.2365,omgusdt
2050,2019-09-09 20:04:42,30.4874,wtceth
2042,2019-09-09 20:04:44,0.7643,gntusdt
2040,2019-09-09 20:04:45,17408.5623,ethusdt
2064,2019-09-09 20:04:49,1.3454,mcoeth
2061,2019-09-09 20:05:00,48805.7303,btcusdt
2058,2019-09-09 20:05:01,4612.5675,ethbtc
2052,2019-09-09 20:05:05,23.208,zrxusdt
2053,2019-09-09 20:05:05,1610.8196,etcusdt
2058,2019-09-09 20:05:09,3422.8325,ltcusdt
2052,2019-09-09 20:05:10,3850.9101,ltcbtc
2056,2019-09-09 20:05:11,2605.9538,omgusdt
2051,2019-09-09 20:05:13,43.2794,wtceth
2061,2019-09-09 20:05:15,9.529,aeeth
2043,2019-09-09 20:05:19,14.3207,gntusdt
2065,2019-09-09 20:05:26,0.2573,mcoeth
2041,2019-09-09 20:05:27,13337.7777,ethusdt
2062,2019-09-09 20:05:27,49444.7702,btcusdt
2054,2019-09-09 20:05:37,561.1917,etcusdt
2062,2019-09-09 20:05:42,12.048,aeeth
2052,2019-09-09 20:05:43,71.3979,wtceth
2059,2019-09-09 20:05:44,6722.1226,ethbtc
2053,2019-09-09 20:05:44,5456.7296,ltcbtc
2059,2019-09-09 20:05:45,7520.4191,ltcusdt
2053,2019-09-09 20:05:50,105.5155,zrxusdt
2066,2019-09-09 20:05:51,0.1624,mcoeth
2057,2019-09-09 20:05:51,1954.6958,omgusdt
2044,2019-09-09 20:05:52,34.1614,gntusdt
2042,2019-09-09 20:05:53,3905.4682,ethusdt
2063,2019-09-09 20:06:08,51082.2586,btcusdt
2055,2019-09-09 20:06:12,1760.0762,etcusdt
2054,2019-09-09 20:06:13,2157.5242,ltcbtc
2060,2019-09-09 20:06:19,2800.0363,ethbtc
2043,2019-09-09 20:06:19,10076.4585,ethusdt
2053,2019-09-09 20:06:19,35.8678,wtceth
2054,2019-09-09 20:06:19,167.2207,zrxusdt
2060,2019-09-09 20:06:20,3990.8114,ltcusdt
2067,2019-09-09 20:06:21,0.122,mcoeth
2058,2019-09-09 20:06:24,1369.2719,omgusdt
2063,2019-09-09 20:06:27,7.884,aeeth
2045,2019-09-09 20:06:28,23.7431,gntusdt
2064,2019-09-09 20:06:40,64403.3257,btcusdt
2055,2019-09-09 20:06:48,1944.4269,ltcbtc
2056,2019-09-09 20:06:48,1354.5127,etcusdt
2061,2019-09-09 20:06:51,6705.1903,ltcusdt
2061,2019-09-09 20:06:54,11596.5708,ethbtc
2064,2019-09-09 20:06:57,4.2557,aeeth
2055,2019-09-09 20:06:59,165.8517,zrxusdt
2044,2019-09-09 20:07:01,8289.9825,ethusdt
2054,2019-09-09 20:07:02,20.7106,wtceth
2059,2019-09-09 20:07:02,1813.3788,omgusdt
2046,2019-09-09 20:07:03,25.0692,gntusdt
2068,2019-09-09 20:07:05,0.8168,mcoeth
2065,2019-09-09 20:07:18,6823.3504,btcusdt
2057,2019-09-09 20:07:22,4746.6997,etcusdt
2062,2019-09-09 20:07:25,10820.6306,ethbtc
2056,2019-09-09 20:07:27,85.3094,zrxusdt
2062,2019-09-09 20:07:27,1643.6173,ltcusdt
2056,2019-09-09 20:07:28,3061.1191,ltcbtc
2060,2019-09-09 20:07:28,634.0652,omgusdt
2065,2019-09-09 20:07:28,6.3376,aeeth
2055,2019-09-09 20:07:31,53.0124,wtceth
2047,2019-09-09 20:07:36,20.9238,gntusdt
2045,2019-09-09 20:07:41,5335.4642,ethusdt
2066,2019-09-09 20:07:45,1801.423,btcusdt
2069,2019-09-09 20:07:45,0.6095,mcoeth
2061,2019-09-09 20:07:54,3578.5869,omgusdt
2063,2019-09-09 20:07:55,3510.7111,ltcusdt
2063,2019-09-09 20:08:01,13317.3687,ethbtc
2066,2019-09-09 20:08:02,7.7263,aeeth
2056,2019-09-09 20:08:04,13.4073,wtceth
2058,2019-09-09 20:08:05,675.7809,etcusdt
2057,2019-09-09 20:08:06,106.4032,zrxusdt
2057,2019-09-09 20:08:11,4989.3231,ltcbtc
2046,2019-09-09 20:08:12,14271.7962,ethusdt
2070,2019-09-09 20:08:15,0.8186,mcoeth
2048,2019-09-09 20:08:20,0.1489,gntusdt
2067,2019-09-09 20:08:29,37599.6195,btcusdt
2057,2019-09-09 20:08:31,57.3285,wtceth
2064,2019-09-09 20:08:32,7118.3066,ltcusdt
2062,2019-09-09 20:08:36,383.5758,omgusdt
2064,2019-09-09 20:08:44,18386.2349,ethbtc
2067,2019-09-09 20:08:45,12.2443,aeeth
2059,2019-09-09 20:08:49,4004.2421,etcusdt
2047,2019-09-09 20:08:50,1614.3452,ethusdt
2058,2019-09-09 20:08:51,70.1733,zrxusdt
2071,2019-09-09 20:08:53,1.3866,mcoeth
2058,2019-09-09 20:08:56,2942.8478,ltcbtc
2049,2019-09-09 20:08:59,34.3836,gntusdt
2063,2019-09-09 20:09:03,3766.2467,omgusdt
2068,2019-09-09 20:09:08,59551.8597,btcusdt
2058,2019-09-09 20:09:12,54.1251,wtceth
2065,2019-09-09 20:09:17,7399.8301,ltcusdt
2068,2019-09-09 20:09:17,1.7803,aeeth
2065,2019-09-09 20:09:19,683.4638,ethbtc
2072,2019-09-09 20:09:22,1.3869,mcoeth
2059,2019-09-09 20:09:23,963.6515,ltcbtc
2060,2019-09-09 20:09:24,2339.2408,etcusdt
2059,2019-09-09 20:09:28,100.004,zrxusdt
2048,2019-09-09 20:09:30,11858.6192,ethusdt
2069,2019-09-09 20:09:37,23740.2683,btcusdt
2050,2019-09-09 20:09:41,0.7774,gntusdt
2069,2019-09-09 20:09:43,3.0721,aeeth
2073,2019-09-09 20:09:47,0.1812,mcoeth
2066,2019-09-09 20:09:47,7411.1078,ltcusdt
2064,2019-09-09 20:09:48,2544.4247,omgusdt
2059,2019-09-09 20:09:54,52.7567,wtceth
2066,2019-09-09 20:09:57,6045.4697,ethbtc
2060,2019-09-09 20:09:58,4742.8622,ltcbtc
2060,2019-09-09 20:10:00,104.182,zrxusdt
2049,2019-09-09 20:10:05,10041.9359,ethusdt
2061,2019-09-09 20:10:09,1041.6777,etcusdt
2070,2019-09-09 20:10:11,0.8828,aeeth
2065,2019-09-09 20:10:13,2464.0942,omgusdt
2051,2019-09-09 20:10:13,28.9009,gntusdt
2067,2019-09-09 20:10:13,3720.6943,ltcusdt
2074,2019-09-09 20:10:15,0.1901,mcoeth
2070,2019-09-09 20:10:18,980.7282,btcusdt
2060,2019-09-09 20:10:33,17.5737,wtceth
2050,2019-09-09 20:10:33,6376.4894,ethusdt
2061,2019-09-09 20:10:34,167.3235,zrxusdt
2067,2019-09-09 20:10:36,10164.3548,ethbtc
2062,2019-09-09 20:10:36,1176.7929,etcusdt
2061,2019-09-09 20:10:39,2610.0571,ltcbtc
2075,2019-09-09 20:10:46,0.7184,mcoeth
2071,2019-09-09 20:10:47,10.9824,aeeth
2068,2019-09-09 20:10:47,5777.5658,ltcusdt
2066,2019-09-09 20:10:47,893.9988,omgusdt
2052,2019-09-09 20:10:50,21.2744,gntusdt
2071,2019-09-09 20:10:55,56793.3356,btcusdt
2062,2019-09-09 20:11:00,165.9819,zrxusdt
2061,2019-09-09 20:11:09,7.3136,wtceth
2063,2019-09-09 20:11:12,1996.4202,etcusdt
2051,2019-09-09 20:11:15,13187.6949,ethusdt
2062,2019-09-09 20:11:16,1286.4941,ltcbtc
2068,2019-09-09 20:11:18,897.1084,ethbtc
2069,2019-09-09 20:11:22,3018.478,ltcusdt
2053,2019-09-09 20:11:24,30.7249,gntusdt
2072,2019-09-09 20:11:24,12.8251,aeeth
2067,2019-09-09 20:11:29,3042.2136,omgusdt
2076,2019-09-09 20:11:31,0.37,mcoeth
2063,2019-09-09 20:11:38,141.0375,zrxusdt
2064,2019-09-09 20:11:39,1124.2593,etcusdt
2072,2019-09-09 20:11:39,55080.1213,btcusdt
2062,2019-09-09 20:11:40,71.6858,wtceth
2052,2019-09-09 20:11:41,9723.5823,ethusdt
2069,2019-09-09 20:11:49,13299.6206,ethbtc
2073,2019-09-09 20:11:51,8.3492,aeeth
2070,2019-09-09 20:11:53,3123.321,ltcusdt
2068,2019-09-09 20:11:55,1697.2792,omgusdt
2054,2019-09-09 20:11:55,7.6939,gntusdt
2063,2019-09-09 20:11:58,2923.0341,ltcbtc
2077,2019-09-09 20:11:59,0.9856,mcoeth
2064,2019-09-09 20:12:03,145.3963,zrxusdt
2065,2019-09-09 20:12:07,2851.7926,etcusdt
2073,2019-09-09 20:12:08,35331.5634,btcusdt
2053,2019-09-09 20:12:17,6539.3121,ethusdt
2063,2019-09-09 20:12:18,14.9589,wtceth
2070,2019-09-09 20:12:26,9215.8528,ethbtc
2074,2019-09-09 20:12:28,3.0002,aeeth
2064,2019-09-09 20:12:29,2926.9509,ltcbtc
2078,2019-09-09 20:12:31,1.3417,mcoeth
2071,2019-09-09 20:12:33,1671.3922,ltcusdt
2069,2019-09-09 20:12:35,2786.1337,omgusdt
2065,2019-09-09 20:12:37,22.3141,zrxusdt
2055,2019-09-09 20:12:38,28.4341,gntusdt
2054,2019-09-09 20:12:43,16629.2941,ethusdt
2064,2019-09-09 20:12:43,10.7491,wtceth
2066,2019-09-09 20:12:47,2198.8586,etcusdt
2074,2019-09-09 20:12:47,14152.0029,btcusdt
2071,2019-09-09 20:12:53,8669.8797,ethbtc
2075,2019-09-09 20:12:57,11.3961,aeeth
2065,2019-09-09 20:12:58,156.84,ltcbtc
2065,2019-09-09 20:13:08,34.1847,wtceth
2079,2019-09-09 20:13:08,0.9818,mcoeth
2072,2019-09-09 20:13:10,2029.1194,ltcusdt
2056,2019-09-09 20:13:10,17.157,gntusdt
2055,2019-09-09 20:13:11,11454.5456,ethusdt
2075,2019-09-09 20:13:13,46193.5085,btcusdt
2070,2019-09-09 20:13:17,3933.8979,omgusdt
2067,2019-09-09 20:13:19,4269.7705,etcusdt
2066,2019-09-09 20:13:21,155.1911,zrxusdt
2066,2019-09-09 20:13:25,3241.0266,ltcbtc
2072,2019-09-09 20:13:29,9277.5722,ethbtc
2080,2019-09-09 20:13:35,0.2946,mcoeth
2076,2019-09-09 20:13:39,3.8662,aeeth
2073,2019-09-09 20:13:49,1244.6627,ltcusdt
2057,2019-09-09 20:13:50,10.824,gntusdt
2066,2019-09-09 20:13:51,71.3368,wtceth
2068,2019-09-09 20:13:51,64.4615,etcusdt
2071,2019-09-09 20:13:51,2742.6247,omgusdt
2056,2019-09-09 20:13:53,16647.3594,ethusdt
2076,2019-09-09 20:13:54,62313.6521,btcusdt
2067,2019-09-09 20:14:06,162.4489,zrxusdt
2077,2019-09-09 20:14:10,2.3006,aeeth
2067,2019-09-09 20:14:10,656.1464,ltcbtc
2073,2019-09-09 20:14:13,15720.9576,ethbtc
2081,2019-09-09 20:14:17,0.0358,mcoeth
2058,2019-09-09 20:14:22,15.7334,gntusdt
2072,2019-09-09 20:14:23,1305.361,omgusdt
2074,2019-09-09 20:14:29,2957.4719,ltcusdt
2068,2019-09-09 20:14:35,2995.8598,ltcbtc
2068,2019-09-09 20:14:35,91.1928,zrxusdt
2069,2019-09-09 20:14:35,1554.7592,etcusdt
2077,2019-09-09 20:14:36,68030.833,btcusdt
2067,2019-09-09 20:14:36,67.7519,wtceth
2057,2019-09-09 20:14:38,13561.2661,ethusdt
2074,2019-09-09 20:14:45,6818.7156,ethbtc
2078,2019-09-09 20:14:45,5.0038,aeeth
2059,2019-09-09 20:14:50,8.1172,gntusdt
2073,2019-09-09 20:14:53,2567.1257,omgusdt
2082,2019-09-09 20:14:58,0.3629,mcoeth
2075,2019-09-09 20:15:01,5805.3244,ltcusdt
2078,2019-09-09 20:15:04,23703.0075,btcusdt
2069,2019-09-09 20:15:05,3862.0668,ltcbtc
2069,2019-09-09 20:15:11,123.6137,zrxusdt
2068,2019-09-09 20:15:14,35.5128,wtceth
2075,2019-09-09 20:15:15,12609.2375,ethbtc
2058,2019-09-09 20:15:15,11714.087,ethusdt
2060,2019-09-09 20:15:18,6.8653,gntusdt
2079,2019-09-09 20:15:18,5.3578,aeeth
2070,2019-09-09 20:15:19,6.6706,etcusdt
2074,2019-09-09 20:15:27,1333.6244,omgusdt
2079,2019-09-09 20:15:31,41789.9501,btcusdt
2076,2019-09-09 20:15:32,406.4532,ltcusdt
2083,2019-09-09 20:15:35,0.2325,mcoeth
2070,2019-09-09 20:15:44,76.7669,zrxusdt
2070,2019-09-09 20:15:46,4340.5101,ltcbtc
2061,2019-09-09 20:15:48,5.7621,gntusdt
2071,2019-09-09 20:15:49,2912.7351,etcusdt
2080,2019-09-09 20:15:53,7.1245,aeeth
2059,2019-09-09 20:15:55,7354.732,ethusdt
2076,2019-09-09 20:15:56,6180.4183,ethbtc
2075,2019-09-09 20:15:58,990.7,omgusdt
2069,2019-09-09 20:15:59,48.7556,wtceth
2080,2019-09-09 20:16:02,59883.7207,btcusdt
2077,2019-09-09 20:16:10,5216.9826,ltcusdt
2071,2019-09-09 20:16:10,173.6734,zrxusdt
2071,2019-09-09 20:16:16,1559.2929,ltcbtc
2072,2019-09-09 20:16:17,1746.7285,etcusdt
2084,2019-09-09 20:16:19,1.1516,mcoeth
2062,2019-09-09 20:16:20,11.8677,gntusdt
2077,2019-09-09 20:16:22,2456.2152,ethbtc
2070,2019-09-09 20:16:36,16.8891,wtceth
2081,2019-09-09 20:16:37,13.0131,aeeth
2060,2019-09-09 20:16:38,7965.0605,ethusdt
2076,2019-09-09 20:16:38,704.1827,omgusdt
2081,2019-09-09 20:16:44,66262.2624,btcusdt
2072,2019-09-09 20:16:45,951.6323,ltcbtc
2072,2019-09-09 20:16:48,73.3039,zrxusdt
2085,2019-09-09 20:16:49,0.6607,mcoeth
2073,2019-09-09 20:16:50,26.5201,etcusdt
2078,2019-09-09 20:16:52,1108.8539,ltcusdt
2063,2019-09-09 20:17:02,2.8759,gntusdt
2071,2019-09-09 20:17:05,42.9652,wtceth
2078,2019-09-09 20:17:05,18914.9074,ethbtc
2061,2019-09-09 20:17:06,11149.2345,ethusdt
2077,2019-09-09 20:17:13,967.499,omgusdt
2086,2019-09-09 20:17:14,0.3911,mcoeth
2074,2019-09-09 20:17:16,737.0066,etcusdt
2073,2019-09-09 20:17:16,1858.3695,ltcbtc
2082,2019-09-09 20:17:20,11.453,aeeth
2073,2019-09-09 20:17:26,76.0201,zrxusdt
2082,2019-09-09 20:17:28,46144.9118,btcusdt
2079,2019-09-09 20:17:30,4569.2013,ethbtc
2079,2019-09-09 20:17:33,2834.2381,ltcusdt
2064,2019-09-09 20:17:37,21.3588,gntusdt
2072,2019-09-09 20:17:39,59.1002,wtceth
2062,2019-09-09 20:17:42,12121.5277,ethusdt
2078,2019-09-09 20:17:44,1106.1976,omgusdt
2083,2019-09-09 20:17:50,0.0203,aeeth
2074,2019-09-09 20:17:55,681.8209,ltcbtc
2087,2019-09-09 20:17:55,0.2923,mcoeth
2075,2019-09-09 20:17:55,4768.4265,etcusdt
2080,2019-09-09 20:17:58,9351.4121,ethbtc
2074,2019-09-09 20:18:01,100.3751,zrxusdt
2065,2019-09-09 20:18:05,27.6759,gntusdt
2073,2019-09-09 20:18:08,13.8184,wtceth
2063,2019-09-09 20:18:09,10894.0925,ethusdt
2079,2019-09-09 20:18:11,1498.8312,omgusdt
2083,2019-09-09 20:18:12,19304.5207,btcusdt
2080,2019-09-09 20:18:17,1603.8852,ltcusdt
2084,2019-09-09 20:18:20,1.3453,aeeth
2081,2019-09-09 20:18:28,11208.9519,ethbtc
2076,2019-09-09 20:18:31,2195.4295,etcusdt
2075,2019-09-09 20:18:31,1648.3848,ltcbtc
2066,2019-09-09 20:18:32,30.8429,gntusdt
2075,2019-09-09 20:18:34,131.1408,zrxusdt
2088,2019-09-09 20:18:38,0.5204,mcoeth
2064,2019-09-09 20:18:39,1463.2312,ethusdt
2074,2019-09-09 20:18:42,61.6131,wtceth
2081,2019-09-09 20:18:54,3220.6772,ltcusdt
2084,2019-09-09 20:18:55,34384.2719,btcusdt
2085,2019-09-09 20:18:55,0.1016,aeeth
2080,2019-09-09 20:18:56,1089.6817,omgusdt
2076,2019-09-09 20:19:01,61.7533,zrxusdt
2076,2019-09-09 20:19:05,3898.1854,ltcbtc
2067,2019-09-09 20:19:06,2.2819,gntusdt
2089,2019-09-09 20:19:07,1.4087,mcoeth
2082,2019-09-09 20:19:08,12461.4052,ethbtc
2065,2019-09-09 20:19:08,2712.3926,ethusdt
2077,2019-09-09 20:19:11,2652.6787,etcusdt
2082,2019-09-09 20:19:20,2504.0846,ltcusdt
2081,2019-09-09 20:19:26,1989.8074,omgusdt
2075,2019-09-09 20:19:26,47.3486,wtceth
2086,2019-09-09 20:19:27,9.4977,aeeth
2085,2019-09-09 20:19:37,43546.9712,btcusdt
2066,2019-09-09 20:19:40,11037.2869,ethusdt
2077,2019-09-09 20:19:42,5020.8462,ltcbtc
2090,2019-09-09 20:19:43,0.8697,mcoeth
2077,2019-09-09 20:19:44,70.1754,zrxusdt
2068,2019-09-09 20:19:45,19.5847,gntusdt
2078,2019-09-09 20:19:46,2660.7251,etcusdt
2083,2019-09-09 20:19:52,18468.5866,ethbtc
2083,2019-09-09 20:19:55,786.5251,ltcusdt
2076,2019-09-09 20:19:56,37.4744,wtceth
2087,2019-09-09 20:20:03,6.9031,aeeth
2082,2019-09-09 20:20:04,1937.3934,omgusdt
2067,2019-09-09 20:20:08,2658.4166,ethusdt
2078,2019-09-09 20:20:11,1453.7864,ltcbtc
2069,2019-09-09 20:20:15,11.0564,gntusdt
2086,2019-09-09 20:20:15,72337.6129,btcusdt
2091,2019-09-09 20:20:18,1.2667,mcoeth
2084,2019-09-09 20:20:22,1245.4177,ethbtc
2079,2019-09-09 20:20:26,2502.4083,etcusdt
2078,2019-09-09 20:20:27,65.5542,zrxusdt
2077,2019-09-09 20:20:29,50.6671,wtceth
2088,2019-09-09 20:20:31,9.3372,aeeth
2083,2019-09-09 20:20:32,3994.1474,omgusdt
2084,2019-09-09 20:20:38,6366.968,ltcusdt
2068,2019-09-09 20:20:45,15140.4513,ethusdt
2070,2019-09-09 20:20:47,18.841,gntusdt
2092,2019-09-09 20:20:50,0.1802,mcoeth
2080,2019-09-09 20:20:51,2858.7621,etcusdt
2087,2019-09-09 20:20:53,55044.2771,btcusdt
2079,2019-09-09 20:20:56,2449.7256,ltcbtc
2085,2019-09-09 20:21:00,14438.7837,ethbtc
2089,2019-09-09 20:21:06,4.9113,aeeth
2078,2019-09-09 20:21:06,43.93,wtceth
2084,2019-09-09 20:21:07,1757.8853,omgusdt
2079,2019-09-09 20:21:10,118.5695,zrxusdt
2085,2019-09-09 20:21:11,76.6569,ltcusdt
2069,2019-09-09 20:21:16,10446.0375,ethusdt
2071,2019-09-09 20:21:18,33.3608,gntusdt
2081,2019-09-09 20:21:22,504.3075,etcusdt
2093,2019-09-09 20:21:22,0.3317,mcoeth
2080,2019-09-09 20:21:29,824.1246,ltcbtc
2086,2019-09-09 20:21:30,11561.542,ethbtc
2079,2019-09-09 20:21:31,24.5581,wtceth
2088,2019-09-09 20:21:31,24965.118,btcusdt
2080,2019-09-09 20:21:39,64.1445,zrxusdt
2085,2019-09-09 20:21:44,778.5562,omgusdt
2072,2019-09-09 20:21:45,13.3317,gntusdt
2090,2019-09-09 20:21:46,13.4016,aeeth
2086,2019-09-09 20:21:49,3189.8684,ltcusdt
2070,2019-09-09 20:21:55,7232.2147,ethusdt
2080,2019-09-09 20:22:01,4.5943,wtceth
2082,2019-09-09 20:22:02,1544.8863,etcusdt
2081,2019-09-09 20:22:04,19.1437,zrxusdt
2094,2019-09-09 20:22:06,0.2395,mcoeth
2089,2019-09-09 20:22:08,44749.8853,btcusdt
2087,2019-09-09 20:22:09,7524.0326,ethbtc
2086,2019-09-09 20:22:10,2536.4074,omgusdt
2081,2019-09-09 20:22:10,3935.193,ltcbtc
2091,2019-09-09 20:22:12,7.1151,aeeth
2087,2019-09-09 20:22:17,5346.8414,ltcusdt
2073,2019-09-09 20:22:18,8.5883,gntusdt
2071,2019-09-09 20:22:30,10799.7248,ethusdt
2088,2019-09-09 20:22:35,5225.9254,ethbtc
2095,2019-09-09 20:22:35,1.2299,mcoeth
2081,2019-09-09 20:22:37,40.6951,wtceth
2082,2019-09-09 20:22:38,9.9914,zrxusdt
2087,2019-09-09 20:22:41,2557.9814,omgusdt
2082,2019-09-09 20:22:44,4920.9569,ltcbtc
2083,2019-09-09 20:22:44,241.1512,etcusdt
2092,2019-09-09 20:22:46,10.9972,aeeth
2090,2019-09-09 20:22:50,34072.0851,btcusdt
2072,2019-09-09 20:22:56,7003.2673,ethusdt
2074,2019-09-09 20:23:00,13.8024,gntusdt
2088,2019-09-09 20:23:01,4640.6412,ltcusdt
2096,2019-09-09 20:23:13,0.2359,mcoeth
2084,2019-09-09 20:23:16,171.9542,etcusdt
2082,2019-09-09 20:23:16,51.7519,wtceth
2083,2019-09-09 20:23:18,5282.6402,ltcbtc
2083,2019-09-09 20:23:18,45.7229,zrxusdt
2089,2019-09-09 20:23:20,2002.0044,ethbtc
2093,2019-09-09 20:23:23,1.2422,aeeth
2088,2019-09-09 20:23:24,3565.6278,omgusdt
2073,2019-09-09 20:23:25,14502.7092,ethusdt
2091,2019-09-09 20:23:29,21304.7286,btcusdt
2075,2019-09-09 20:23:31,10.7197,gntusdt
2089,2019-09-09 20:23:37,2171.5606,ltcusdt
2083,2019-09-09 20:23:44,54.0114,wtceth
2085,2019-09-09 20:23:46,4704.0596,etcusdt
2089,2019-09-09 20:23:49,1959.1186,omgusdt
2097,2019-09-09 20:23:49,0.8532,mcoeth
2084,2019-09-09 20:23:49,2667.2063,ltcbtc
2074,2019-09-09 20:23:50,14727.3598,ethusdt
2094,2019-09-09 20:23:55,2.541,aeeth
2092,2019-09-09 20:23:56,22194.1112,btcusdt
2084,2019-09-09 20:23:56,34.1504,zrxusdt
2090,2019-09-09 20:24:02,15109.0551,ethbtc
2090,2019-09-09 20:24:08,3993.8915,ltcusdt
2084,2019-09-09 20:24:10,9.1574,wtceth
2076,2019-09-09 20:24:11,34.5233,gntusdt
2086,2019-09-09 20:24:13,4237.6532,etcusdt
2085,2019-09-09 20:24:21,2123.8424,ltcbtc
2075,2019-09-09 20:24:22,1100.303,ethusdt
2090,2019-09-09 20:24:23,3103.3853,omgusdt
2095,2019-09-09 20:24:26,10.9196,aeeth
2093,2019-09-09 20:24:27,39256.3316,btcusdt
2098,2019-09-09 20:24:30,0.2981,mcoeth
2085,2019-09-09 20:24:35,8.3062,zrxusdt
2085,2019-09-09 20:24:36,29.774,wtceth
2077,2019-09-09 20:24:43,11.1696,gntusdt
2091,2019-09-09 20:24:43,17049.3375,ethbtc
2091,2019-09-09 20:24:45,4103.5108,ltcusdt
2091,2019-09-09 20:24:48,3150.6863,omgusdt
2076,2019-09-09 20:24:50,10622.3622,ethusdt
2096,2019-09-09 20:24:57,2.3909,aeeth
2099,2019-09-09 20:24:58,1.1138,mcoeth
2087,2019-09-09 20:24:58,1770.7659,etcusdt
2094,2019-09-09 20:25:00,63797.7327,btcusdt
2086,2019-09-09 20:25:04,2243.4344,ltcbtc
2086,2019-09-09 20:25:12,101.603,zrxusdt
2092,2019-09-09 20:25:14,5404.6993,ltcusdt
2092,2019-09-09 20:25:14,688.6301,ethbtc
2092,2019-09-09 20:25:15,3094.5297,omgusdt
2078,2019-09-09 20:25:16,9.5544,gntusdt
2086,2019-09-09 20:25:19,12.8037,wtceth
2077,2019-09-09 20:25:20,13392.626,ethusdt
2088,2019-09-09 20:25:23,2437.2163,etcusdt
2097,2019-09-09 20:25:26,4.8986,aeeth
2095,2019-09-09 20:25:28,47090.2847,btcusdt
2087,2019-09-09 20:25:30,4332.1549,ltcbtc
2100,2019-09-09 20:25:32,0.7142,mcoeth
2093,2019-09-09 20:25:40,847.5398,omgusdt
2087,2019-09-09 20:25:46,63.0412,zrxusdt
2093,2019-09-09 20:25:46,20241.269,ethbtc
2079,2019-09-09 20:25:53,10.78,gntusdt
2087,2019-09-09 20:25:53,61.6693,wtceth
2078,2019-09-09 20:25:54,12566.5069,ethusdt
2093,2019-09-09 20:25:55,999.6566,ltcusdt
2089,2019-09-09 20:25:55,4235.325,etcusdt
2088,2019-09-09 20:25:59,3717.7817,ltcbtc
2101,2019-09-09 20:26:00,1.0433,mcoeth
2098,2019-09-09 20:26:04,4.3286,aeeth
2094,2019-09-09 20:26:08,2111.2402,omgusdt
2088,2019-09-09 20:26:12,88.8796,zrxusdt
2096,2019-09-09 20:26:12,70669.1691,btcusdt
2094,2019-09-09 20:26:18,1205.7141,ethbtc
2079,2019-09-09 20:26:29,16165.782,ethusdt
2099,2019-09-09 20:26:31,11.0851,aeeth
2080,2019-09-09 20:26:33,27.7448,gntusdt
2088,2019-09-09 20:26:34,8.2872,wtceth
2094,2019-09-09 20:26:35,5528.4941,ltcusdt
2089,2019-09-09 20:26:36,1057.7608,ltcbtc
2090,2019-09-09 20:26:40,2922.5462,etcusdt
2102,2019-09-09 20:26:41,1.0745,mcoeth
2095,2019-09-09 20:26:43,1030.857,omgusdt
2097,2019-09-09 20:26:49,11077.6946,btcusdt
2089,2019-09-09 20:26:55,35.0263,zrxusdt
2089,2019-09-09 20:26:59,14.1763,wtceth
2095,2019-09-09 20:27:01,19180.9964,ethbtc
2090,2019-09-09 20:27:02,553.5826,ltcbtc
2100,2019-09-09 20:27:06,1.8288,aeeth
2095,2019-09-09 20:27:07,5711.6726,ltcusdt
2080,2019-09-09 20:27:08,488.6181,ethusdt
2091,2019-09-09 20:27:10,2477.6305,etcusdt
2103,2019-09-09 20:27:10,0.084,mcoeth
2081,2019-09-09 20:27:11,23.5346,gntusdt
2098,2019-09-09 20:27:15,43195.4559,btcusdt
2096,2019-09-09 20:27:21,1686.8487,omgusdt
2096,2019-09-09 20:27:28,8653.1563,ethbtc
2090,2019-09-09 20:27:31,105.1042,zrxusdt
2101,2019-09-09 20:27:36,5.4832,aeeth
2096,2019-09-09 20:27:38,3263.2959,ltcusdt
2092,2019-09-09 20:27:40,4436.1929,etcusdt
2090,2019-09-09 20:27:43,49.2731,wtceth
2099,2019-09-09 20:27:44,53740.1486,btcusdt
2104,2019-09-09 20:27:44,0.6973,mcoeth
2091,2019-09-09 20:27:46,119.5057,ltcbtc
2082,2019-09-09 20:27:48,27.7859,gntusdt
2081,2019-09-09 20:27:49,9091.7977,ethusdt
2097,2019-09-09 20:27:52,2787.2963,omgusdt
2097,2019-09-09 20:27:55,11486.492,ethbtc
2102,2019-09-09 20:28:05,13.2701,aeeth
2093,2019-09-09 20:28:07,481.1153,etcusdt
2091,2019-09-09 20:28:07,75.3002,zrxusdt
2097,2019-09-09 20:28:18,2958.7281,ltcusdt
2083,2019-09-09 20:28:18,15.5142,gntusdt
2091,2019-09-09 20:28:22,27.8245,wtceth
2100,2019-09-09 20:28:24,35041.7186,btcusdt
2105,2019-09-09 20:28:26,0.5807,mcoeth
2092,2019-09-09 20:28:27,4642.8261,ltcbtc
2098,2019-09-09 20:28:28,17076.1287,ethbtc
2098,2019-09-09 20:28:32,2941.8189,omgusdt
2082,2019-09-09 20:28:32,14601.9457,ethusdt
2103,2019-09-09 20:28:33,3.0993,aeeth
2094,2019-09-09 20:28:35,3329.9578,etcusdt
2092,2019-09-09 20:28:35,174.3616,zrxusdt
2098,2019-09-09 20:28:45,2725.9647,ltcusdt
2092,2019-09-09 20:28:51,49.4579,wtceth
2084,2019-09-09 20:28:52,31.6523,gntusdt
2099,2019-09-09 20:28:59,2916.6066,omgusdt
2101,2019-09-09 20:29:01,20105.004,btcusdt
2106,2019-09-09 20:29:01,1.1004,mcoeth
2099,2019-09-09 20:29:03,5717.0966,ethbtc
2083,2019-09-09 20:29:03,8548.2428,ethusdt
2093,2019-09-09 20:29:06,2599.0175,ltcbtc
2104,2019-09-09 20:29:08,7.9426,aeeth
2095,2019-09-09 20:29:10,3775.9933,etcusdt
2093,2019-09-09 20:29:17,83.744,zrxusdt
2093,2019-09-09 20:29:23,39.9328,wtceth
2085,2019-09-09 20:29:24,29.0791,gntusdt
2099,2019-09-09 20:29:27,5577.3113,ltcusdt
2084,2019-09-09 20:29:28,12727.3813,ethusdt
2107,2019-09-09 20:29:31,0.3811,mcoeth
2094,2019-09-09 20:29:31,355.3546,ltcbtc
2102,2019-09-09 20:29:36,72185.1256,btcusdt
2100,2019-09-09 20:29:39,3521.4002,omgusdt
2100,2019-09-09 20:29:47,3321.1981,ethbtc
2105,2019-09-09 20:29:49,3.5186,aeeth
2094,2019-09-09 20:29:51,74.0891,wtceth
2100,2019-09-09 20:29:52,4943.0103,ltcusdt
2096,2019-09-09 20:29:53,2776.3046,etcusdt
2094,2019-09-09 20:29:58,142.736,zrxusdt
2103,2019-09-09 20:30:01,25253.1633,btcusdt
2095,2019-09-09 20:30:06,2987.7031,ltcbtc
2085,2019-09-09 20:30:07,851.5566,ethusdt
2086,2019-09-09 20:30:09,17.4936,gntusdt
2101,2019-09-09 20:30:13,1801.3415,omgusdt
2108,2019-09-09 20:30:13,0.4222,mcoeth
2106,2019-09-09 20:30:15,12.3806,aeeth
2095,2019-09-09 20:30:18,0.9029,wtceth
2097,2019-09-09 20:30:21,3286.0737,etcusdt
2101,2019-09-09 20:30:22,2714.1843,ethbtc
2104,2019-09-09 20:30:27,74153.8263,btcusdt
2101,2019-09-09 20:30:34,4099.262,ltcusdt
2096,2019-09-09 20:30:35,5782.5396,ltcbtc
2095,2019-09-09 20:30:38,27.142,zrxusdt
2107,2019-09-09 20:30:40,0.7709,aeeth
2086,2019-09-09 20:30:40,7927.6363,ethusdt
2109,2019-09-09 20:30:44,0.5599,mcoeth
2096,2019-09-09 20:30:45,57.6415,wtceth
2102,2019-09-09 20:30:48,10158.9525,ethbtc
2087,2019-09-09 20:30:52,21.0915,gntusdt
2105,2019-09-09 20:30:53,47393.5223,btcusdt
2102,2019-09-09 20:30:55,3786.1395,omgusdt
2098,2019-09-09 20:30:59,1394.9291,etcusdt
2096,2019-09-09 20:31:03,143.6188,zrxusdt
2108,2019-09-09 20:31:09,4.3577,aeeth
2087,2019-09-09 20:31:12,7110.4293,ethusdt
2097,2019-09-09 20:31:15,3930.1811,ltcbtc
2102,2019-09-09 20:31:17,2916.8669,ltcusdt
2106,2019-09-09 20:31:18,42502.5001,btcusdt
2097,2019-09-09 20:31:24,11.9027,wtceth
2110,2019-09-09 20:31:27,0.2454,mcoeth
2097,2019-09-09 20:31:30,89.8115,zrxusdt
2088,2019-09-09 20:31:32,20.3897,gntusdt
2103,2019-09-09 20:31:33,20223.1362,ethbtc
2103,2019-09-09 20:31:38,3460.7583,omgusdt
2099,2019-09-09 20:31:40,4161.3674,etcusdt
2109,2019-09-09 20:31:47,1.2547,aeeth
2103,2019-09-09 20:31:50,5132.9533,ltcusdt
2098,2019-09-09 20:31:52,2181.3092,ltcbtc
2088,2019-09-09 20:31:53,7574.0971,ethusdt
2107,2019-09-09 20:31:55,19642.6303,btcusdt
2098,2019-09-09 20:31:55,159.8849,zrxusdt
2098,2019-09-09 20:31:57,51.6801,wtceth
2104,2019-09-09 20:32:04,7515.0414,ethbtc
2111,2019-09-09 20:32:08,1.0758,mcoeth
2089,2019-09-09 20:32:17,1.1246,gntusdt
2104,2019-09-09 20:32:20,3614.205,omgusdt
2110,2019-09-09 20:32:21,3.0226,aeeth
2108,2019-09-09 20:32:22,31071.4754,btcusdt
2100,2019-09-09 20:32:23,3630.4347,etcusdt
2099,2019-09-09 20:32:23,1672.0216,ltcbtc
2099,2019-09-09 20:32:26,72.6454,wtceth
2099,2019-09-09 20:32:31,157.7023,zrxusdt
2104,2019-09-09 20:32:33,5199.4194,ltcusdt
2089,2019-09-09 20:32:37,7391.5056,ethusdt
2112,2019-09-09 20:32:45,0.7059,mcoeth
2105,2019-09-09 20:32:46,15864.4084,ethbtc
2111,2019-09-09 20:32:50,10.6846,aeeth
2105,2019-09-09 20:32:52,904.4927,omgusdt
2100,2019-09-09 20:32:59,67.2581,wtceth
2105,2019-09-09 20:33:00,3276.149,ltcusdt
2109,2019-09-09 20:33:00,71525.044,btcusdt
2090,2019-09-09 20:33:01,21.5714,gntusdt
2101,2019-09-09 20:33:05,4724.3429,etcusdt
2100,2019-09-09 20:33:08,4391.792,ltcbtc
2090,2019-09-09 20:33:09,16558.3633,ethusdt
2113,2019-09-09 20:33:10,0.1613,mcoeth
2100,2019-09-09 20:33:14,10.1686,zrxusdt
2106,2019-09-09 20:33:16,5874.4965,ethbtc
2112,2019-09-09 20:33:22,4.5393,aeeth
2106,2019-09-09 20:33:29,2769.4729,ltcusdt
2101,2019-09-09 20:33:33,64.688,wtceth
2106,2019-09-09 20:33:35,3606.1869,omgusdt
2110,2019-09-09 20:33:39,65227.7284,btcusdt
2091,2019-09-09 20:33:42,34.6782,gntusdt
2091,2019-09-09 20:33:43,13112.0865,ethusdt
2101,2019-09-09 20:33:46,5619.9197,ltcbtc
2113,2019-09-09 20:33:48,2.8536,aeeth
2107,2019-09-09 20:33:48,287.3427,ethbtc
2102,2019-09-09 20:33:49,3526.4059,etcusdt
2114,2019-09-09 20:33:53,0.8435,mcoeth
2101,2019-09-09 20:33:57,43.8474,zrxusdt
2107,2019-09-09 20:34:06,4970.4119,ltcusdt
2107,2019-09-09 20:34:08,2729.9819,omgusdt
2092,2019-09-09 20:34:12,34.8531,gntusdt
2102,2019-09-09 20:34:12,56.7193,wtceth
2092,2019-09-09 20:34:17,4678.6207,ethusdt
2114,2019-09-09 20:34:17,11.7148,aeeth
2102,2019-09-09 20:34:18,1025.8002,ltcbtc
2111,2019-09-09 20:34:22,12812.3446,btcusdt
2108,2019-09-09 20:34:23,9319.0375,ethbtc
2102,2019-09-09 20:34:26,40.0001,zrxusdt
2115,2019-09-09 20:34:29,0.8853,mcoeth
2103,2019-09-09 20:34:29,3140.415,etcusdt
2093,2019-09-09 20:34:40,24.9493,gntusdt
2115,2019-09-09 20:34:46,2.2966,aeeth
2093,2019-09-09 20:34:49,15639.9479,ethusdt
2108,2019-09-09 20:34:49,1738.7048,omgusdt
2103,2019-09-09 20:34:50,45.0517,wtceth
2108,2019-09-09 20:34:50,2476.2657,ltcusdt
2112,2019-09-09 20:34:55,10578.2239,btcusdt
2109,2019-09-09 20:34:56,18417.8595,ethbtc
2103,2019-09-09 20:34:59,3384.8475,ltcbtc
2116,2019-09-09 20:35:02,0.8427,mcoeth
2104,2019-09-09 20:35:03,4757.0458,etcusdt
2103,2019-09-09 20:35:08,152.9441,zrxusdt
2116,2019-09-09 20:35:11,4.5102,aeeth
2104,2019-09-09 20:35:17,22.0667,wtceth
2094,2019-09-09 20:35:19,15888.6958,ethusdt
2110,2019-09-09 20:35:22,17116.7151,ethbtc
2094,2019-09-09 20:35:22,28.8798,gntusdt
2104,2019-09-09 20:35:25,1261.8222,ltcbtc
2109,2019-09-09 20:35:27,159.7919,omgusdt
2113,2019-09-09 20:35:29,12884.6518,btcusdt
2109,2019-09-09 20:35:30,1765.3927,ltcusdt
2117,2019-09-09 20:35:39,0.9061,mcoeth
2105,2019-09-09 20:35:40,1198.1513,etcusdt
2104,2019-09-09 20:35:40,157.8793,zrxusdt
2117,2019-09-09 20:35:45,6.125,aeeth
2105,2019-09-09 20:35:46,8.5575,wtceth
2111,2019-09-09 20:35:51,10630.4619,ethbtc
2095,2019-09-09 20:35:53,2771.142,ethusdt
2110,2019-09-09 20:35:54,1904.006,omgusdt
2095,2019-09-09 20:35:55,14.9257,gntusdt
2105,2019-09-09 20:35:58,5018.3041,ltcbtc
2110,2019-09-09 20:36:07,88.5013,ltcusdt
2118,2019-09-09 20:36:10,0.2352,mcoeth
2105,2019-09-09 20:36:13,154.6334,zrxusdt
2114,2019-09-09 20:36:14,10049.6489,btcusdt
2106,2019-09-09 20:36:19,2230.7333,etcusdt
2118,2019-09-09 20:36:20,1.6299,aeeth
2106,2019-09-09 20:36:26,4580.339,ltcbtc
2112,2019-09-09 20:36:26,2820.8239,ethbtc
2096,2019-09-09 20:36:28,24.8506,gntusdt
2106,2019-09-09 20:36:29,65.3215,wtceth
2096,2019-09-09 20:36:30,13208.0426,ethusdt
2111,2019-09-09 20:36:38,2206.5484,omgusdt
2115,2019-09-09 20:36:48,37135.3725,btcusdt
2119,2019-09-09 20:36:49,12.4708,aeeth
2107,2019-09-09 20:36:50,3277.3532,etcusdt
2111,2019-09-09 20:36:51,2118.4079,ltcusdt
2119,2019-09-09 20:36:54,0.3888,mcoeth
2106,2019-09-09 20:36:55,17.4593,zrxusdt
2107,2019-09-09 20:36:55,43.2186,wtceth
2097,2019-09-09 20:37:03,4.9254,gntusdt
2107,2019-09-09 20:37:04,2812.8033,ltcbtc
2113,2019-09-09 20:37:08,10134.8908,ethbtc
2097,2019-09-09 20:37:15,3821.9334,ethusdt
2112,2019-09-09 20:37:16,3950.7352,omgusdt
2120,2019-09-09 20:37:23,0.0286,mcoeth
2108,2019-09-09 20:37:24,19.1495,wtceth
2108,2019-09-09 20:37:26,4797.5384,etcusdt
2120,2019-09-09 20:37:28,8.0221,aeeth
2098,2019-09-09 20:37:29,26.7478,gntusdt
2112,2019-09-09 20:37:30,1551.8578,ltcusdt
2116,2019-09-09 20:37:32,61647.1112,btcusdt
2107,2019-09-09 20:37:36,31.1381,zrxusdt
2108,2019-09-09 20:37:39,283.0461,ltcbtc
2113,2019-09-09 20:37:47,3432.7847,omgusdt
2109,2019-09-09 20:37:49,74.4525,wtceth
2109,2019-09-09 20:37:51,327.6722,etcusdt
2114,2019-09-09 20:37:53,183.1871,ethbtc
2121,2019-09-09 20:37:55,0.4921,mcoeth
2098,2019-09-09 20:37:57,10089.7343,ethusdt
2117,2019-09-09 20:38:05,60497.206,btcusdt
2121,2019-09-09 20:38:05,9.0883,aeeth
2099,2019-09-09 20:38:06,29.2322,gntusdt
2113,2019-09-09 20:38:10,2444.4722,ltcusdt
2109,2019-09-09 20:38:15,5367.1102,ltcbtc
2108,2019-09-09 20:38:15,147.7896,zrxusdt
2110,2019-09-09 20:38:21,67.4371,wtceth
2110,2019-09-09 20:38:23,372.2526,etcusdt
2122,2019-09-09 20:38:27,0.3161,mcoeth
2099,2019-09-09 20:38:28,4187.0822,ethusdt
2114,2019-09-09 20:38:30,787.6211,omgusdt
2100,2019-09-09 20:38:31,32.3498,gntusdt
2115,2019-09-09 20:38:38,1087.5053,ethbtc
2109,2019-09-09 20:38:41,133.3752,zrxusdt
2110,2019-09-09 20:38:43,1253.2683,ltcbtc
2118,2019-09-09 20:38:47,7694.1,btcusdt
2122,2019-09-09 20:38:49,2.4995,aeeth
2114,2019-09-09 20:38:50,1644.4816,ltcusdt
2111,2019-09-09 20:38:56,22.7521,wtceth
2115,2019-09-09 20:38:59,2574.5158,omgusdt
2111,2019-09-09 20:39:00,2142.9947,etcusdt
2100,2019-09-09 20:39:04,2841.3595,ethusdt
2101,2019-09-09 20:39:04,21.286,gntusdt
2123,2019-09-09 20:39:12,0.2705,mcoeth
2116,2019-09-09 20:39:12,1873.034,ethbtc
2111,2019-09-09 20:39:16,1564.8892,ltcbtc
2119,2019-09-09 20:39:21,24810.1414,btcusdt
2110,2019-09-09 20:39:26,169.8167,zrxusdt
2123,2019-09-09 20:39:31,10.3344,aeeth
2115,2019-09-09 20:39:31,4196.0016,ltcusdt
2112,2019-09-09 20:39:31,38.4183,wtceth
2112,2019-09-09 20:39:34,3582.7193,etcusdt
2101,2019-09-09 20:39:40,13016.6182,ethusdt
2117,2019-09-09 20:39:41,11155.0236,ethbtc
2102,2019-09-09 20:39:41,33.9457,gntusdt
2116,2019-09-09 20:39:44,312.4099,omgusdt
2112,2019-09-09 20:39:46,865.445,ltcbtc
2120,2019-09-09 20:39:48,12930.1827,btcusdt
2124,2019-09-09 20:39:54,1.3607,mcoeth
2111,2019-09-09 20:40:07,122.0627,zrxusdt
2113,2019-09-09 20:40:09,73.2984,wtceth
2103,2019-09-09 20:40:09,0.663,gntusdt
2116,2019-09-09 20:40:14,5524.6468,ltcusdt
2124,2019-09-09 20:40:15,12.2876,aeeth
2113,2019-09-09 20:40:17,1956.0613,etcusdt
2118,2019-09-09 20:40:20,14747.998,ethbtc
2113,2019-09-09 20:40:23,331.6582,ltcbtc
2121,2019-09-09 20:40:24,27693.7518,btcusdt
2117,2019-09-09 20:40:25,1335.7108,omgusdt
2102,2019-09-09 20:40:25,5342.1594,ethusdt
2125,2019-09-09 20:40:38,0.8971,mcoeth
2114,2019-09-09 20:40:43,9.7917,wtceth
2117,2019-09-09 20:40:43,6112.4956,ltcusdt
2114,2019-09-09 20:40:47,3650.6375,etcusdt
2112,2019-09-09 20:40:49,127.499,zrxusdt
2103,2019-09-09 20:40:50,496.207,ethusdt
2104,2019-09-09 20:40:51,27.5414,gntusdt
2118,2019-09-09 20:40:55,518.3261,omgusdt
2119,2019-09-09 20:40:56,2869.4376,ethbtc
2125,2019-09-09 20:40:59,6.0063,aeeth
2114,2019-09-09 20:41:04,1523.6013,ltcbtc
2122,2019-09-09 20:41:08,7256.5225,btcusdt
2126,2019-09-09 20:41:14,1.0259,mcoeth
2118,2019-09-09 20:41:17,6583.6854,ltcusdt
2105,2019-09-09 20:41:18,19.2174,gntusdt
2113,2019-09-09 20:41:21,150.0544,zrxusdt
2115,2019-09-09 20:41:22,19.118,wtceth
2119,2019-09-09 20:41:24,694.7247,omgusdt
2126,2019-09-09 20:41:28,3.8381,aeeth
2115,2019-09-09 20:41:30,1092.2131,etcusdt
2123,2019-09-09 20:41:34,20061.8315,btcusdt
2104,2019-09-09 20:41:34,9496.3288,ethusdt
2115,2019-09-09 20:41:39,1884.8448,ltcbtc
2120,2019-09-09 20:41:40,10785.2126,ethbtc
2127,2019-09-09 20:41:41,0.3528,mcoeth
2119,2019-09-09 20:41:43,1469.7798,ltcusdt
2114,2019-09-09 20:41:49,139.0918,zrxusdt
2120,2019-09-09 20:41:51,1581.3893,omgusdt
2106,2019-09-09 20:42:00,1.5816,gntusdt
2105,2019-09-09 20:42:03,13376.0725,ethusdt
2116,2019-09-09 20:42:04,552.7485,ltcbtc
2116,2019-09-09 20:42:04,34.0613,wtceth
2127,2019-09-09 20:42:09,12.5457,aeeth
2120,2019-09-09 20:42:10,1066.8213,ltcusdt
2128,2019-09-09 20:42:10,0.2057,mcoeth
2124,2019-09-09 20:42:13,40650.5278,btcusdt
2116,2019-09-09 20:42:13,2252.3026,etcusdt
2115,2019-09-09 20:42:18,171.7202,zrxusdt
2121,2019-09-09 20:42:22,18729.8428,ethbtc
2107,2019-09-09 20:42:29,6.031,gntusdt
2121,2019-09-09 20:42:29,741.6058,omgusdt
2129,2019-09-09 20:42:36,0.0462,mcoeth
2121,2019-09-09 20:42:38,6767.4034,ltcusdt
2106,2019-09-09 20:42:42,5645.1745,ethusdt
2117,2019-09-09 20:42:45,675.9411,ltcbtc
2116,2019-09-09 20:42:45,152.8437,zrxusdt
2117,2019-09-09 20:42:47,64.9603,wtceth
2117,2019-09-09 20:42:50,3622.591,etcusdt
2122,2019-09-09 20:42:50,18588.7455,ethbtc
2128,2019-09-09 20:42:51,1.4262,aeeth
2125,2019-09-09 20:42:52,69191.8603,btcusdt
2122,2019-09-09 20:42:59,2299.8766,omgusdt
2108,2019-09-09 20:43:01,13.5411,gntusdt
2130,2019-09-09 20:43:11,0.3938,mcoeth
2123,2019-09-09 20:43:22,5085.9346,ethbtc
2122,2019-09-09 20:43:22,2176.924,ltcusdt
2118,2019-09-09 20:43:22,2373.3867,ltcbtc
2118,2019-09-09 20:43:24,1736.6705,etcusdt
2107,2019-09-09 20:43:25,9546.5771,ethusdt
2126,2019-09-09 20:43:25,9899.8915,btcusdt
2118,2019-09-09 20:43:26,74.1028,wtceth
2117,2019-09-09 20:43:30,126.475,zrxusdt
2129,2019-09-09 20:43:30,4.7533,aeeth
2123,2019-09-09 20:43:33,1778.341,omgusdt
2109,2019-09-09 20:43:35,13.2286,gntusdt
2123,2019-09-09 20:43:48,270.7574,ltcusdt
2124,2019-09-09 20:43:49,9811.481,ethbtc
2131,2019-09-09 20:43:56,0.8678,mcoeth
2130,2019-09-09 20:43:58,11.7831,aeeth
2119,2019-09-09 20:43:58,11.3203,wtceth
2108,2019-09-09 20:44:00,16589.6273,ethusdt
2119,2019-09-09 20:44:02,5622.3057,ltcbtc
2110,2019-09-09 20:44:04,11.2816,gntusdt
2124,2019-09-09 20:44:05,701.335,omgusdt
2119,2019-09-09 20:44:05,1512.0182,etcusdt
2127,2019-09-09 20:44:08,6666.8795,btcusdt
2118,2019-09-09 20:44:13,143.7325,zrxusdt
2131,2019-09-09 20:44:24,11.949,aeeth
2125,2019-09-09 20:44:24,14518.2262,ethbtc
2124,2019-09-09 20:44:30,3681.3101,ltcusdt
2120,2019-09-09 20:44:31,9.9817,wtceth
2120,2019-09-09 20:44:32,2504.8173,etcusdt
2132,2019-09-09 20:44:37,0.8517,mcoeth
2128,2019-09-09 20:44:38,30885.9201,btcusdt
2125,2019-09-09 20:44:38,2929.1017,omgusdt
2120,2019-09-09 20:44:39,4651.3557,ltcbtc
2111,2019-09-09 20:44:42,9.4891,gntusdt
2109,2019-09-09 20:44:44,14133.1071,ethusdt
2119,2019-09-09 20:44:50,100.6583,zrxusdt
2132,2019-09-09 20:44:50,12.7726,aeeth
2121,2019-09-09 20:44:56,5.71,wtceth
2126,2019-09-09 20:45:00,1825.687,ethbtc
2126,2019-09-09 20:45:07,3262.8242,omgusdt
2133,2019-09-09 20:45:09,0.6999,mcoeth
2121,2019-09-09 20:45:09,3961.0964,etcusdt
2110,2019-09-09 20:45:10,6044.7004,ethusdt
2125,2019-09-09 20:45:11,2013.8537,ltcusdt
2121,2019-09-09 20:45:16,3755.3968,ltcbtc
2112,2019-09-09 20:45:18,5.0442,gntusdt
2133,2019-09-09 20:45:19,4.6051,aeeth
2129,2019-09-09 20:45:21,72336.8007,btcusdt
2120,2019-09-09 20:45:24,157.2297,zrxusdt
2122,2019-09-09 20:45:25,61.7841,wtceth
2111,2019-09-09 20:45:35,9853.8606,ethusdt
2127,2019-09-09 20:45:40,10753.5304,ethbtc
2122,2019-09-09 20:45:40,4424.5056,etcusdt
2134,2019-09-09 20:45:43,0.5259,mcoeth
2113,2019-09-09 20:45:46,24.7404,gntusdt
2127,2019-09-09 20:45:47,2035.5779,omgusdt
2130,2019-09-09 20:45:47,19631.8333,btcusdt
2121,2019-09-09 20:45:51,55.9096,zrxusdt
2126,2019-09-09 20:45:52,4608.9769,ltcusdt
2134,2019-09-09 20:45:58,7.2762,aeeth
2122,2019-09-09 20:45:58,783.4055,ltcbtc
2123,2019-09-09 20:46:06,71.7107,wtceth
2123,2019-09-09 20:46:06,2907.7032,etcusdt
2112,2019-09-09 20:46:07,8213.7963,ethusdt
2128,2019-09-09 20:46:14,6994.0132,ethbtc
2135,2019-09-09 20:46:18,0.8788,mcoeth
2131,2019-09-09 20:46:21,40080.2667,btcusdt
2122,2019-09-09 20:46:23,93.2098,zrxusdt
2128,2019-09-09 20:46:26,3409.1514,omgusdt
2135,2019-09-09 20:46:26,5.1898,aeeth
2127,2019-09-09 20:46:27,5208.0469,ltcusdt
2123,2019-09-09 20:46:28,3368.5897,ltcbtc
2114,2019-09-09 20:46:31,25.7526,gntusdt
2113,2019-09-09 20:46:32,985.1529,ethusdt
2124,2019-09-09 20:46:36,2963.9962,etcusdt
2124,2019-09-09 20:46:49,50.4352,wtceth
2129,2019-09-09 20:46:51,19471.3315,ethbtc
2123,2019-09-09 20:46:53,110.7937,zrxusdt
2136,2019-09-09 20:46:59,0.9835,mcoeth
2124,2019-09-09 20:47:01,3150.7993,ltcbtc
2136,2019-09-09 20:47:03,1.7905,aeeth
2132,2019-09-09 20:47:03,74704.3046,btcusdt
2129,2019-09-09 20:47:05,886.4711,omgusdt
2128,2019-09-09 20:47:05,6767.244,ltcusdt
2125,2019-09-09 20:47:11,3773.6932,etcusdt
2114,2019-09-09 20:47:13,3447.8507,ethusdt
2115,2019-09-09 20:47:15,7.7198,gntusdt
2125,2019-09-09 20:47:27,56.0673,wtceth
2137,2019-09-09 20:47:29,1.0205,mcoeth
2130,2019-09-09 20:47:33,3294.0833,omgusdt
2130,2019-09-09 20:47:33,19471.1276,ethbtc
2125,2019-09-09 20:47:36,5143.2276,ltcbtc
2124,2019-09-09 20:47:37,36.5076,zrxusdt
2129,2019-09-09 20:47:40,7646.8183,ltcusdt
2133,2019-09-09 20:47:44,6312.4016,btcusdt
2137,2019-09-09 20:47:48,3.3605,aeeth
2115,2019-09-09 20:47:50,7740.0713,ethusdt
2116,2019-09-09 20:47:53,34.7759,gntusdt
2126,2019-09-09 20:47:54,63.7966,wtceth
2126,2019-09-09 20:47:56,498.9752,etcusdt
2131,2019-09-09 20:47:59,17501.4923,ethbtc
2126,2019-09-09 20:48:03,2156.6703,ltcbtc
2131,2019-09-09 20:48:04,2730.2027,omgusdt
2125,2019-09-09 20:48:08,82.4729,zrxusdt
2138,2019-09-09 20:48:12,1.4265,mcoeth
2130,2019-09-09 20:48:21,4629.4893,ltcusdt
2116,2019-09-09 20:48:21,4824.8464,ethusdt
2134,2019-09-09 20:48:25,20443.6525,btcusdt
2117,2019-09-09 20:48:27,16.0484,gntusdt
2127,2019-09-09 20:48:30,5193.5727,ltcbtc
2138,2019-09-09 20:48:32,10.3872,aeeth
2127,2019-09-09 20:48:32,5.0112,wtceth
2127,2019-09-09 20:48:32,4457.9178,etcusdt
2139,2019-09-09 20:48:40,0.7496,mcoeth
2132,2019-09-09 20:48:42,1362.2032,omgusdt
2132,2019-09-09 20:48:44,7991.9577,ethbtc
2126,2019-09-09 20:48:51,82.6448,zrxusdt
2131,2019-09-09 20:48:56,6196.8765,ltcusdt
2135,2019-09-09 20:48:57,23246.4511,btcusdt
2139,2019-09-09 20:48:59,12.0297,aeeth
2128,2019-09-09 20:49:00,12.986,wtceth
2128,2019-09-09 20:49:00,3193.0605,ltcbtc
2118,2019-09-09 20:49:03,11.6682,gntusdt
2117,2019-09-09 20:49:04,13901.21,ethusdt
2133,2019-09-09 20:49:08,2643.8504,omgusdt
2128,2019-09-09 20:49:12,823.2845,etcusdt
2140,2019-09-09 20:49:18,0.2639,mcoeth
2127,2019-09-09 20:49:22,45.0858,zrxusdt
2140,2019-09-09 20:49:26,9.0658,aeeth
2133,2019-09-09 20:49:27,2012.352,ethbtc
2132,2019-09-09 20:49:31,961.9206,ltcusdt
2136,2019-09-09 20:49:31,60182.4032,btcusdt
2129,2019-09-09 20:49:33,2841.3155,ltcbtc
2134,2019-09-09 20:49:37,1910.0657,omgusdt
2119,2019-09-09 20:49:40,11.097,gntusdt
2129,2019-09-09 20:49:42,73.1404,wtceth
2118,2019-09-09 20:49:44,8868.9371,ethusdt
2129,2019-09-09 20:49:46,986.4109,etcusdt
2128,2019-09-09 20:49:57,75.0637,zrxusdt
2134,2019-09-09 20:49:58,19234.9493,ethbtc
2141,2019-09-09 20:49:59,8.6286,aeeth
2141,2019-09-09 20:50:01,1.0907,mcoeth
2120,2019-09-09 20:50:11,19.6634,gntusdt
2130,2019-09-09 20:50:11,26.7614,wtceth
2133,2019-09-09 20:50:13,6345.3615,ltcusdt
2137,2019-09-09 20:50:14,10640.4263,btcusdt
2130,2019-09-09 20:50:18,2814.3156,ltcbtc
2119,2019-09-09 20:50:18,13441.7718,ethusdt
2130,2019-09-09 20:50:21,4375.1855,etcusdt
2135,2019-09-09 20:50:22,329.4715,omgusdt
2135,2019-09-09 20:50:33,12969.9784,ethbtc
2129,2019-09-09 20:50:35,115.857,zrxusdt
2142,2019-09-09 20:50:43,0.5591,mcoeth
2142,2019-09-09 20:50:44,5.3901,aeeth
2134,2019-09-09 20:50:45,854.3821,ltcusdt
2121,2019-09-09 20:50:48,22.0613,gntusdt
2131,2019-09-09 20:50:50,14.2417,wtceth
2131,2019-09-09 20:50:52,4348.2854,ltcbtc
2138,2019-09-09 20:50:53,68057.4004,btcusdt
2131,2019-09-09 20:50:57,3382.3454,etcusdt
2136,2019-09-09 20:51:00,3489.0744,omgusdt
2120,2019-09-09 20:51:02,9037.2931,ethusdt
2130,2019-09-09 20:51:05,137.9767,zrxusdt
2136,2019-09-09 20:51:14,1197.7482,ethbtc
2139,2019-09-09 20:51:19,61913.1431,btcusdt
2122,2019-09-09 20:51:19,17.055,gntusdt
2135,2019-09-09 20:51:20,1948.2057,ltcusdt
2143,2019-09-09 20:51:21,0.593,mcoeth
2143,2019-09-09 20:51:24,3.447,aeeth
2132,2019-09-09 20:51:28,785.3774,etcusdt
2132,2019-09-09 20:51:33,5.2427,wtceth
2132,2019-09-09 20:51:35,1540.5245,ltcbtc
2121,2019-09-09 20:51:37,7994.6222,ethusdt
2131,2019-09-09 20:51:44,168.4536,zrxusdt
2137,2019-09-09 20:51:44,2501.3401,omgusdt
2144,2019-09-09 20:51:57,0.2487,mcoeth
2123,2019-09-09 20:51:58,1.6896,gntusdt
2137,2019-09-09 20:51:59,9750.031,ethbtc
2140,2019-09-09 20:51:59,2706.2509,btcusdt
2144,2019-09-09 20:52:01,1.1897,aeeth
2136,2019-09-09 20:52:03,329.4704,ltcusdt
2133,2019-09-09 20:52:07,4504.6048,etcusdt
2133,2019-09-09 20:52:12,1204.171,ltcbtc
2133,2019-09-09 20:52:15,31.2624,wtceth
2122,2019-09-09 20:52:22,7554.2106,ethusdt
2132,2019-09-09 20:52:24,114.0884,zrxusdt
2138,2019-09-09 20:52:27,3879.8352,omgusdt
2124,2019-09-09 20:52:34,23.8351,gntusdt
2138,2019-09-09 20:52:36,11240.9416,ethbtc
2134,2019-09-09 20:52:40,295.4102,ltcbtc
2145,2019-09-09 20:52:42,1.2048,mcoeth
2141,2019-09-09 20:52:43,43135.5861,btcusdt
2145,2019-09-09 20:52:43,6.8714,aeeth
2137,2019-09-09 20:52:45,4938.6677,ltcusdt
2134,2019-09-09 20:52:48,711.1842,etcusdt
2123,2019-09-09 20:52:49,1392.7941,ethusdt
2134,2019-09-09 20:52:54,10.5169,wtceth
2133,2019-09-09 20:53:03,30.3991,zrxusdt
2139,2019-09-09 20:53:05,2590.2315,omgusdt
2146,2019-09-09 20:53:07,0.4731,mcoeth
2135,2019-09-09 20:53:09,2984.6586,ltcbtc
2146,2019-09-09 20:53:13,13.7258,aeeth
2124,2019-09-09 20:53:14,443.0343,ethusdt
2139,2019-09-09 20:53:14,16348.0899,ethbtc
2125,2019-09-09 20:53:14,24.6794,gntusdt
2138,2019-09-09 20:53:21,1553.1994,ltcusdt
2142,2019-09-09 20:53:23,7738.0851,btcusdt
2135,2019-09-09 20:53:28,35.863,wtceth
2134,2019-09-09 20:53:28,119.2809,zrxusdt
2140,2019-09-09 20:53:31,2107.0512,omgusdt
2135,2019-09-09 20:53:32,2139.2335,etcusdt
2147,2019-09-09 20:53:40,5.8348,aeeth
2125,2019-09-09 20:53:41,7132.4607,ethusdt
2147,2019-09-09 20:53:42,0.2847,mcoeth
2139,2019-09-09 20:53:47,6585.9793,ltcusdt
2140,2019-09-09 20:53:49,13470.0696,ethbtc
2136,2019-09-09 20:53:49,5669.535,ltcbtc
2126,2019-09-09 20:53:52,29.4882,gntusdt
2143,2019-09-09 20:53:53,30817.4184,btcusdt
2136,2019-09-09 20:54:01,20.7988,wtceth
2135,2019-09-09 20:54:10,26.0688,zrxusdt
2136,2019-09-09 20:54:10,116.5741,etcusdt
2141,2019-09-09 20:54:10,1232.0418,omgusdt
2148,2019-09-09 20:54:14,0.3857,mcoeth
2148,2019-09-09 20:54:22,12.555,aeeth
2140,2019-09-09 20:54:23,7280.5866,ltcusdt
2141,2019-09-09 20:54:23,956.3798,ethbtc
2127,2019-09-09 20:54:24,28.6182,gntusdt
2144,2019-09-09 20:54:25,55866.8234,btcusdt
2126,2019-09-09 20:54:26,9113.4711,ethusdt
2137,2019-09-09 20:54:29,5368.8161,ltcbtc
2137,2019-09-09 20:54:33,17.1839,wtceth
2142,2019-09-09 20:54:41,1133.1683,omgusdt
2137,2019-09-09 20:54:45,4040.2067,etcusdt
2142,2019-09-09 20:54:53,4338.5406,ethbtc
2136,2019-09-09 20:54:54,63.4031,zrxusdt
2145,2019-09-09 20:54:55,22651.5832,btcusdt
2149,2019-09-09 20:54:56,0.8014,mcoeth
2128,2019-09-09 20:55:06,22.0806,gntusdt
2138,2019-09-09 20:55:06,63.95,wtceth
2149,2019-09-09 20:55:06,4.1958,aeeth
2127,2019-09-09 20:55:07,13946.1885,ethusdt
2141,2019-09-09 20:55:08,1446.9779,ltcusdt
2138,2019-09-09 20:55:10,984.0005,etcusdt
2138,2019-09-09 20:55:14,5808.2394,ltcbtc
2146,2019-09-09 20:55:20,52778.5619,btcusdt
2143,2019-09-09 20:55:26,300.1663,omgusdt
2143,2019-09-09 20:55:28,16343.62,ethbtc
2129,2019-09-09 20:55:31,19.0457,gntusdt
2150,2019-09-09 20:55:32,0.4881,mcoeth
2137,2019-09-09 20:55:32,10.9152,zrxusdt
2150,2019-09-09 20:55:33,8.3127,aeeth
2139,2019-09-09 20:55:35,2.5305,wtceth
2139,2019-09-09 20:55:38,972.996,etcusdt
2142,2019-09-09 20:55:38,1750.6709,ltcusdt
2139,2019-09-09 20:55:43,2758.8465,ltcbtc
2128,2019-09-09 20:55:45,16312.7018,ethusdt
2147,2019-09-09 20:55:50,33668.6656,btcusdt
2144,2019-09-09 20:55:53,2408.6409,omgusdt
2130,2019-09-09 20:56:03,6.315,gntusdt
2138,2019-09-09 20:56:03,153.6057,zrxusdt
2140,2019-09-09 20:56:04,2080.8944,etcusdt
2144,2019-09-09 20:56:06,61.3667,ethbtc
2140,2019-09-09 20:56:11,997.5063,ltcbtc
2151,2019-09-09 20:56:13,0.8946,mcoeth
2143,2019-09-09 20:56:14,745.2956,ltcusdt
2140,2019-09-09 20:56:15,26.4798,wtceth
2151,2019-09-09 20:56:16,11.2335,aeeth
2145,2019-09-09 20:56:20,3398.2365,omgusdt
2129,2019-09-09 20:56:27,9842.7523,ethusdt
2148,2019-09-09 20:56:29,2120.8452,btcusdt
2141,2019-09-09 20:56:37,1372.6481,etcusdt
2139,2019-09-09 20:56:39,118.6287,zrxusdt
2141,2019-09-09 20:56:39,781.2631,ltcbtc
2145,2019-09-09 20:56:40,2091.0898,ethbtc
2131,2019-09-09 20:56:47,21.7283,gntusdt
2152,2019-09-09 20:56:48,0.7614,mcoeth
2144,2019-09-09 20:56:54,5215.7022,ltcusdt
2141,2019-09-09 20:56:55,23.3372,wtceth
2146,2019-09-09 20:56:56,88.0061,omgusdt
2152,2019-09-09 20:56:57,3.2297,aeeth
2130,2019-09-09 20:57:00,6920.1596,ethusdt
2142,2019-09-09 20:57:06,767.051,ltcbtc
2146,2019-09-09 20:57:09,1578.2576,ethbtc
2142,2019-09-09 20:57:10,3592.3572,etcusdt
2149,2019-09-09 20:57:14,31409.7631,btcusdt
2132,2019-09-09 20:57:18,26.5379,gntusdt
2153,2019-09-09 20:57:21,0.5185,mcoeth
2140,2019-09-09 20:57:22,164.846,zrxusdt
2145,2019-09-09 20:57:26,7396.7624,ltcusdt
2147,2019-09-09 20:57:34,15479.1882,ethbtc
2131,2019-09-09 20:57:34,11315.5983,ethusdt
2147,2019-09-09 20:57:35,1691.5205,omgusdt
2142,2019-09-09 20:57:36,22.3428,wtceth
2153,2019-09-09 20:57:38,9.6866,aeeth
2143,2019-09-09 20:57:39,5362.1989,ltcbtc
2143,2019-09-09 20:57:44,3257.4613,etcusdt
2150,2019-09-09 20:57:51,9798.6921,btcusdt
2133,2019-09-09 20:57:54,3.9934,gntusdt
2132,2019-09-09 20:58:00,8923.4796,ethusdt
2148,2019-09-09 20:58:03,1780.3622,omgusdt
2144,2019-09-09 20:58:04,3283.763,ltcbtc
2154,2019-09-09 20:58:04,0.371,mcoeth
2154,2019-09-09 20:58:06,12.415,aeeth
2141,2019-09-09 20:58:06,106.989,zrxusdt
2146,2019-09-09 20:58:08,6469.9388,ltcusdt
2144,2019-09-09 20:58:12,2993.288,etcusdt
2143,2019-09-09 20:58:12,46.8232,wtceth
2151,2019-09-09 20:58:16,23083.0516,btcusdt
2148,2019-09-09 20:58:17,19247.9889,ethbtc
2134,2019-09-09 20:58:20,11.3395,gntusdt
2149,2019-09-09 20:58:29,227.2354,omgusdt
2155,2019-09-09 20:58:31,0.4253,mcoeth
2155,2019-09-09 20:58:36,10.3127,aeeth
2145,2019-09-09 20:58:42,5876.6068,ltcbtc
2133,2019-09-09 20:58:43,16779.512,ethusdt
2142,2019-09-09 20:58:43,77.417,zrxusdt
2149,2019-09-09 20:58:43,11553.5964,ethbtc
2147,2019-09-09 20:58:50,300.3715,ltcusdt
2144,2019-09-09 20:58:52,59.211,wtceth
2145,2019-09-09 20:58:55,3414.3257,etcusdt
2135,2019-09-09 20:58:59,6.2314,gntusdt
2150,2019-09-09 20:59:01,1167.274,omgusdt
2152,2019-09-09 20:59:01,13182.8224,btcusdt
2134,2019-09-09 20:59:08,2631.5078,ethusdt
2146,2019-09-09 20:59:12,2515.8055,ltcbtc
2156,2019-09-09 20:59:13,1.3341,mcoeth
2143,2019-09-09 20:59:16,39.1881,zrxusdt
2156,2019-09-09 20:59:17,12.2159,aeeth
2148,2019-09-09 20:59:18,5840.9473,ltcusdt
2145,2019-09-09 20:59:25,64.9373,wtceth
2150,2019-09-09 20:59:26,18529.4531,ethbtc
2151,2019-09-09 20:59:33,1142.3168,omgusdt
2153,2019-09-09 20:59:33,50158.3251,btcusdt
2146,2019-09-09 20:59:36,2534.9931,etcusdt
2136,2019-09-09 20:59:42,21.7206,gntusdt
2147,2019-09-09 20:59:46,5804.73,ltcbtc
2144,2019-09-09 20:59:47,166.6845,zrxusdt
2135,2019-09-09 20:59:51,12015.5324,ethusdt
2157,2019-09-09 20:59:51,2.3157,aeeth
2149,2019-09-09 20:59:58,3029.5047,ltcusdt
2157,2019-09-09 20:59:58,0.8427,mcoeth
2154,2019-09-09 20:59:59,54352.3555,btcusdt
2146,2019-09-09 21:00:00,75.4978,wtceth
2151,2019-09-09 21:00:25,13220.4985,ethbtc
2152,2019-09-09 21:00:28,4224.0567,omgusdt
2148,2019-09-09 21:00:32,5895.0471,ltcbtc
2147,2019-09-09 21:00:34,2885.124,etcusdt
2136,2019-09-09 21:00:35,14039.623,ethusdt
2145,2019-09-09 21:00:35,21.7522,zrxusdt
2158,2019-09-09 21:00:37,0.6901,mcoeth
2150,2019-09-09 21:00:39,5803.0659,ltcusdt
2147,2019-09-09 21:00:41,38.3085,wtceth
2137,2019-09-09 21:00:41,1.5315,gntusdt
2155,2019-09-09 21:00:42,10812.0325,btcusdt
2158,2019-09-09 21:00:45,9.5479,aeeth
2152,2019-09-09 21:00:52,11583.8051,ethbtc
2153,2019-09-09 21:01:00,3970.6721,omgusdt
2151,2019-09-09 21:01:05,1966.5242,ltcusdt
2159,2019-09-09 21:01:06,0.7408,mcoeth
2137,2019-09-09 21:01:08,11607.6221,ethusdt
2146,2019-09-09 21:01:09,159.0704,zrxusdt
2149,2019-09-09 21:01:09,4241.3642,ltcbtc
2148,2019-09-09 21:01:11,2064.3437,etcusdt
2159,2019-09-09 21:01:14,9.7976,aeeth
2153,2019-09-09 21:01:18,13809.8304,ethbtc
2148,2019-09-09 21:01:19,54.2765,wtceth
2138,2019-09-09 21:01:23,19.288,gntusdt
2156,2019-09-09 21:01:25,41991.7547,btcusdt
2154,2019-09-09 21:01:37,1976.1873,omgusdt
2152,2019-09-09 21:01:39,1438.7267,ltcusdt
2160,2019-09-09 21:01:47,0.8724,mcoeth
2150,2019-09-09 21:01:47,5214.8849,ltcbtc
2149,2019-09-09 21:01:49,3101.5669,etcusdt
2154,2019-09-09 21:01:51,14091.1592,ethbtc
2138,2019-09-09 21:01:52,9845.1253,ethusdt
2147,2019-09-09 21:01:52,179.1142,zrxusdt
2160,2019-09-09 21:01:57,8.8967,aeeth
2157,2019-09-09 21:02:02,67000.0141,btcusdt
2149,2019-09-09 21:02:02,35.8944,wtceth
2153,2019-09-09 21:02:05,792.9166,ltcusdt
2139,2019-09-09 21:02:07,3.2829,gntusdt
2155,2019-09-09 21:02:08,4523.7609,omgusdt
2150,2019-09-09 21:02:16,2650.5687,etcusdt
2155,2019-09-09 21:02:20,13348.8424,ethbtc
2161,2019-09-09 21:02:24,5.8345,aeeth
2161,2019-09-09 21:02:30,0.1377,mcoeth
2151,2019-09-09 21:02:30,4484.2501,ltcbtc
2148,2019-09-09 21:02:30,37.2907,zrxusdt
2139,2019-09-09 21:02:31,2879.5653,ethusdt
2158,2019-09-09 21:02:34,63873.4191,btcusdt
2156,2019-09-09 21:02:36,1010.6803,omgusdt
2150,2019-09-09 21:02:39,52.7977,wtceth
2154,2019-09-09 21:02:47,2865.9001,ltcusdt
2140,2019-09-09 21:02:52,4.7902,gntusdt
2156,2019-09-09 21:02:52,4584.6538,ethbtc
2151,2019-09-09 21:02:52,1048.9457,etcusdt
2152,2019-09-09 21:02:55,5200.6694,ltcbtc
2162,2019-09-09 21:02:57,0.0975,mcoeth
2159,2019-09-09 21:03:06,49182.1867,btcusdt
2162,2019-09-09 21:03:06,14.2435,aeeth
2157,2019-09-09 21:03:12,2036.7938,omgusdt
2149,2019-09-09 21:03:13,85.8119,zrxusdt
2140,2019-09-09 21:03:15,11040.0713,ethusdt
2155,2019-09-09 21:03:15,3300.5545,ltcusdt
2151,2019-09-09 21:03:18,52.3811,wtceth
2157,2019-09-09 21:03:19,14830.735,ethbtc
2153,2019-09-09 21:03:22,6858.367,ltcbtc
2152,2019-09-09 21:03:28,64.9101,etcusdt
2141,2019-09-09 21:03:33,4.627,gntusdt
2163,2019-09-09 21:03:36,0.3581,mcoeth
2163,2019-09-09 21:03:38,5.2225,aeeth
2150,2019-09-09 21:03:40,32.1334,zrxusdt
2160,2019-09-09 21:03:42,46136.197,btcusdt
2158,2019-09-09 21:03:51,692.0894,ethbtc
2153,2019-09-09 21:03:56,315.3631,etcusdt
2158,2019-09-09 21:03:56,1573.0633,omgusdt
2156,2019-09-09 21:03:58,2266.0835,ltcusdt
2141,2019-09-09 21:03:59,14792.3513,ethusdt
2154,2019-09-09 21:03:59,6214.9956,ltcbtc
2152,2019-09-09 21:04:00,32.3227,wtceth
2164,2019-09-09 21:04:07,11.1298,aeeth
2142,2019-09-09 21:04:09,1.52,gntusdt
2151,2019-09-09 21:04:12,179.7865,zrxusdt
2164,2019-09-09 21:04:15,0.1029,mcoeth
2161,2019-09-09 21:04:17,13570.8871,btcusdt
2154,2019-09-09 21:04:22,1058.5198,etcusdt
2159,2019-09-09 21:04:24,182.8701,omgusdt
2153,2019-09-09 21:04:29,30.6201,wtceth
2142,2019-09-09 21:04:30,13874.8871,ethusdt
2159,2019-09-09 21:04:31,14976.7528,ethbtc
2157,2019-09-09 21:04:35,7331.3504,ltcusdt
2155,2019-09-09 21:04:37,2248.8975,ltcbtc
2165,2019-09-09 21:04:41,5.7241,aeeth
2143,2019-09-09 21:04:42,1.8127,gntusdt
2152,2019-09-09 21:04:42,108.8967,zrxusdt
2165,2019-09-09 21:04:44,0.6774,mcoeth
2162,2019-09-09 21:04:48,21974.0427,btcusdt
2160,2019-09-09 21:05:02,4684.7188,omgusdt
2155,2019-09-09 21:05:02,1385.0563,etcusdt
2158,2019-09-09 21:05:02,6045.0537,ltcusdt
2143,2019-09-09 21:05:04,229.7915,ethusdt
2166,2019-09-09 21:05:09,0.0984,mcoeth
2154,2019-09-09 21:05:13,67.1168,wtceth
2160,2019-09-09 21:05:15,13776.893,ethbtc
2166,2019-09-09 21:05:15,8.3692,aeeth
2153,2019-09-09 21:05:21,56.9879,zrxusdt
2156,2019-09-09 21:05:22,4226.6223,ltcbtc
2144,2019-09-09 21:05:23,5.865,gntusdt
2159,2019-09-09 21:05:30,3831.6888,ltcusdt
2161,2019-09-09 21:05:31,2309.1273,omgusdt
2156,2019-09-09 21:05:32,2839.8561,etcusdt
2163,2019-09-09 21:05:33,53324.252,btcusdt
2167,2019-09-09 21:05:42,0.8226,mcoeth
2167,2019-09-09 21:05:43,18.2025,aeeth
2161,2019-09-09 21:05:44,13415.9034,ethbtc
2144,2019-09-09 21:05:49,15303.8737,ethusdt
2157,2019-09-09 21:05:52,1096.8116,ltcbtc
2155,2019-09-09 21:05:55,11.33,wtceth
2157,2019-09-09 21:05:57,2813.8016,etcusdt
2154,2019-09-09 21:06:00,50.7764,zrxusdt
2164,2019-09-09 21:06:07,19102.6689,btcusdt
2162,2019-09-09 21:06:07,410.0989,omgusdt
2145,2019-09-09 21:06:08,25.0967,gntusdt
2160,2019-09-09 21:06:09,4526.3913,ltcusdt
2145,2019-09-09 21:06:15,15075.5091,ethusdt
2168,2019-09-09 21:06:18,0.5782,mcoeth
2158,2019-09-09 21:06:20,6292.8114,ltcbtc
2168,2019-09-09 21:06:21,19.6452,aeeth
2158,2019-09-09 21:06:23,2988.1984,etcusdt
2162,2019-09-09 21:06:27,13002.7176,ethbtc
2156,2019-09-09 21:06:29,58.2612,wtceth
2155,2019-09-09 21:06:30,84.5575,zrxusdt
2165,2019-09-09 21:06:35,4023.5831,btcusdt
2146,2019-09-09 21:06:41,20.9095,gntusdt
2159,2019-09-09 21:06:45,6433.6586,ltcbtc
2169,2019-09-09 21:06:47,0.2712,mcoeth
2163,2019-09-09 21:06:49,389.2986,omgusdt
2169,2019-09-09 21:06:52,2.209,aeeth
2161,2019-09-09 21:06:52,1603.6463,ltcusdt
2146,2019-09-09 21:06:53,7744.5179,ethusdt
2156,2019-09-09 21:06:55,53.5164,zrxusdt
2163,2019-09-09 21:06:58,6640.1049,ethbtc
2157,2019-09-09 21:06:59,8.2988,wtceth
2159,2019-09-09 21:07:06,1566.4558,etcusdt
2166,2019-09-09 21:07:06,34941.0935,btcusdt
2147,2019-09-09 21:07:10,9.5572,gntusdt
2160,2019-09-09 21:07:12,9.406,ltcbtc
2164,2019-09-09 21:07:16,1233.853,omgusdt
2157,2019-09-09 21:07:22,59.7396,zrxusdt
2147,2019-09-09 21:07:27,5757.2238,ethusdt
2164,2019-09-09 21:07:27,14342.3185,ethbtc
2162,2019-09-09 21:07:30,4939.8733,ltcusdt
2158,2019-09-09 21:07:31,33.8214,wtceth
2170,2019-09-09 21:07:32,0.3097,mcoeth
2160,2019-09-09 21:07:34,2721.7686,etcusdt
2170,2019-09-09 21:07:37,16.877,aeeth
2148,2019-09-09 21:07:42,6.12,gntusdt
2167,2019-09-09 21:07:44,44242.3015,btcusdt
2161,2019-09-09 21:07:48,2381.9002,ltcbtc
2148,2019-09-09 21:07:53,15241.8344,ethusdt
2165,2019-09-09 21:07:54,2746.0118,omgusdt
2158,2019-09-09 21:07:55,50.4234,zrxusdt
2163,2019-09-09 21:07:57,3577.9336,ltcusdt
2171,2019-09-09 21:08:04,0.801,mcoeth
2165,2019-09-09 21:08:05,13788.1779,ethbtc
2159,2019-09-09 21:08:09,55.0801,wtceth
2171,2019-09-09 21:08:11,10.6348,aeeth
2161,2019-09-09 21:08:19,722.4949,etcusdt
2159,2019-09-09 21:08:22,136.1702,zrxusdt
2166,2019-09-09 21:08:23,4783.7617,omgusdt
2162,2019-09-09 21:08:24,6524.0948,ltcbtc
2149,2019-09-09 21:08:24,20.5244,gntusdt
2168,2019-09-09 21:08:25,44838.0284,btcusdt
2149,2019-09-09 21:08:26,11276.4242,ethusdt
2166,2019-09-09 21:08:32,9673.9424,ethbtc
2164,2019-09-09 21:08:32,4209.3879,ltcusdt
2160,2019-09-09 21:08:45,52.1985,wtceth
2172,2019-09-09 21:08:47,0.047,mcoeth
2169,2019-09-09 21:08:50,55455.2977,btcusdt
2172,2019-09-09 21:08:55,15.6324,aeeth
2150,2019-09-09 21:08:57,24.2811,gntusdt
2163,2019-09-09 21:08:58,2165.4571,ltcbtc
2167,2019-09-09 21:08:59,4412.918,omgusdt
2167,2019-09-09 21:09:01,2201.2681,ethbtc
2162,2019-09-09 21:09:02,2905.7418,etcusdt
2150,2019-09-09 21:09:02,448.1746,ethusdt
2165,2019-09-09 21:09:02,702.0113,ltcusdt
2160,2019-09-09 21:09:06,58.7553,zrxusdt
2173,2019-09-09 21:09:12,0.2417,mcoeth
2173,2019-09-09 21:09:27,19.1784,aeeth
2166,2019-09-09 21:09:29,5772.3083,ltcusdt
2161,2019-09-09 21:09:30,44.1903,wtceth
2168,2019-09-09 21:09:31,4392.1736,omgusdt
2170,2019-09-09 21:09:33,12107.774,btcusdt
2161,2019-09-09 21:09:34,178.7741,zrxusdt
2163,2019-09-09 21:09:34,3452.7275,etcusdt
2151,2019-09-09 21:09:36,22.2382,gntusdt
2174,2019-09-09 21:09:37,0.6591,mcoeth
2151,2019-09-09 21:09:42,15211.7635,ethusdt
2164,2019-09-09 21:09:43,3464.4923,ltcbtc
2168,2019-09-09 21:09:46,14968.7581,ethbtc
2162,2019-09-09 21:09:59,20.9943,wtceth
2169,2019-09-09 21:10:01,305.7658,omgusdt
2171,2019-09-09 21:10:02,7364.7378,btcusdt
2174,2019-09-09 21:10:02,6.7734,aeeth
2152,2019-09-09 21:10:05,11.5699,gntusdt
2152,2019-09-09 21:10:07,2045.3979,ethusdt
2175,2019-09-09 21:10:07,0.2691,mcoeth
2167,2019-09-09 21:10:07,3422.2757,ltcusdt
2162,2019-09-09 21:10:08,46.7687,zrxusdt
2164,2019-09-09 21:10:11,3666.9346,etcusdt
2169,2019-09-09 21:10:18,10660.7704,ethbtc
2165,2019-09-09 21:10:21,2177.2829,ltcbtc
2153,2019-09-09 21:10:32,21.5663,gntusdt
2170,2019-09-09 21:10:34,3801.0829,omgusdt
2172,2019-09-09 21:10:35,11078.3294,btcusdt
2165,2019-09-09 21:10:36,2085.5459,etcusdt
2163,2019-09-09 21:10:39,45.9555,wtceth
2168,2019-09-09 21:10:41,3762.1092,ltcusdt
2175,2019-09-09 21:10:42,18.9558,aeeth
2163,2019-09-09 21:10:42,156.1276,zrxusdt
2153,2019-09-09 21:10:44,14500.8506,ethusdt
2170,2019-09-09 21:10:46,4677.4204,ethbtc
2176,2019-09-09 21:10:48,0.4916,mcoeth
2154,2019-09-09 21:10:57,12.9962,gntusdt
2166,2019-09-09 21:11:03,2603.1585,ltcbtc
2169,2019-09-09 21:11:07,5626.2582,ltcusdt
2164,2019-09-09 21:11:08,11.2979,wtceth
2164,2019-09-09 21:11:09,137.2783,zrxusdt
2154,2019-09-09 21:11:12,12939.1714,ethusdt
2166,2019-09-09 21:11:14,1160.9037,etcusdt
2171,2019-09-09 21:11:17,4087.5014,omgusdt
2176,2019-09-09 21:11:18,7.602,aeeth
2173,2019-09-09 21:11:19,58455.1419,btcusdt
2171,2019-09-09 21:11:19,5929.3029,ethbtc
2177,2019-09-09 21:11:20,0.6106,mcoeth
2155,2019-09-09 21:11:29,24.9255,gntusdt
2167,2019-09-09 21:11:30,6850.5136,ltcbtc
2170,2019-09-09 21:11:34,6847.2023,ltcusdt
2165,2019-09-09 21:11:42,159.0507,zrxusdt
2155,2019-09-09 21:11:44,11545.4526,ethusdt
2167,2019-09-09 21:11:44,326.2452,etcusdt
2165,2019-09-09 21:11:48,7.2322,wtceth
2172,2019-09-09 21:11:50,12703.6165,ethbtc
2174,2019-09-09 21:11:57,26677.6341,btcusdt
2168,2019-09-09 21:11:58,1203.5481,ltcbtc
2172,2019-09-09 21:11:59,1018.2239,omgusdt
2177,2019-09-09 21:12:00,10.7382,aeeth
2178,2019-09-09 21:12:02,0.6583,mcoeth
2156,2019-09-09 21:12:08,10.7857,gntusdt
2156,2019-09-09 21:12:09,8692.0652,ethusdt
2171,2019-09-09 21:12:13,3845.8176,ltcusdt
2168,2019-09-09 21:12:18,3740.5602,etcusdt
2173,2019-09-09 21:12:18,8205.5456,ethbtc
2166,2019-09-09 21:12:19,29.1834,wtceth
2175,2019-09-09 21:12:24,12178.6697,btcusdt
2166,2019-09-09 21:12:27,34.0869,zrxusdt
2173,2019-09-09 21:12:30,3779.588,omgusdt
2169,2019-09-09 21:12:34,1768.6063,ltcbtc
2179,2019-09-09 21:12:43,0.7514,mcoeth
2167,2019-09-09 21:12:44,52.3911,wtceth
2178,2019-09-09 21:12:44,16.1811,aeeth
2172,2019-09-09 21:12:47,3502.9819,ltcusdt
2157,2019-09-09 21:12:48,219.5449,ethusdt
2176,2019-09-09 21:12:50,65083.8863,btcusdt
2157,2019-09-09 21:12:52,7.3133,gntusdt
2167,2019-09-09 21:12:52,95.7618,zrxusdt
2169,2019-09-09 21:12:54,2896.0728,etcusdt
2174,2019-09-09 21:12:55,12012.1306,ethbtc
2180,2019-09-09 21:13:12,0.8156,mcoeth
2174,2019-09-09 21:13:14,3983.0084,omgusdt
2170,2019-09-09 21:13:16,2710.0621,ltcbtc
2168,2019-09-09 21:13:16,29.1773,wtceth
2158,2019-09-09 21:13:18,24.4964,gntusdt
2170,2019-09-09 21:13:22,3151.9096,etcusdt
2173,2019-09-09 21:13:22,7339.0978,ltcusdt
2175,2019-09-09 21:13:24,2292.9376,ethbtc
2168,2019-09-09 21:13:24,21.5606,zrxusdt
2179,2019-09-09 21:13:24,20.2518,aeeth
2158,2019-09-09 21:13:29,8276.7566,ethusdt
2177,2019-09-09 21:13:30,37833.2847,btcusdt
2175,2019-09-09 21:13:46,2435.131,omgusdt
2169,2019-09-09 21:13:47,40.4877,wtceth
2171,2019-09-09 21:13:48,5561.7256,ltcbtc
2169,2019-09-09 21:13:52,35.4292,zrxusdt
2159,2019-09-09 21:13:53,23.5549,gntusdt
2174,2019-09-09 21:13:53,3171.8456,ltcusdt
2181,2019-09-09 21:13:54,0.6229,mcoeth
2159,2019-09-09 21:13:55,12537.0228,ethusdt
2178,2019-09-09 21:13:56,45624.207,btcusdt
2171,2019-09-09 21:13:58,2889.2985,etcusdt
2180,2019-09-09 21:13:59,11.8372,aeeth
2176,2019-09-09 21:14:02,8349.5106,ethbtc
2175,2019-09-09 21:14:19,3452.23,ltcusdt
2176,2019-09-09 21:14:19,2221.9474,omgusdt
2172,2019-09-09 21:14:23,5728.8961,ltcbtc
2170,2019-09-09 21:14:23,101.5756,zrxusdt
2182,2019-09-09 21:14:23,0.1697,mcoeth
2170,2019-09-09 21:14:28,13.0174,wtceth
2177,2019-09-09 21:14:31,10226.3973,ethbtc
2160,2019-09-09 21:14:35,4.6778,gntusdt
2181,2019-09-09 21:14:38,8.1703,aeeth
2160,2019-09-09 21:14:39,3609.928,ethusdt
2179,2019-09-09 21:14:41,40235.6258,btcusdt
2172,2019-09-09 21:14:41,3522.8876,etcusdt
2176,2019-09-09 21:14:44,1708.7268,ltcusdt
2177,2019-09-09 21:14:52,1775.7844,omgusdt
2171,2019-09-09 21:14:57,60.0176,zrxusdt
2183,2019-09-09 21:14:57,0.8488,mcoeth
2173,2019-09-09 21:15:04,5016.3066,ltcbtc
2171,2019-09-09 21:15:07,15.3933,wtceth
2161,2019-09-09 21:15:08,8.8411,gntusdt
2178,2019-09-09 21:15:08,4028.5332,ethbtc
2180,2019-09-09 21:15:08,55586.1655,btcusdt
2161,2019-09-09 21:15:09,15224.5551,ethusdt
2173,2019-09-09 21:15:10,1517.4596,etcusdt
2177,2019-09-09 21:15:14,2161.6311,ltcusdt
2182,2019-09-09 21:15:22,18.7519,aeeth
2178,2019-09-09 21:15:27,2150.6062,omgusdt
2179,2019-09-09 21:15:33,10313.0015,ethbtc
2174,2019-09-09 21:15:35,425.1856,etcusdt
2172,2019-09-09 21:15:35,154.2056,zrxusdt
2174,2019-09-09 21:15:38,4270.2092,ltcbtc
2172,2019-09-09 21:15:40,21.5554,wtceth
2181,2019-09-09 21:15:41,36405.6156,btcusdt
2184,2019-09-09 21:15:41,0.398,mcoeth
2183,2019-09-09 21:15:47,6.1826,aeeth
2162,2019-09-09 21:15:49,24.2211,gntusdt
2162,2019-09-09 21:15:50,3219.6703,ethusdt
2178,2019-09-09 21:15:56,3635.6088,ltcusdt
2175,2019-09-09 21:16:01,1650.1899,etcusdt
2173,2019-09-09 21:16:05,97.2831,zrxusdt
2175,2019-09-09 21:16:09,810.8442,ltcbtc
2179,2019-09-09 21:16:10,3682.3192,omgusdt
2180,2019-09-09 21:16:12,10787.1265,ethbtc
2185,2019-09-09 21:16:18,0.2308,mcoeth
2173,2019-09-09 21:16:19,2.5181,wtceth
2182,2019-09-09 21:16:21,60917.7755,btcusdt
2184,2019-09-09 21:16:24,7.3489,aeeth
2163,2019-09-09 21:16:31,3.3155,gntusdt
2163,2019-09-09 21:16:31,3987.559,ethusdt
2176,2019-09-09 21:16:34,31.0887,ltcbtc
2176,2019-09-09 21:16:39,2051.9891,etcusdt
2180,2019-09-09 21:16:40,2417.7215,omgusdt
2179,2019-09-09 21:16:40,6752.37,ltcusdt
2181,2019-09-09 21:16:42,11393.4879,ethbtc
2174,2019-09-09 21:16:46,150.1144,zrxusdt
2186,2019-09-09 21:16:57,0.8531,mcoeth
2174,2019-09-09 21:17:02,50.5864,wtceth
2183,2019-09-09 21:17:04,24422.3025,btcusdt
2182,2019-09-09 21:17:07,736.6438,ethbtc
2164,2019-09-09 21:17:08,11665.4322,ethusdt
2177,2019-09-09 21:17:08,1662.1834,etcusdt
2185,2019-09-09 21:17:08,19.2269,aeeth
2175,2019-09-09 21:17:13,81.115,zrxusdt
2164,2019-09-09 21:17:14,4.5905,gntusdt
2180,2019-09-09 21:17:16,5435.9557,ltcusdt
2177,2019-09-09 21:17:18,4077.6448,ltcbtc
2181,2019-09-09 21:17:19,2753.723,omgusdt
2187,2019-09-09 21:17:30,0.5311,mcoeth
2175,2019-09-09 21:17:32,40.4181,wtceth
2165,2019-09-09 21:17:35,14389.5793,ethusdt
2186,2019-09-09 21:17:36,11.5649,aeeth
2178,2019-09-09 21:17:42,2117.7603,etcusdt
2183,2019-09-09 21:17:43,9659.7632,ethbtc
2181,2019-09-09 21:17:43,944.1549,ltcusdt
2184,2019-09-09 21:17:47,53890.116,btcusdt
2165,2019-09-09 21:17:49,13.8767,gntusdt
2178,2019-09-09 21:17:52,6494.7646,ltcbtc
2176,2019-09-09 21:17:57,102.6454,zrxusdt
2182,2019-09-09 21:17:57,2942.5786,omgusdt
2188,2019-09-09 21:18:00,0.669,mcoeth
2166,2019-09-09 21:18:03,14775.3171,ethusdt
2187,2019-09-09 21:18:09,4.6952,aeeth
2179,2019-09-09 21:18:10,2448.0643,etcusdt
2166,2019-09-09 21:18:15,3.5837,gntusdt
2182,2019-09-09 21:18:15,5484.5988,ltcusdt
2185,2019-09-09 21:18:15,23183.0039,btcusdt
2184,2019-09-09 21:18:16,4052.6362,ethbtc
2176,2019-09-09 21:18:16,48.1597,wtceth
2179,2019-09-09 21:18:20,1413.7665,ltcbtc
2167,2019-09-09 21:18:29,11878.2095,ethusdt
2183,2019-09-09 21:18:31,3482.1995,omgusdt
2177,2019-09-09 21:18:32,38.1668,zrxusdt
2180,2019-09-09 21:18:36,721.0592,etcusdt
2189,2019-09-09 21:18:37,0.323,mcoeth
2177,2019-09-09 21:18:42,17.903,wtceth
2183,2019-09-09 21:18:42,2099.9932,ltcusdt
2167,2019-09-09 21:18:43,25.6747,gntusdt
2186,2019-09-09 21:18:43,23452.0881,btcusdt
2188,2019-09-09 21:18:48,1.6895,aeeth
2185,2019-09-09 21:18:53,1256.0465,ethbtc
2168,2019-09-09 21:18:54,3920.3157,ethusdt
2180,2019-09-09 21:19:02,2366.0824,ltcbtc
2190,2019-09-09 21:19:03,0.591,mcoeth
2184,2019-09-09 21:19:08,46.1989,omgusdt
2178,2019-09-09 21:19:09,25.1084,zrxusdt
2181,2019-09-09 21:19:12,1291.7725,etcusdt
2184,2019-09-09 21:19:20,3333.4787,ltcusdt
2168,2019-09-09 21:19:20,14.3512,gntusdt
2178,2019-09-09 21:19:21,46.0273,wtceth
2187,2019-09-09 21:19:23,1609.0952,btcusdt
2189,2019-09-09 21:19:32,15.4949,aeeth
2186,2019-09-09 21:19:32,4824.6966,ethbtc
2191,2019-09-09 21:19:36,0.4525,mcoeth
2181,2019-09-09 21:19:36,4457.6084,ltcbtc
2169,2019-09-09 21:19:38,2407.4761,ethusdt
2182,2019-09-09 21:19:44,158.8574,etcusdt
2185,2019-09-09 21:19:46,3798.2164,omgusdt
2185,2019-09-09 21:19:47,3614.1434,ltcusdt
2179,2019-09-09 21:19:50,66.0724,wtceth
2169,2019-09-09 21:19:52,0.7192,gntusdt
2179,2019-09-09 21:19:53,46.1661,zrxusdt
2187,2019-09-09 21:19:59,10909.5417,ethbtc
2188,2019-09-09 21:20:07,63795.7542,btcusdt
2192,2019-09-09 21:20:08,0.9135,mcoeth
2190,2019-09-09 21:20:11,6.4718,aeeth
2170,2019-09-09 21:20:13,1262.9605,ethusdt
2183,2019-09-09 21:20:14,3747.131,etcusdt
2186,2019-09-09 21:20:14,603.5261,ltcusdt
2182,2019-09-09 21:20:17,5099.6218,ltcbtc
2180,2019-09-09 21:20:24,49.24,zrxusdt
2186,2019-09-09 21:20:27,4432.446,omgusdt
2188,2019-09-09 21:20:29,8888.081,ethbtc
2170,2019-09-09 21:20:29,15.1996,gntusdt
2180,2019-09-09 21:20:29,5.8714,wtceth
2191,2019-09-09 21:20:38,12.3375,aeeth
2193,2019-09-09 21:20:40,0.4157,mcoeth
2184,2019-09-09 21:20:42,2791.4156,etcusdt
2189,2019-09-09 21:20:43,54651.2737,btcusdt
2187,2019-09-09 21:20:43,2892.7124,ltcusdt
2183,2019-09-09 21:20:46,450.5155,ltcbtc
2171,2019-09-09 21:20:54,15765.7798,ethusdt
2187,2019-09-09 21:20:59,3643.7438,omgusdt
2181,2019-09-09 21:21:01,12.5239,zrxusdt
2194,2019-09-09 21:21:09,0.5923,mcoeth
2189,2019-09-09 21:21:11,7355.9036,ethbtc
2181,2019-09-09 21:21:13,49.6013,wtceth
2171,2019-09-09 21:21:13,20.2663,gntusdt
2185,2019-09-09 21:21:14,2237.9697,etcusdt
2190,2019-09-09 21:21:15,36206.0666,btcusdt
2192,2019-09-09 21:21:19,8.1325,aeeth
2172,2019-09-09 21:21:20,3869.2692,ethusdt
2184,2019-09-09 21:21:20,6896.105,ltcbtc
2188,2019-09-09 21:21:25,2304.3763,ltcusdt
2188,2019-09-09 21:21:26,2995.6644,omgusdt
2182,2019-09-09 21:21:41,165.3548,zrxusdt
2190,2019-09-09 21:21:44,6785.144,ethbtc
2191,2019-09-09 21:21:45,2822.1806,btcusdt
2185,2019-09-09 21:21:46,4961.8182,ltcbtc
2195,2019-09-09 21:21:46,0.8487,mcoeth
2182,2019-09-09 21:21:47,26.6804,wtceth
2193,2019-09-09 21:21:50,4.2773,aeeth
2186,2019-09-09 21:21:55,3211.8996,etcusdt
2172,2019-09-09 21:21:57,19.6038,gntusdt
2173,2019-09-09 21:21:58,4127.0319,ethusdt
2189,2019-09-09 21:22:01,80.928,omgusdt
2191,2019-09-09 21:22:09,1641.304,ethbtc
2189,2019-09-09 21:22:09,1786.818,ltcusdt
2183,2019-09-09 21:22:09,146.0232,zrxusdt
2196,2019-09-09 21:22:12,0.1564,mcoeth
2183,2019-09-09 21:22:21,19.8045,wtceth
2192,2019-09-09 21:22:25,29622.1477,btcusdt
2186,2019-09-09 21:22:29,1116.2789,ltcbtc
2194,2019-09-09 21:22:35,6.5952,aeeth
2184,2019-09-09 21:22:36,38.3571,zrxusdt
2174,2019-09-09 21:22:36,11675.4295,ethusdt
2173,2019-09-09 21:22:37,12.9512,gntusdt
2187,2019-09-09 21:22:37,2660.843,etcusdt
2192,2019-09-09 21:22:38,4965.9936,ethbtc
2197,2019-09-09 21:22:39,0.3949,mcoeth
2190,2019-09-09 21:22:41,2856.4619,omgusdt
2190,2019-09-09 21:22:43,2110.5267,ltcusdt
2193,2019-09-09 21:22:56,2155.916,btcusdt
2198,2019-09-09 21:23:05,0.1763,mcoeth
2184,2019-09-09 21:23:06,58.3347,wtceth
2175,2019-09-09 21:23:07,8499.401,ethusdt
2193,2019-09-09 21:23:09,2632.2594,ethbtc
2187,2019-09-09 21:23:09,5567.7826,ltcbtc
2188,2019-09-09 21:23:12,1878.4712,etcusdt
2195,2019-09-09 21:23:14,18.2539,aeeth
2191,2019-09-09 21:23:16,2286.2847,omgusdt
2185,2019-09-09 21:23:18,98.6102,zrxusdt
2174,2019-09-09 21:23:18,20.299,gntusdt
2191,2019-09-09 21:23:21,2832.0541,ltcusdt
2194,2019-09-09 21:23:23,59380.2122,btcusdt
2188,2019-09-09 21:23:37,108.822,ltcbtc
2185,2019-09-09 21:23:40,6.0089,wtceth
2192,2019-09-09 21:23:41,3039.147,omgusdt
2199,2019-09-09 21:23:42,0.9221,mcoeth
2189,2019-09-09 21:23:43,394.4401,etcusdt
2176,2019-09-09 21:23:45,12632.0819,ethusdt
2196,2019-09-09 21:23:50,1.9246,aeeth
2194,2019-09-09 21:23:53,11790.6995,ethbtc
2195,2019-09-09 21:23:56,29095.4161,btcusdt
2186,2019-09-09 21:23:57,111.6604,zrxusdt
2175,2019-09-09 21:23:58,17.7586,gntusdt
2192,2019-09-09 21:24:00,2172.1666,ltcusdt
2190,2019-09-09 21:24:08,2031.0124,etcusdt
2200,2019-09-09 21:24:08,0.4397,mcoeth
2193,2019-09-09 21:24:15,402.3207,omgusdt
2177,2019-09-09 21:24:15,6771.081,ethusdt
2186,2019-09-09 21:24:20,30.0783,wtceth
2189,2019-09-09 21:24:22,522.9255,ltcbtc
2197,2019-09-09 21:24:23,6.4198,aeeth
2196,2019-09-09 21:24:24,8428.7084,btcusdt
2193,2019-09-09 21:24:28,4305.0877,ltcusdt
2176,2019-09-09 21:24:36,24.5667,gntusdt
2187,2019-09-09 21:24:38,76.4317,zrxusdt
2195,2019-09-09 21:24:38,8275.4451,ethbtc
2191,2019-09-09 21:24:41,1056.0992,etcusdt
2194,2019-09-09 21:24:46,4690.2678,omgusdt
2197,2019-09-09 21:24:52,41507.7582,btcusdt
2201,2019-09-09 21:24:53,0.5505,mcoeth
2198,2019-09-09 21:24:56,3.2663,aeeth
2178,2019-09-09 21:24:58,15556.4507,ethusdt
2187,2019-09-09 21:24:59,59.7688,wtceth
2177,2019-09-09 21:25:06,11.2827,gntusdt
2190,2019-09-09 21:25:07,4660.3398,ltcbtc
2194,2019-09-09 21:25:09,5869.1124,ltcusdt
2195,2019-09-09 21:25:14,1118.2473,omgusdt
2202,2019-09-09 21:25:18,0.3802,mcoeth
2196,2019-09-09 21:25:18,5914.8132,ethbtc
2188,2019-09-09 21:25:21,175.2903,zrxusdt
2192,2019-09-09 21:25:24,3255.9021,etcusdt
2198,2019-09-09 21:25:30,25809.3562,btcusdt
2179,2019-09-09 21:25:33,9749.746,ethusdt
2191,2019-09-09 21:25:39,3055.918,ltcbtc
2199,2019-09-09 21:25:39,16.2589,aeeth
2195,2019-09-09 21:25:39,379.6114,ltcusdt
2188,2019-09-09 21:25:40,32.4215,wtceth
2196,2019-09-09 21:25:43,1631.1369,omgusdt
2197,2019-09-09 21:25:45,3931.5005,ethbtc
2203,2019-09-09 21:25:47,0.5449,mcoeth
2178,2019-09-09 21:25:51,19.1991,gntusdt
2193,2019-09-09 21:25:56,3236.289,etcusdt
2199,2019-09-09 21:25:57,36578.7163,btcusdt
2189,2019-09-09 21:26:03,117.5271,zrxusdt
2196,2019-09-09 21:26:05,6136.7226,ltcusdt
2180,2019-09-09 21:26:05,3298.2437,ethusdt
2200,2019-09-09 21:26:08,13.1737,aeeth
2189,2019-09-09 21:26:08,42.5693,wtceth
2192,2019-09-09 21:26:15,3514.4739,ltcbtc
2179,2019-09-09 21:26:21,14.6929,gntusdt
2194,2019-09-09 21:26:21,1080.1393,etcusdt
2197,2019-09-09 21:26:24,2824.8931,omgusdt
2200,2019-09-09 21:26:25,23973.7076,btcusdt
2190,2019-09-09 21:26:28,25.0869,zrxusdt
2204,2019-09-09 21:26:30,0.4294,mcoeth
2181,2019-09-09 21:26:30,8185.671,ethusdt
2198,2019-09-09 21:26:30,14735.9621,ethbtc
2190,2019-09-09 21:26:33,19.0539,wtceth
2197,2019-09-09 21:26:33,7284.9473,ltcusdt
2201,2019-09-09 21:26:44,16.4868,aeeth
2193,2019-09-09 21:26:46,5254.9239,ltcbtc
2180,2019-09-09 21:26:55,3.0242,gntusdt
2195,2019-09-09 21:26:58,746.1208,etcusdt
2205,2019-09-09 21:26:59,0.6524,mcoeth
2191,2019-09-09 21:27:01,82.2441,zrxusdt
2198,2019-09-09 21:27:03,1428.2956,omgusdt
2199,2019-09-09 21:27:04,8320.8524,ethbtc
2198,2019-09-09 21:27:04,5780.995,ltcusdt
2191,2019-09-09 21:27:04,58.9878,wtceth
2201,2019-09-09 21:27:05,31235.8937,btcusdt
2182,2019-09-09 21:27:06,4366.058,ethusdt
2194,2019-09-09 21:27:13,5359.5398,ltcbtc
2202,2019-09-09 21:27:25,5.8293,aeeth
2206,2019-09-09 21:27:28,0.2482,mcoeth
2196,2019-09-09 21:27:29,3738.8861,etcusdt
2181,2019-09-09 21:27:30,14.7647,gntusdt
2199,2019-09-09 21:27:36,1705.5606,omgusdt
2200,2019-09-09 21:27:37,10689.5594,ethbtc
2192,2019-09-09 21:27:37,5.2944,zrxusdt
2195,2019-09-09 21:27:42,3939.0555,ltcbtc
2199,2019-09-09 21:27:44,5265.6336,ltcusdt
2192,2019-09-09 21:27:45,0.0237,wtceth
2202,2019-09-09 21:27:46,32932.4562,btcusdt
2183,2019-09-09 21:27:51,3859.6926,ethusdt
2203,2019-09-09 21:27:56,5.1807,aeeth
2207,2019-09-09 21:27:59,0.3114,mcoeth
2197,2019-09-09 21:28:03,3279.2096,etcusdt
2201,2019-09-09 21:28:06,12363.0968,ethbtc
2200,2019-09-09 21:28:10,36.0657,ltcusdt
2200,2019-09-09 21:28:13,1522.3996,omgusdt
2182,2019-09-09 21:28:14,12.1496,gntusdt
2193,2019-09-09 21:28:14,64.0967,wtceth
2196,2019-09-09 21:28:18,1610.6989,ltcbtc
2184,2019-09-09 21:28:19,13436.4114,ethusdt
2193,2019-09-09 21:28:20,145.7177,zrxusdt
2208,2019-09-09 21:28:28,0.9589,mcoeth
2203,2019-09-09 21:28:29,7265.281,btcusdt
2198,2019-09-09 21:28:30,3506.6366,etcusdt
2202,2019-09-09 21:28:35,10354.378,ethbtc
2201,2019-09-09 21:28:36,6267.9469,ltcusdt
2204,2019-09-09 21:28:38,11.1,aeeth
2194,2019-09-09 21:28:43,10.288,wtceth
2197,2019-09-09 21:28:43,3710.7875,ltcbtc
2201,2019-09-09 21:28:52,2410.4849,omgusdt
2185,2019-09-09 21:28:55,14167.001,ethusdt
2209,2019-09-09 21:28:57,0.2743,mcoeth
2183,2019-09-09 21:28:57,7.451,gntusdt
2194,2019-09-09 21:28:58,80.434,zrxusdt
2202,2019-09-09 21:29:01,6242.8935,ltcusdt
2199,2019-09-09 21:29:02,494.8847,etcusdt
2205,2019-09-09 21:29:05,6.3003,aeeth
2204,2019-09-09 21:29:06,49685.0599,btcusdt
2195,2019-09-09 21:29:10,64.4497,wtceth
2198,2019-09-09 21:29:14,343.2243,ltcbtc
2203,2019-09-09 21:29:20,7043.0611,ethbtc
2210,2019-09-09 21:29:22,0.0667,mcoeth
2202,2019-09-09 21:29:30,1874.3561,omgusdt
2206,2019-09-09 21:29:33,2.1132,aeeth
2200,2019-09-09 21:29:35,449.8448,etcusdt
2196,2019-09-09 21:29:36,42.1369,wtceth
2186,2019-09-09 21:29:37,11918.6617,ethusdt
2203,2019-09-09 21:29:38,1979.0998,ltcusdt
2195,2019-09-09 21:29:39,38.3067,zrxusdt
2205,2019-09-09 21:29:40,26664.8095,btcusdt
2184,2019-09-09 21:29:42,12.0906,gntusdt
2204,2019-09-09 21:29:45,6977.1863,ethbtc
2199,2019-09-09 21:29:47,3417.4902,ltcbtc
2211,2019-09-09 21:29:58,0.6804,mcoeth
2197,2019-09-09 21:30:02,18.6608,wtceth
2203,2019-09-09 21:30:03,1741.1871,omgusdt
2187,2019-09-09 21:30:08,5294.0616,ethusdt
2185,2019-09-09 21:30:11,14.526,gntusdt
2206,2019-09-09 21:30:12,500.1122,btcusdt
2207,2019-09-09 21:30:13,15.5318,aeeth
2204,2019-09-09 21:30:13,1437.5211,ltcusdt
2201,2019-09-09 21:30:16,1818.2671,etcusdt
2205,2019-09-09 21:30:18,11845.211,ethbtc
2196,2019-09-09 21:30:19,90.7311,zrxusdt
2200,2019-09-09 21:30:21,486.683,ltcbtc
2198,2019-09-09 21:30:27,37.164,wtceth
2212,2019-09-09 21:30:32,0.6125,mcoeth
2204,2019-09-09 21:30:33,2663.7252,omgusdt
2207,2019-09-09 21:30:38,51666.1359,btcusdt
2202,2019-09-09 21:30:42,859.2298,etcusdt
2186,2019-09-09 21:30:42,6.7327,gntusdt
2208,2019-09-09 21:30:45,17.2075,aeeth
2205,2019-09-09 21:30:52,5444.9116,ltcusdt
2188,2019-09-09 21:30:53,11612.1179,ethusdt
2197,2019-09-09 21:30:54,50.2423,zrxusdt
2201,2019-09-09 21:30:57,698.1455,ltcbtc
2206,2019-09-09 21:30:59,10123.3153,ethbtc
2199,2019-09-09 21:31:00,14.2354,wtceth
2205,2019-09-09 21:31:04,3685.855,omgusdt
2213,2019-09-09 21:31:07,0.8557,mcoeth
2209,2019-09-09 21:31:12,16.5697,aeeth
2208,2019-09-09 21:31:19,27553.2248,btcusdt
2187,2019-09-09 21:31:20,24.9185,gntusdt
2203,2019-09-09 21:31:23,1315.738,etcusdt
2200,2019-09-09 21:31:29,43.8865,wtceth
2206,2019-09-09 21:31:33,2499.595,ltcusdt
2202,2019-09-09 21:31:34,5932.4694,ltcbtc
2207,2019-09-09 21:31:35,512.8782,ethbtc
2198,2019-09-09 21:31:35,160.5719,zrxusdt
2189,2019-09-09 21:31:37,3960.6214,ethusdt
2210,2019-09-09 21:31:39,0.6683,aeeth
2206,2019-09-09 21:31:46,1467.6171,omgusdt
2204,2019-09-09 21:31:52,798.8327,etcusdt
2214,2019-09-09 21:31:52,0.5639,mcoeth
2188,2019-09-09 21:31:54,19.9407,gntusdt
2207,2019-09-09 21:32:02,4154.9272,ltcusdt
2208,2019-09-09 21:32:02,13442.6021,ethbtc
2209,2019-09-09 21:32:04,4078.2096,btcusdt
2201,2019-09-09 21:32:06,49.1033,wtceth
2203,2019-09-09 21:32:14,4722.336,ltcbtc
2215,2019-09-09 21:32:17,0.0507,mcoeth
2207,2019-09-09 21:32:18,4729.7852,omgusdt
2199,2019-09-09 21:32:19,116.0296,zrxusdt
2190,2019-09-09 21:32:21,695.2638,ethusdt
2211,2019-09-09 21:32:22,1.7312,aeeth
2189,2019-09-09 21:32:23,1.7978,gntusdt
2208,2019-09-09 21:32:30,4818.7145,ltcusdt
2210,2019-09-09 21:32:33,51139.0741,btcusdt
2205,2019-09-09 21:32:35,682.4783,etcusdt
2202,2019-09-09 21:32:35,45.5667,wtceth
2209,2019-09-09 21:32:41,8075.8366,ethbtc
2216,2019-09-09 21:32:46,0.3128,mcoeth
2208,2019-09-09 21:32:48,2041.2511,omgusdt
2204,2019-09-09 21:32:52,3335.6109,ltcbtc
2191,2019-09-09 21:32:53,11035.6825,ethusdt
2209,2019-09-09 21:32:58,1841.6547,ltcusdt
2212,2019-09-09 21:33:00,19.3072,aeeth
2206,2019-09-09 21:33:01,3605.3132,etcusdt
2200,2019-09-09 21:33:03,30.5945,zrxusdt
2190,2019-09-09 21:33:04,13.0474,gntusdt
2210,2019-09-09 21:33:12,6964.8425,ethbtc
2209,2019-09-09 21:33:15,482.5129,omgusdt
2203,2019-09-09 21:33:16,8.1997,wtceth
2211,2019-09-09 21:33:17,38171.9518,btcusdt
2192,2019-09-09 21:33:22,15304.1249,ethusdt
2210,2019-09-09 21:33:23,6306.6904,ltcusdt
2217,2019-09-09 21:33:29,0.5645,mcoeth
2207,2019-09-09 21:33:31,3400.3154,etcusdt
2205,2019-09-09 21:33:34,2803.4216,ltcbtc
2201,2019-09-09 21:33:35,65.2589,zrxusdt
2211,2019-09-09 21:33:41,4333.7406,ethbtc
2213,2019-09-09 21:33:45,0.5233,aeeth
2191,2019-09-09 21:33:46,13.6082,gntusdt
2212,2019-09-09 21:33:50,47803.8762,btcusdt
2204,2019-09-09 21:33:53,64.224,wtceth
2211,2019-09-09 21:33:53,3175.8247,ltcusdt
2210,2019-09-09 21:33:58,1714.1775,omgusdt
2193,2019-09-09 21:34:02,13773.6501,ethusdt
2208,2019-09-09 21:34:13,2950.1854,etcusdt
2218,2019-09-09 21:34:13,0.8796,mcoeth
2206,2019-09-09 21:34:17,2629.7055,ltcbtc
2202,2019-09-09 21:34:20,57.3639,zrxusdt
2213,2019-09-09 21:34:20,59795.8344,btcusdt
2214,2019-09-09 21:34:24,4.8678,aeeth
2192,2019-09-09 21:34:24,20.6644,gntusdt
2212,2019-09-09 21:34:25,10040.5912,ethbtc
2205,2019-09-09 21:34:29,20.6225,wtceth
2211,2019-09-09 21:34:37,1433.5635,omgusdt
2212,2019-09-09 21:34:37,7074.5837,ltcusdt
2194,2019-09-09 21:34:42,1333.6806,ethusdt
2209,2019-09-09 21:34:44,1480.8811,etcusdt
2215,2019-09-09 21:34:52,2.2495,aeeth
2203,2019-09-09 21:34:52,161.5716,zrxusdt
2193,2019-09-09 21:34:54,2.695,gntusdt
2207,2019-09-09 21:34:55,3672.6567,ltcbtc
2219,2019-09-09 21:34:58,0.6008,mcoeth
2213,2019-09-09 21:35:04,10964.1816,ethbtc
2214,2019-09-09 21:35:04,8401.8902,btcusdt
2206,2019-09-09 21:35:07,11.8033,wtceth
2195,2019-09-09 21:35:08,6864.7499,ethusdt
2213,2019-09-09 21:35:15,484.4923,ltcusdt
2210,2019-09-09 21:35:16,2424.851,etcusdt
2216,2019-09-09 21:35:17,1.173,aeeth
2212,2019-09-09 21:35:18,532.3655,omgusdt
2215,2019-09-09 21:35:29,20836.3094,btcusdt
2220,2019-09-09 21:35:31,0.6073,mcoeth
2196,2019-09-09 21:35:33,4351.8245,ethusdt
2204,2019-09-09 21:35:36,43.7478,zrxusdt
2194,2019-09-09 21:35:36,13.4447,gntusdt
2214,2019-09-09 21:35:38,9041.2475,ethbtc
2208,2019-09-09 21:35:38,4074.9158,ltcbtc
2217,2019-09-09 21:35:47,7.891,aeeth
2211,2019-09-09 21:35:47,2047.4366,etcusdt
2207,2019-09-09 21:35:52,4.0284,wtceth
2214,2019-09-09 21:35:53,3958.4477,ltcusdt
2221,2019-09-09 21:35:57,0.6819,mcoeth
2213,2019-09-09 21:36:00,4462.7407,omgusdt
2216,2019-09-09 21:36:05,28429.7605,btcusdt
2205,2019-09-09 21:36:06,164.4502,zrxusdt
2215,2019-09-09 21:36:07,9119.2504,ethbtc
2197,2019-09-09 21:36:10,6187.3533,ethusdt
2209,2019-09-09 21:36:12,6579.2336,ltcbtc
2195,2019-09-09 21:36:20,14.0446,gntusdt
2208,2019-09-09 21:36:22,53.4442,wtceth
2215,2019-09-09 21:36:22,1723.439,ltcusdt
2222,2019-09-09 21:36:30,0.9667,mcoeth
2218,2019-09-09 21:36:32,7.6585,aeeth
2212,2019-09-09 21:36:32,900.1867,etcusdt
2217,2019-09-09 21:36:36,38209.5061,btcusdt
2216,2019-09-09 21:36:39,7453.8968,ethbtc
2206,2019-09-09 21:36:40,116.4273,zrxusdt
2198,2019-09-09 21:36:41,8305.4694,ethusdt
2214,2019-09-09 21:36:42,2233.6546,omgusdt
2210,2019-09-09 21:36:47,6187.2771,ltcbtc
2209,2019-09-09 21:36:55,46.6005,wtceth
2196,2019-09-09 21:36:57,15.9145,gntusdt
2219,2019-09-09 21:37:01,12.8282,aeeth
2223,2019-09-09 21:37:02,0.8074,mcoeth
2216,2019-09-09 21:37:05,1102.0787,ltcusdt
2199,2019-09-09 21:37:08,6900.3624,ethusdt
2218,2019-09-09 21:37:09,30973.9956,btcusdt
2213,2019-09-09 21:37:10,1511.0776,etcusdt
2217,2019-09-09 21:37:15,3880.817,ethbtc
2207,2019-09-09 21:37:16,16.8413,zrxusdt
2215,2019-09-09 21:37:19,2615.6218,omgusdt
2197,2019-09-09 21:37:28,14.4264,gntusdt
2224,2019-09-09 21:37:28,0.867,mcoeth
2210,2019-09-09 21:37:28,7.3321,wtceth
2211,2019-09-09 21:37:30,4999.714,ltcbtc
2219,2019-09-09 21:37:38,30295.1003,btcusdt
2217,2019-09-09 21:37:41,4637.0025,ltcusdt
2220,2019-09-09 21:37:41,3.5129,aeeth
2200,2019-09-09 21:37:42,2903.3593,ethusdt
2214,2019-09-09 21:37:46,1282.9565,etcusdt
2208,2019-09-09 21:37:51,40.6021,zrxusdt
2218,2019-09-09 21:37:52,2902.738,ethbtc
2216,2019-09-09 21:37:55,4023.3766,omgusdt
2198,2019-09-09 21:38:02,25.8757,gntusdt
2225,2019-09-09 21:38:07,0.8628,mcoeth
2211,2019-09-09 21:38:07,13.8199,wtceth
2212,2019-09-09 21:38:08,4988.7165,ltcbtc
2201,2019-09-09 21:38:11,9117.549,ethusdt
2218,2019-09-09 21:38:11,1849.3224,ltcusdt
2220,2019-09-09 21:38:12,24477.8251,btcusdt
2209,2019-09-09 21:38:17,48.7586,zrxusdt
2221,2019-09-09 21:38:18,15.5004,aeeth
2215,2019-09-09 21:38:24,1709.6853,etcusdt
2219,2019-09-09 21:38:25,1544.4918,ethbtc
2199,2019-09-09 21:38:32,17.8745,gntusdt
2213,2019-09-09 21:38:34,4505.0616,ltcbtc
2219,2019-09-09 21:38:36,5628.4193,ltcusdt
2217,2019-09-09 21:38:39,1236.8365,omgusdt
2222,2019-09-09 21:38:46,13.7785,aeeth
2226,2019-09-09 21:38:48,0.2508,mcoeth
2212,2019-09-09 21:38:52,62.7383,wtceth
2220,2019-09-09 21:38:52,8955.1546,ethbtc
2216,2019-09-09 21:38:52,739.0376,etcusdt
2221,2019-09-09 21:38:52,3988.4018,btcusdt
2202,2019-09-09 21:38:54,4393.4501,ethusdt
2210,2019-09-09 21:38:58,104.1499,zrxusdt
2214,2019-09-09 21:39:00,4885.1033,ltcbtc
2220,2019-09-09 21:39:01,4910.4113,ltcusdt
2200,2019-09-09 21:39:05,20.6707,gntusdt
2223,2019-09-09 21:39:13,13.0157,aeeth
2218,2019-09-09 21:39:17,320.7841,omgusdt
2203,2019-09-09 21:39:20,6506.9488,ethusdt
2217,2019-09-09 21:39:25,76.5383,etcusdt
2227,2019-09-09 21:39:27,0.2217,mcoeth
2221,2019-09-09 21:39:32,11081.79,ethbtc
2213,2019-09-09 21:39:33,8.4048,wtceth
2211,2019-09-09 21:39:33,76.9983,zrxusdt
2222,2019-09-09 21:39:34,56114.5593,btcusdt
2221,2019-09-09 21:39:34,4474.1302,ltcusdt
2215,2019-09-09 21:39:35,2531.1111,ltcbtc
2219,2019-09-09 21:39:44,3460.8513,omgusdt
2204,2019-09-09 21:39:46,7023.5239,ethusdt
2201,2019-09-09 21:39:50,13.2301,gntusdt
2224,2019-09-09 21:39:54,11.2087,aeeth
2218,2019-09-09 21:39:56,2305.404,etcusdt
2222,2019-09-09 21:39:59,2919.1028,ltcusdt
2222,2019-09-09 21:40:04,12788.3553,ethbtc
2212,2019-09-09 21:40:04,118.3645,zrxusdt
2216,2019-09-09 21:40:06,3459.9531,ltcbtc
2214,2019-09-09 21:40:10,41.0333,wtceth
2228,2019-09-09 21:40:11,0.4595,mcoeth
2223,2019-09-09 21:40:17,29671.6841,btcusdt
2220,2019-09-09 21:40:17,3912.9252,omgusdt
2202,2019-09-09 21:40:28,25.1223,gntusdt
2205,2019-09-09 21:40:29,3747.849,ethusdt
2219,2019-09-09 21:40:32,1938.7738,etcusdt
2223,2019-09-09 21:40:33,14597.3404,ethbtc
2225,2019-09-09 21:40:36,8.3647,aeeth
2217,2019-09-09 21:40:37,3616.1509,ltcbtc
2223,2019-09-09 21:40:44,3504.8867,ltcusdt
2229,2019-09-09 21:40:44,0.394,mcoeth
2213,2019-09-09 21:40:45,164.9263,zrxusdt
2224,2019-09-09 21:40:48,13020.1786,btcusdt
2221,2019-09-09 21:40:50,1421.9815,omgusdt
2215,2019-09-09 21:40:55,17.0301,wtceth
2220,2019-09-09 21:41:04,569.3119,etcusdt
2203,2019-09-09 21:41:05,17.5448,gntusdt
2206,2019-09-09 21:41:07,1055.7124,ethusdt
2224,2019-09-09 21:41:11,15120.322,ethbtc
2224,2019-09-09 21:41:15,2248.8365,ltcusdt
2226,2019-09-09 21:41:18,4.1508,aeeth
2218,2019-09-09 21:41:19,4751.7735,ltcbtc
2216,2019-09-09 21:41:21,34.1192,wtceth
2222,2019-09-09 21:41:21,775.0999,omgusdt
2214,2019-09-09 21:41:21,51.5128,zrxusdt
2225,2019-09-09 21:41:25,36288.4893,btcusdt
2230,2019-09-09 21:41:29,0.3751,mcoeth
2204,2019-09-09 21:41:33,24.8767,gntusdt
2207,2019-09-09 21:41:39,511.5572,ethusdt
2225,2019-09-09 21:41:41,683.2891,ethbtc
2221,2019-09-09 21:41:47,3289.4065,etcusdt
2217,2019-09-09 21:41:49,62.6888,wtceth
2227,2019-09-09 21:41:51,3.34,aeeth
2215,2019-09-09 21:41:52,2.1627,zrxusdt
2219,2019-09-09 21:41:58,104.9906,ltcbtc
2225,2019-09-09 21:41:59,2719.689,ltcusdt
2231,2019-09-09 21:42:04,0.0527,mcoeth
2223,2019-09-09 21:42:06,3427.8695,omgusdt
2226,2019-09-09 21:42:08,52774.7006,btcusdt
2205,2019-09-09 21:42:13,15.1747,gntusdt
2216,2019-09-09 21:42:17,97.8812,zrxusdt
2208,2019-09-09 21:42:19,1699.9915,ethusdt
2222,2019-09-09 21:42:23,1062.758,etcusdt
2226,2019-09-09 21:42:24,9292.9196,ethbtc
2218,2019-09-09 21:42:29,54.6496,wtceth
2226,2019-09-09 21:42:30,3607.2185,ltcusdt
2228,2019-09-09 21:42:33,20.4976,aeeth
2232,2019-09-09 21:42:34,0.4325,mcoeth
2224,2019-09-09 21:42:38,339.327,omgusdt
2220,2019-09-09 21:42:39,1188.1996,ltcbtc
2217,2019-09-09 21:42:43,68.6108,zrxusdt
2209,2019-09-09 21:42:44,6332.955,ethusdt
2206,2019-09-09 21:42:47,21.6609,gntusdt
2223,2019-09-09 21:42:50,1913.5757,etcusdt
2227,2019-09-09 21:42:51,20290.0854,btcusdt
2227,2019-09-09 21:42:59,4539.9045,ethbtc
2227,2019-09-09 21:43:04,2357.5228,ltcusdt
2229,2019-09-09 21:43:04,18.8378,aeeth
2219,2019-09-09 21:43:07,51.3944,wtceth
2233,2019-09-09 21:43:11,0.5015,mcoeth
2221,2019-09-09 21:43:15,4071.6223,ltcbtc
2207,2019-09-09 21:43:15,18.2712,gntusdt
2228,2019-09-09 21:43:18,34245.7821,btcusdt
2218,2019-09-09 21:43:21,77.5768,zrxusdt
2225,2019-09-09 21:43:23,696.9265,omgusdt
2210,2019-09-09 21:43:27,12623.5257,ethusdt
2224,2019-09-09 21:43:31,2046.0469,etcusdt
2220,2019-09-09 21:43:33,48.6729,wtceth
2228,2019-09-09 21:43:34,1451.1413,ltcusdt
2234,2019-09-09 21:43:36,0.5317,mcoeth
2230,2019-09-09 21:43:39,3.4704,aeeth
2228,2019-09-09 21:43:42,1378.8606,ethbtc
2208,2019-09-09 21:43:42,5.4105,gntusdt
2222,2019-09-09 21:43:45,1454.7257,ltcbtc
2219,2019-09-09 21:43:48,49.2755,zrxusdt
2226,2019-09-09 21:43:50,2740.7366,omgusdt
2229,2019-09-09 21:43:56,53178.2034,btcusdt
2225,2019-09-09 21:43:56,258.231,etcusdt
2229,2019-09-09 21:44:01,5693.4021,ltcusdt
2211,2019-09-09 21:44:06,8590.4572,ethusdt
2235,2019-09-09 21:44:08,0.4821,mcoeth
2221,2019-09-09 21:44:08,32.3165,wtceth
2229,2019-09-09 21:44:11,5987.443,ethbtc
2220,2019-09-09 21:44:13,71.8366,zrxusdt
2223,2019-09-09 21:44:15,832.0262,ltcbtc
2209,2019-09-09 21:44:22,5.8664,gntusdt
2231,2019-09-09 21:44:24,4.2368,aeeth
2226,2019-09-09 21:44:30,134.9764,etcusdt
2227,2019-09-09 21:44:35,1553.7552,omgusdt
2230,2019-09-09 21:44:35,25552.0273,btcusdt
2236,2019-09-09 21:44:37,0.3515,mcoeth
2212,2019-09-09 21:44:43,2394.0598,ethusdt
2230,2019-09-09 21:44:43,1765.0369,ltcusdt
2230,2019-09-09 21:44:47,4088.3259,ethbtc
2222,2019-09-09 21:44:51,59.4012,wtceth
2221,2019-09-09 21:44:58,159.5733,zrxusdt
2210,2019-09-09 21:44:59,5.4672,gntusdt
2232,2019-09-09 21:44:59,7.3914,aeeth
2224,2019-09-09 21:45:00,145.9437,ltcbtc
2231,2019-09-09 21:45:00,3258.4317,btcusdt
2227,2019-09-09 21:45:15,713.3777,etcusdt
2228,2019-09-09 21:45:16,588.7294,omgusdt
2231,2019-09-09 21:45:17,13133.459,ethbtc
2237,2019-09-09 21:45:18,0.8432,mcoeth
2223,2019-09-09 21:45:19,20.7448,wtceth
2233,2019-09-09 21:45:24,11.35,aeeth
2213,2019-09-09 21:45:26,10830.6021,ethusdt
2231,2019-09-09 21:45:26,4306.9754,ltcusdt
2211,2019-09-09 21:45:36,4.0672,gntusdt
2225,2019-09-09 21:45:36,4351.3637,ltcbtc
2232,2019-09-09 21:45:42,41355.2952,btcusdt
2222,2019-09-09 21:45:42,70.7429,zrxusdt
2229,2019-09-09 21:45:43,3060.2549,omgusdt
2228,2019-09-09 21:45:51,3466.6415,etcusdt
2232,2019-09-09 21:45:52,9454.4406,ethbtc
2232,2019-09-09 21:45:56,6741.0408,ltcusdt
2238,2019-09-09 21:46:00,0.4248,mcoeth
2234,2019-09-09 21:46:01,2.7685,aeeth
2212,2019-09-09 21:46:01,16.552,gntusdt
2224,2019-09-09 21:46:04,36.9989,wtceth
2230,2019-09-09 21:46:08,3315.4997,omgusdt
2223,2019-09-09 21:46:08,90.0316,zrxusdt
2214,2019-09-09 21:46:10,9148.6701,ethusdt
2226,2019-09-09 21:46:19,5578.4272,ltcbtc
2233,2019-09-09 21:46:22,10596.8603,ethbtc
2233,2019-09-09 21:46:26,15702.665,btcusdt
2229,2019-09-09 21:46:29,3430.7687,etcusdt
2235,2019-09-09 21:46:33,13.9795,aeeth
2225,2019-09-09 21:46:33,63.4135,wtceth
2231,2019-09-09 21:46:33,2262.1466,omgusdt
2224,2019-09-09 21:46:34,127.705,zrxusdt
2233,2019-09-09 21:46:37,4117.6726,ltcusdt
2239,2019-09-09 21:46:44,0.3,mcoeth
2215,2019-09-09 21:46:45,5550.8051,ethusdt
2213,2019-09-09 21:46:45,22.5773,gntusdt
2227,2019-09-09 21:46:46,1713.075,ltcbtc
2234,2019-09-09 21:46:47,3792.7643,ethbtc
2234,2019-09-09 21:46:51,43055.9723,btcusdt
2236,2019-09-09 21:47:04,11.3135,aeeth
2226,2019-09-09 21:47:08,59.433,wtceth
2230,2019-09-09 21:47:09,2906.2092,etcusdt
2214,2019-09-09 21:47:11,19.3838,gntusdt
2225,2019-09-09 21:47:15,23.7829,zrxusdt
2234,2019-09-09 21:47:15,6780.458,ltcusdt
2232,2019-09-09 21:47:16,1248.7785,omgusdt
2240,2019-09-09 21:47:20,0.6863,mcoeth
2228,2019-09-09 21:47:20,4512.9872,ltcbtc
2216,2019-09-09 21:47:25,9101.9393,ethusdt
2235,2019-09-09 21:47:27,9938.365,ethbtc
2235,2019-09-09 21:47:31,7857.8721,btcusdt
2237,2019-09-09 21:47:40,17.0619,aeeth
2226,2019-09-09 21:47:41,10.7935,zrxusdt
2215,2019-09-09 21:47:44,25.1275,gntusdt
2227,2019-09-09 21:47:44,6.6129,wtceth
2233,2019-09-09 21:47:46,4682.2104,omgusdt
2241,2019-09-09 21:47:52,0.5858,mcoeth
2231,2019-09-09 21:47:54,1535.4719,etcusdt
2236,2019-09-09 21:47:55,1423.3216,ethbtc
2235,2019-09-09 21:47:57,5762.6044,ltcusdt
2229,2019-09-09 21:48:02,1872.5588,ltcbtc
2217,2019-09-09 21:48:05,10328.8973,ethusdt
2236,2019-09-09 21:48:07,1499.3534,btcusdt
2234,2019-09-09 21:48:11,2899.5526,omgusdt
2238,2019-09-09 21:48:20,14.9699,aeeth
2228,2019-09-09 21:48:22,10.2046,wtceth
2227,2019-09-09 21:48:25,131.1497,zrxusdt
2216,2019-09-09 21:48:27,13.2607,gntusdt
2236,2019-09-09 21:48:31,160.3319,ltcusdt
2232,2019-09-09 21:48:34,2502.7264,etcusdt
2242,2019-09-09 21:48:34,0.6487,mcoeth
2237,2019-09-09 21:48:38,5921.0655,ethbtc
2218,2019-09-09 21:48:42,8980.0473,ethusdt
2230,2019-09-09 21:48:44,771.7792,ltcbtc
2235,2019-09-09 21:48:47,3425.3487,omgusdt
2237,2019-09-09 21:48:48,33367.7416,btcusdt
2217,2019-09-09 21:49:00,25.1909,gntusdt
2228,2019-09-09 21:49:02,92.973,zrxusdt
2229,2019-09-09 21:49:02,56.4597,wtceth
2239,2019-09-09 21:49:03,18.0063,aeeth
2233,2019-09-09 21:49:06,1006.5719,etcusdt
2243,2019-09-09 21:49:07,0.1227,mcoeth
2237,2019-09-09 21:49:14,6100.3664,ltcusdt
2219,2019-09-09 21:49:16,14961.0027,ethusdt
2238,2019-09-09 21:49:19,10762.3727,ethbtc
2231,2019-09-09 21:49:21,6238.9893,ltcbtc
2236,2019-09-09 21:49:27,4159.4,omgusdt
2229,2019-09-09 21:49:31,89.5304,zrxusdt
2238,2019-09-09 21:49:33,16224.1963,btcusdt
2244,2019-09-09 21:49:36,0.3366,mcoeth
2218,2019-09-09 21:49:37,15.1093,gntusdt
2240,2019-09-09 21:49:37,3.7737,aeeth
2238,2019-09-09 21:49:39,37.525,ltcusdt
2230,2019-09-09 21:49:46,12.6534,wtceth
2234,2019-09-09 21:49:48,1029.6704,etcusdt
2232,2019-09-09 21:49:53,1819.5723,ltcbtc
2220,2019-09-09 21:49:53,14568.1936,ethusdt
2239,2019-09-09 21:49:57,277.9552,ethbtc
2237,2019-09-09 21:49:58,954.0996,omgusdt
2219,2019-09-09 21:50:05,13.4901,gntusdt
2241,2019-09-09 21:50:08,10.0273,aeeth
2239,2019-09-09 21:50:09,6005.9165,ltcusdt
2239,2019-09-09 21:50:11,49781.7132,btcusdt
2230,2019-09-09 21:50:13,41.8337,zrxusdt
2245,2019-09-09 21:50:14,0.0387,mcoeth
2235,2019-09-09 21:50:20,1429.6734,etcusdt
2240,2019-09-09 21:50:22,6254.2994,ethbtc
2238,2019-09-09 21:50:24,2175.8851,omgusdt
2233,2019-09-09 21:50:27,545.5516,ltcbtc
2231,2019-09-09 21:50:29,36.4536,wtceth
2221,2019-09-09 21:50:32,5592.5708,ethusdt
2246,2019-09-09 21:50:42,0.1896,mcoeth
2231,2019-09-09 21:50:43,138.8202,zrxusdt
2240,2019-09-09 21:50:48,59838.537,btcusdt
2220,2019-09-09 21:50:50,0.3963,gntusdt
2240,2019-09-09 21:50:51,6303.8181,ltcusdt
2242,2019-09-09 21:50:53,14.2493,aeeth
2239,2019-09-09 21:50:56,1048.9144,omgusdt
2232,2019-09-09 21:50:59,30.5334,wtceth
2241,2019-09-09 21:51:03,9067.2458,ethbtc
2234,2019-09-09 21:51:03,1136.749,ltcbtc
2236,2019-09-09 21:51:05,2392.1138,etcusdt
2222,2019-09-09 21:51:16,5998.1016,ethusdt
2241,2019-09-09 21:51:22,1308.9949,ltcusdt
2232,2019-09-09 21:51:25,84.1773,zrxusdt
2221,2019-09-09 21:51:26,21.7328,gntusdt
2247,2019-09-09 21:51:27,0.5318,mcoeth
2241,2019-09-09 21:51:29,66702.0524,btcusdt
2237,2019-09-09 21:51:31,3143.4753,etcusdt
2243,2019-09-09 21:51:33,11.8627,aeeth
2240,2019-09-09 21:51:35,2568.8301,omgusdt
2233,2019-09-09 21:51:39,57.0528,wtceth
2235,2019-09-09 21:51:43,1043.3552,ltcbtc
2242,2019-09-09 21:51:45,957.2349,ethbtc
2242,2019-09-09 21:51:47,4129.9885,ltcusdt
2223,2019-09-09 21:51:50,14587.3281,ethusdt
2233,2019-09-09 21:51:52,180.0215,zrxusdt
2238,2019-09-09 21:51:59,2665.8385,etcusdt
2248,2019-09-09 21:51:59,0.7521,mcoeth
2241,2019-09-09 21:52:02,1702.8797,omgusdt
2242,2019-09-09 21:52:05,14263.921,btcusdt
2244,2019-09-09 21:52:09,4.2515,aeeth
2222,2019-09-09 21:52:10,20.5485,gntusdt
2236,2019-09-09 21:52:13,1517.182,ltcbtc
2224,2019-09-09 21:52:20,359.3649,ethusdt
2234,2019-09-09 21:52:21,28.1509,wtceth
2243,2019-09-09 21:52:23,5008.9348,ltcusdt
2234,2019-09-09 21:52:24,131.5228,zrxusdt
2249,2019-09-09 21:52:24,0.0411,mcoeth
2243,2019-09-09 21:52:26,8628.3496,ethbtc
2239,2019-09-09 21:52:27,2606.7999,etcusdt
2243,2019-09-09 21:52:39,46634.9565,btcusdt
2242,2019-09-09 21:52:41,2182.1234,omgusdt
2223,2019-09-09 21:52:47,22.7838,gntusdt
2245,2019-09-09 21:52:49,2.1767,aeeth
2235,2019-09-09 21:52:52,20.4558,wtceth
2225,2019-09-09 21:52:57,6099.071,ethusdt
2237,2019-09-09 21:52:58,2027.9407,ltcbtc
2240,2019-09-09 21:52:58,429.511,etcusdt
2244,2019-09-09 21:53:01,7934.098,ethbtc
2250,2019-09-09 21:53:02,0.8368,mcoeth
2244,2019-09-09 21:53:05,6453.4264,ltcusdt
2235,2019-09-09 21:53:06,155.7342,zrxusdt
2244,2019-09-09 21:53:10,16552.9495,btcusdt
2243,2019-09-09 21:53:12,3552.4404,omgusdt
2236,2019-09-09 21:53:18,50.8944,wtceth
2224,2019-09-09 21:53:25,21.054,gntusdt
2241,2019-09-09 21:53:25,487.315,etcusdt
2238,2019-09-09 21:53:27,2135.8198,ltcbtc
2246,2019-09-09 21:53:27,6.8037,aeeth
2245,2019-09-09 21:53:30,5304.8232,ethbtc
2226,2019-09-09 21:53:32,6943.9329,ethusdt
2244,2019-09-09 21:53:37,2308.4149,omgusdt
2251,2019-09-09 21:53:38,0.2061,mcoeth
2245,2019-09-09 21:53:38,4828.89,ltcusdt
2236,2019-09-09 21:53:38,157.6939,zrxusdt
2245,2019-09-09 21:53:43,22350.5576,btcusdt
2237,2019-09-09 21:53:51,46.0031,wtceth
2225,2019-09-09 21:53:57,19.4217,gntusdt
2239,2019-09-09 21:53:58,5486.3981,ltcbtc
2242,2019-09-09 21:54:01,2037.1069,etcusdt
2252,2019-09-09 21:54:03,0.4464,mcoeth
2237,2019-09-09 21:54:04,78.8476,zrxusdt
2245,2019-09-09 21:54:08,189.2312,omgusdt
2247,2019-09-09 21:54:09,10.7248,aeeth
2227,2019-09-09 21:54:12,1383.1475,ethusdt
2246,2019-09-09 21:54:13,10330.4617,ethbtc
2246,2019-09-09 21:54:14,1501.4241,ltcusdt
2246,2019-09-09 21:54:21,44836.8908,btcusdt
2240,2019-09-09 21:54:26,2500.8105,ltcbtc
2238,2019-09-09 21:54:35,174.783,zrxusdt
2246,2019-09-09 21:54:35,2201.4416,omgusdt
2238,2019-09-09 21:54:36,27.7637,wtceth
2226,2019-09-09 21:54:40,18.1516,gntusdt
2247,2019-09-09 21:54:44,14715.4567,ethbtc
2243,2019-09-09 21:54:45,625.2018,etcusdt
2253,2019-09-09 21:54:45,0.792,mcoeth
2247,2019-09-09 21:54:46,34842.3304,btcusdt
2247,2019-09-09 21:54:47,3121.0337,ltcusdt
2248,2019-09-09 21:54:52,7.6644,aeeth
2228,2019-09-09 21:54:56,1521.3032,ethusdt
2241,2019-09-09 21:55:04,6211.6501,ltcbtc
2239,2019-09-09 21:55:06,143.6837,zrxusdt
2239,2019-09-09 21:55:09,63.6308,wtceth
2254,2019-09-09 21:55:11,0.7572,mcoeth
2248,2019-09-09 21:55:11,10627.0376,ethbtc
2244,2019-09-09 21:55:14,3197.836,etcusdt
2227,2019-09-09 21:55:16,13.2046,gntusdt
2247,2019-09-09 21:55:19,2826.6496,omgusdt
2248,2019-09-09 21:55:21,58186.2657,btcusdt
2249,2019-09-09 21:55:22,1.0427,aeeth
2248,2019-09-09 21:55:28,6260.3405,ltcusdt
2229,2019-09-09 21:55:39,13133.5798,ethusdt
2242,2019-09-09 21:55:41,4806.4207,ltcbtc
2255,2019-09-09 21:55:43,0.7284,mcoeth
2240,2019-09-09 21:55:48,113.1666,zrxusdt
2248,2019-09-09 21:55:49,1122.6067,omgusdt
2249,2019-09-09 21:55:51,14646.5235,ethbtc
2240,2019-09-09 21:55:54,50.7811,wtceth
2245,2019-09-09 21:55:56,216.6625,etcusdt
2249,2019-09-09 21:55:57,23468.6603,btcusdt
2228,2019-09-09 21:55:59,22.292,gntusdt
2250,2019-09-09 21:56:02,2.808,aeeth
2249,2019-09-09 21:56:10,7283.5373,ltcusdt
2230,2019-09-09 21:56:13,11107.9046,ethusdt
2241,2019-09-09 21:56:21,0.137,wtceth
2243,2019-09-09 21:56:24,311.1709,ltcbtc
2256,2019-09-09 21:56:24,0.8379,mcoeth
2241,2019-09-09 21:56:24,139.1244,zrxusdt
2229,2019-09-09 21:56:25,12.1752,gntusdt
2250,2019-09-09 21:56:29,42635.7223,btcusdt
2249,2019-09-09 21:56:31,2889.2902,omgusdt
2246,2019-09-09 21:56:33,32.6836,etcusdt
2250,2019-09-09 21:56:34,12617.5595,ethbtc
2250,2019-09-09 21:56:39,5017.4459,ltcusdt
2242,2019-09-09 21:56:46,65.1966,wtceth
2251,2019-09-09 21:56:46,15.0713,aeeth
2242,2019-09-09 21:56:52,152.4904,zrxusdt
2230,2019-09-09 21:56:57,11.504,gntusdt
2231,2019-09-09 21:56:57,12950.061,ethusdt
2251,2019-09-09 21:57:01,4067.5097,ethbtc
2251,2019-09-09 21:57:04,11747.6729,btcusdt
2257,2019-09-09 21:57:05,0.7467,mcoeth
2244,2019-09-09 21:57:08,2779.9783,ltcbtc
2247,2019-09-09 21:57:11,990.6994,etcusdt
2251,2019-09-09 21:57:12,78.5866,ltcusdt
2250,2019-09-09 21:57:16,4785.3878,omgusdt
2231,2019-09-09 21:57:23,9.5016,gntusdt
2243,2019-09-09 21:57:30,51.0169,wtceth
2243,2019-09-09 21:57:31,91.0965,zrxusdt
2252,2019-09-09 21:57:31,2.7274,aeeth
2252,2019-09-09 21:57:37,6988.8468,ethbtc
2232,2019-09-09 21:57:37,4190.7369,ethusdt
2252,2019-09-09 21:57:41,32346.0961,btcusdt
2245,2019-09-09 21:57:41,1578.6669,ltcbtc
2248,2019-09-09 21:57:42,1881.1452,etcusdt
2258,2019-09-09 21:57:45,0.0044,mcoeth
2251,2019-09-09 21:57:51,3827.0027,omgusdt
2252,2019-09-09 21:57:54,4933.1384,ltcusdt
2232,2019-09-09 21:58:05,8.3356,gntusdt
2246,2019-09-09 21:58:08,1258.8678,ltcbtc
2244,2019-09-09 21:58:08,34.9107,wtceth
2244,2019-09-09 21:58:08,47.182,zrxusdt
2233,2019-09-09 21:58:11,4326.2931,ethusdt
2253,2019-09-09 21:58:14,2.8191,aeeth
2253,2019-09-09 21:58:15,14283.0959,btcusdt
2249,2019-09-09 21:58:16,3729.7072,etcusdt
2252,2019-09-09 21:58:18,3453.2949,omgusdt
2253,2019-09-09 21:58:20,3264.7063,ltcusdt
2253,2019-09-09 21:58:22,7126.425,ethbtc
2259,2019-09-09 21:58:28,0.8723,mcoeth
2247,2019-09-09 21:58:36,3688.3672,ltcbtc
2254,2019-09-09 21:58:45,7.0826,aeeth
2250,2019-09-09 21:58:46,349.0378,etcusdt
2234,2019-09-09 21:58:46,4238.0252,ethusdt
2245,2019-09-09 21:58:47,0.3192,zrxusdt
2253,2019-09-09 21:58:49,1424.5523,omgusdt
2233,2019-09-09 21:58:49,5.9696,gntusdt
2254,2019-09-09 21:58:50,11431.9896,ethbtc
2245,2019-09-09 21:58:50,41.8472,wtceth
2254,2019-09-09 21:58:52,14087.8449,btcusdt
2254,2019-09-09 21:58:59,1944.078,ltcusdt
2248,2019-09-09 21:59:02,3587.271,ltcbtc
2260,2019-09-09 21:59:13,0.5857,mcoeth
2255,2019-09-09 21:59:17,20873.929,btcusdt
2246,2019-09-09 21:59:21,63.8272,zrxusdt
2255,2019-09-09 21:59:21,9.3382,aeeth
2251,2019-09-09 21:59:21,2458.7447,etcusdt
2255,2019-09-09 21:59:26,2326.678,ltcusdt
2235,2019-09-09 21:59:28,13118.2683,ethusdt
2254,2019-09-09 21:59:28,2081.2863,omgusdt
2246,2019-09-09 21:59:29,42.7917,wtceth
2255,2019-09-09 21:59:31,9862.0322,ethbtc
2234,2019-09-09 21:59:31,18.1268,gntusdt
2261,2019-09-09 21:59:38,0.927,mcoeth
2256,2019-09-09 21:59:43,59281.0428,btcusdt
2249,2019-09-09 21:59:45,493.8056,ltcbtc
2252,2019-09-09 21:59:47,2587.7819,etcusdt
2256,2019-09-09 21:59:49,15.3375,aeeth
2247,2019-09-09 21:59:54,109.4908,zrxusdt
2255,2019-09-09 21:59:58,987.3599,omgusdt
2256,2019-09-09 21:59:58,12121.4691,ethbtc
2248,2019-09-09 22:00:26,112.4921,zrxusdt
2257,2019-09-09 22:00:28,55088.3553,btcusdt
2257,2019-09-09 22:00:28,3481.6799,ethbtc
2235,2019-09-09 22:00:29,1.6329,gntusdt
2256,2019-09-09 22:00:30,4111.8891,ltcusdt
2250,2019-09-09 22:00:36,250.7304,ltcbtc
2247,2019-09-09 22:00:40,0.9508,wtceth
2253,2019-09-09 22:00:40,3007.2606,etcusdt
2257,2019-09-09 22:00:41,4.1921,aeeth
2262,2019-09-09 22:00:41,1.1218,mcoeth
2256,2019-09-09 22:00:41,552.2756,omgusdt
2236,2019-09-09 22:00:44,8548.4433,ethusdt
2258,2019-09-09 22:00:57,58425.7582,btcusdt
2236,2019-09-09 22:01:00,12.1958,gntusdt
2249,2019-09-09 22:01:07,128.7485,zrxusdt
2248,2019-09-09 22:01:09,53.5742,wtceth
2251,2019-09-09 22:01:12,2871.4596,ltcbtc
2254,2019-09-09 22:01:12,2229.2403,etcusdt
2258,2019-09-09 22:01:12,10948.6332,ethbtc
2258,2019-09-09 22:01:12,4.159,aeeth
2257,2019-09-09 22:01:13,3457.4213,ltcusdt
2237,2019-09-09 22:01:13,1457.9199,ethusdt
2257,2019-09-09 22:01:20,3068.8795,omgusdt
2263,2019-09-09 22:01:25,0.6436,mcoeth
2237,2019-09-09 22:01:27,23.3384,gntusdt
2259,2019-09-09 22:01:41,51684.0312,btcusdt
2252,2019-09-09 22:01:42,3484.7258,ltcbtc
2250,2019-09-09 22:01:45,63.7768,zrxusdt
2255,2019-09-09 22:01:45,3243.3761,etcusdt
2238,2019-09-09 22:01:48,4956.0033,ethusdt
2258,2019-09-09 22:01:49,1183.0775,omgusdt
2258,2019-09-09 22:01:51,3725.7961,ltcusdt
2259,2019-09-09 22:01:51,8543.7815,ethbtc
2259,2019-09-09 22:01:52,6.6348,aeeth
2249,2019-09-09 22:01:53,50.3029,wtceth
2264,2019-09-09 22:01:55,0.6892,mcoeth
2238,2019-09-09 22:02:06,28.4073,gntusdt
2260,2019-09-09 22:02:13,33058.7181,btcusdt
2251,2019-09-09 22:02:17,199.486,zrxusdt
2260,2019-09-09 22:02:17,5.5203,aeeth
2259,2019-09-09 22:02:20,264.9567,ltcusdt
2259,2019-09-09 22:02:20,2540.9922,omgusdt
2260,2019-09-09 22:02:22,3754.0053,ethbtc
2253,2019-09-09 22:02:23,4035.5513,ltcbtc
2239,2019-09-09 22:02:25,16307.2915,ethusdt
2256,2019-09-09 22:02:29,1975.3827,etcusdt
2250,2019-09-09 22:02:33,10.4297,wtceth
2239,2019-09-09 22:02:34,18.7568,gntusdt
2265,2019-09-09 22:02:39,0.5798,mcoeth
2261,2019-09-09 22:02:45,31724.3497,btcusdt
2261,2019-09-09 22:02:52,2254.1173,ethbtc
2261,2019-09-09 22:02:52,12.2964,aeeth
2260,2019-09-09 22:02:53,1009.8657,omgusdt
2254,2019-09-09 22:03:02,981.3222,ltcbtc
2252,2019-09-09 22:03:02,168.5508,zrxusdt
2260,2019-09-09 22:03:03,4032.3812,ltcusdt
2266,2019-09-09 22:03:04,0.5547,mcoeth
2240,2019-09-09 22:03:06,328.1294,ethusdt
2257,2019-09-09 22:03:10,2850.1262,etcusdt
2251,2019-09-09 22:03:16,4.9503,wtceth
2262,2019-09-09 22:03:17,54065.8279,btcusdt
2240,2019-09-09 22:03:17,10.2439,gntusdt
2261,2019-09-09 22:03:21,2172.473,omgusdt
2262,2019-09-09 22:03:22,387.8602,ethbtc
2241,2019-09-09 22:03:31,11919.2308,ethusdt
2255,2019-09-09 22:03:33,2224.3255,ltcbtc
2262,2019-09-09 22:03:34,8.2424,aeeth
2267,2019-09-09 22:03:34,0.2008,mcoeth
2252,2019-09-09 22:03:41,44.3015,wtceth
2263,2019-09-09 22:03:44,49889.0559,btcusdt
2261,2019-09-09 22:03:47,4121.7861,ltcusdt
2253,2019-09-09 22:03:47,120.7362,zrxusdt
2262,2019-09-09 22:03:49,2415.8743,omgusdt
2258,2019-09-09 22:03:50,1966.2236,etcusdt
2241,2019-09-09 22:04:00,1.9783,gntusdt
2256,2019-09-09 22:04:01,2673.9388,ltcbtc
2242,2019-09-09 22:04:04,1707.0749,ethusdt
2263,2019-09-09 22:04:07,2767.1567,ethbtc
2263,2019-09-09 22:04:11,12.2485,aeeth
2264,2019-09-09 22:04:16,31951.8606,btcusdt
2268,2019-09-09 22:04:17,0.017,mcoeth
2254,2019-09-09 22:04:23,46.3141,zrxusdt
2253,2019-09-09 22:04:24,69.5219,wtceth
2263,2019-09-09 22:04:28,2974.2575,omgusdt
2262,2019-09-09 22:04:32,5287.1504,ltcusdt
2259,2019-09-09 22:04:33,3770.9583,etcusdt
2264,2019-09-09 22:04:37,11.9508,aeeth
2242,2019-09-09 22:04:41,17.6921,gntusdt
2243,2019-09-09 22:04:43,16059.2656,ethusdt
2269,2019-09-09 22:04:44,0.4343,mcoeth
2257,2019-09-09 22:04:45,1913.1278,ltcbtc
2264,2019-09-09 22:04:46,12921.3782,ethbtc
2255,2019-09-09 22:04:57,43.8253,zrxusdt
2265,2019-09-09 22:04:59,851.949,btcusdt
2260,2019-09-09 22:05:05,3068.9994,etcusdt
2264,2019-09-09 22:05:07,129.2982,omgusdt
2254,2019-09-09 22:05:09,45.4428,wtceth
2263,2019-09-09 22:05:12,5875.3254,ltcusdt
2244,2019-09-09 22:05:12,18392.6378,ethusdt
2258,2019-09-09 22:05:14,351.59,ltcbtc
2265,2019-09-09 22:05:17,8.3672,aeeth
2243,2019-09-09 22:05:18,9.6075,gntusdt
2265,2019-09-09 22:05:21,11227.619,ethbtc
2270,2019-09-09 22:05:22,0.7597,mcoeth
2256,2019-09-09 22:05:30,26.0658,zrxusdt
2266,2019-09-09 22:05:35,15714.9013,btcusdt
2261,2019-09-09 22:05:39,1737.0837,etcusdt
2265,2019-09-09 22:05:41,2220.681,omgusdt
2245,2019-09-09 22:05:42,15131.3146,ethusdt
2264,2019-09-09 22:05:46,1861.9655,ltcusdt
2266,2019-09-09 22:05:48,5.0076,aeeth
2271,2019-09-09 22:05:51,0.393,mcoeth
2255,2019-09-09 22:05:54,41.221,wtceth
2259,2019-09-09 22:05:56,2814.5114,ltcbtc
2267,2019-09-09 22:06:00,67300.4524,btcusdt
2244,2019-09-09 22:06:02,29.3899,gntusdt
2266,2019-09-09 22:06:06,13014.1548,ethbtc
2266,2019-09-09 22:06:13,2269.0188,omgusdt
2267,2019-09-09 22:06:13,2.0288,aeeth
2257,2019-09-09 22:06:13,120.9294,zrxusdt
2246,2019-09-09 22:06:14,10712.9274,ethusdt
2262,2019-09-09 22:06:20,227.1122,etcusdt
2265,2019-09-09 22:06:26,892.9249,ltcusdt
2272,2019-09-09 22:06:28,0.4347,mcoeth
2268,2019-09-09 22:06:32,24863.7462,btcusdt
2256,2019-09-09 22:06:33,78.1128,wtceth
2260,2019-09-09 22:06:34,3104.8422,ltcbtc
2245,2019-09-09 22:06:41,19.5243,gntusdt
2247,2019-09-09 22:06:44,7476.2126,ethusdt
2267,2019-09-09 22:06:48,1739.2234,ethbtc
2266,2019-09-09 22:06:52,4798.0649,ltcusdt
2268,2019-09-09 22:06:56,7.3843,aeeth
2258,2019-09-09 22:06:57,40.3889,zrxusdt
2267,2019-09-09 22:06:58,2244.7953,omgusdt
2261,2019-09-09 22:07:01,4372.9594,ltcbtc
2263,2019-09-09 22:07:02,2939.3048,etcusdt
2273,2019-09-09 22:07:06,1.0793,mcoeth
2269,2019-09-09 22:07:09,6974.9296,btcusdt
2246,2019-09-09 22:07:09,0.4303,gntusdt
2248,2019-09-09 22:07:10,5376.5784,ethusdt
2257,2019-09-09 22:07:11,49.9444,wtceth
2268,2019-09-09 22:07:24,10668.1288,ethbtc
2268,2019-09-09 22:07:25,1881.6132,omgusdt
2259,2019-09-09 22:07:27,188.7777,zrxusdt
2269,2019-09-09 22:07:29,1.7894,aeeth
2274,2019-09-09 22:07:32,0.5506,mcoeth
2270,2019-09-09 22:07:35,34828.8822,btcusdt
2267,2019-09-09 22:07:36,1985.8618,ltcusdt
2264,2019-09-09 22:07:39,3183.5904,etcusdt
2247,2019-09-09 22:07:39,18.7026,gntusdt
2249,2019-09-09 22:07:41,4993.4608,ethusdt
2262,2019-09-09 22:07:44,324.5573,ltcbtc
2258,2019-09-09 22:07:49,58.9293,wtceth
2260,2019-09-09 22:07:55,171.8077,zrxusdt
2269,2019-09-09 22:07:57,2105.0508,omgusdt
2269,2019-09-09 22:07:58,2931.2785,ethbtc
2275,2019-09-09 22:08:03,0.4048,mcoeth
2268,2019-09-09 22:08:12,1125.7657,ltcusdt
2270,2019-09-09 22:08:13,9.1285,aeeth
2265,2019-09-09 22:08:15,316.3285,etcusdt
2271,2019-09-09 22:08:15,26765.7152,btcusdt
2248,2019-09-09 22:08:15,24.4705,gntusdt
2263,2019-09-09 22:08:15,3400.8261,ltcbtc
2261,2019-09-09 22:08:20,13.7701,zrxusdt
2259,2019-09-09 22:08:20,80.0609,wtceth
2250,2019-09-09 22:08:21,6621.0654,ethusdt
2270,2019-09-09 22:08:33,16049.0474,ethbtc
2270,2019-09-09 22:08:36,2127.1232,omgusdt
2276,2019-09-09 22:08:39,0.0449,mcoeth
2262,2019-09-09 22:08:45,40.2895,zrxusdt
2269,2019-09-09 22:08:46,83.7155,ltcusdt
2251,2019-09-09 22:08:48,7468.4485,ethusdt
2264,2019-09-09 22:08:49,2436.8681,ltcbtc
2271,2019-09-09 22:08:52,2.6092,aeeth
2249,2019-09-09 22:08:53,2.7204,gntusdt
2266,2019-09-09 22:08:53,2228.0423,etcusdt
2260,2019-09-09 22:08:54,45.6058,wtceth
2272,2019-09-09 22:08:56,16852.3714,btcusdt
2271,2019-09-09 22:08:58,4771.5444,ethbtc
2277,2019-09-09 22:09:05,0.4095,mcoeth
2263,2019-09-09 22:09:13,43.833,zrxusdt
2271,2019-09-09 22:09:13,340.1509,omgusdt
2252,2019-09-09 22:09:17,2211.3268,ethusdt
2270,2019-09-09 22:09:18,4910.3794,ltcusdt
2267,2019-09-09 22:09:25,3750.5729,etcusdt
2265,2019-09-09 22:09:25,3544.3486,ltcbtc
2261,2019-09-09 22:09:34,16.4037,wtceth
2250,2019-09-09 22:09:35,2.4972,gntusdt
2272,2019-09-09 22:09:36,4.6217,aeeth
2272,2019-09-09 22:09:36,7879.6207,ethbtc
2273,2019-09-09 22:09:41,64330.1887,btcusdt
2278,2019-09-09 22:09:42,0.0821,mcoeth
2264,2019-09-09 22:09:45,64.3001,zrxusdt
2271,2019-09-09 22:09:54,5957.6215,ltcusdt
2253,2019-09-09 22:09:54,10499.5736,ethusdt
2272,2019-09-09 22:09:54,3190.8049,omgusdt
2268,2019-09-09 22:10:02,2751.0751,etcusdt
2266,2019-09-09 22:10:04,3156.8633,ltcbtc
2251,2019-09-09 22:10:07,24.6102,gntusdt
2262,2019-09-09 22:10:08,78.1014,wtceth
2274,2019-09-09 22:10:11,55074.3971,btcusdt
2265,2019-09-09 22:10:13,78.7865,zrxusdt
2273,2019-09-09 22:10:18,12.3669,aeeth
2273,2019-09-09 22:10:19,8049.5009,ethbtc
2279,2019-09-09 22:10:25,0.9375,mcoeth
2254,2019-09-09 22:10:26,18807.1746,ethusdt
2272,2019-09-09 22:10:31,863.3816,ltcusdt
2263,2019-09-09 22:10:38,61.5494,wtceth
2273,2019-09-09 22:10:38,219.0921,omgusdt
2275,2019-09-09 22:10:39,56959.2723,btcusdt
2269,2019-09-09 22:10:39,499.4825,etcusdt
2267,2019-09-09 22:10:40,3643.7251,ltcbtc
2266,2019-09-09 22:10:40,113.3832,zrxusdt
2252,2019-09-09 22:10:41,1.4797,gntusdt
2274,2019-09-09 22:10:48,10.154,aeeth
2274,2019-09-09 22:10:52,4707.1108,ethbtc
2273,2019-09-09 22:10:56,4138.4501,ltcusdt
2255,2019-09-09 22:11:00,7566.337,ethusdt
2276,2019-09-09 22:11:04,1389.3048,btcusdt
2267,2019-09-09 22:11:06,143.3763,zrxusdt
2280,2019-09-09 22:11:07,0.3187,mcoeth
2268,2019-09-09 22:11:09,4453.9041,ltcbtc
2274,2019-09-09 22:11:09,344.0226,omgusdt
2253,2019-09-09 22:11:10,26.6332,gntusdt
2270,2019-09-09 22:11:12,3085.894,etcusdt
2275,2019-09-09 22:11:16,12.0346,aeeth
2264,2019-09-09 22:11:17,46.4538,wtceth
2275,2019-09-09 22:11:21,12216.6829,ethbtc
2256,2019-09-09 22:11:27,6370.5968,ethusdt
2274,2019-09-09 22:11:28,5287.935,ltcusdt
2277,2019-09-09 22:11:36,73940.8353,btcusdt
2269,2019-09-09 22:11:38,947.4465,ltcbtc
2268,2019-09-09 22:11:44,25.7878,zrxusdt
2281,2019-09-09 22:11:46,0.0841,mcoeth
2275,2019-09-09 22:11:47,201.4988,omgusdt
2276,2019-09-09 22:11:49,1958.0117,ethbtc
2271,2019-09-09 22:11:52,1552.8197,etcusdt
2276,2019-09-09 22:11:53,7.3487,aeeth
2254,2019-09-09 22:11:54,26.8705,gntusdt
2265,2019-09-09 22:11:57,82.3056,wtceth
2275,2019-09-09 22:12:00,3810.2069,ltcusdt
2257,2019-09-09 22:12:00,18759.5004,ethusdt
2270,2019-09-09 22:12:09,2250.2065,ltcbtc
2278,2019-09-09 22:12:09,76744.1113,btcusdt
2269,2019-09-09 22:12:14,14.8137,zrxusdt
2277,2019-09-09 22:12:19,5.1246,aeeth
2272,2019-09-09 22:12:22,3698.0601,etcusdt
2255,2019-09-09 22:12:23,21.5809,gntusdt
2276,2019-09-09 22:12:26,3298.1759,omgusdt
2277,2019-09-09 22:12:27,9330.8882,ethbtc
2276,2019-09-09 22:12:27,370.4605,ltcusdt
2258,2019-09-09 22:12:27,17539.9849,ethusdt
2282,2019-09-09 22:12:29,0.5697,mcoeth
2266,2019-09-09 22:12:31,40.3193,wtceth
2270,2019-09-09 22:12:40,201.3876,zrxusdt
2278,2019-09-09 22:12:47,0.212,aeeth
2279,2019-09-09 22:12:48,71003.0525,btcusdt
2271,2019-09-09 22:12:49,4429.9567,ltcbtc
2283,2019-09-09 22:12:56,0.4074,mcoeth
2267,2019-09-09 22:13:01,39.9444,wtceth
2256,2019-09-09 22:13:02,30.9,gntusdt
2277,2019-09-09 22:13:02,2758.313,omgusdt
2278,2019-09-09 22:13:03,11841.5488,ethbtc
2259,2019-09-09 22:13:06,5630.9054,ethusdt
2273,2019-09-09 22:13:07,2494.0891,etcusdt
2277,2019-09-09 22:13:08,2078.9003,ltcusdt
2271,2019-09-09 22:13:15,182.4227,zrxusdt
2279,2019-09-09 22:13:17,4.0575,aeeth
2280,2019-09-09 22:13:19,27070.3712,btcusdt
2272,2019-09-09 22:13:19,3576.8703,ltcbtc
2260,2019-09-09 22:13:32,7877.2158,ethusdt
2278,2019-09-09 22:13:32,961.7371,omgusdt
2279,2019-09-09 22:13:33,6730.635,ethbtc
2284,2019-09-09 22:13:34,0.2536,mcoeth
2274,2019-09-09 22:13:41,1310.6034,etcusdt
2268,2019-09-09 22:13:46,44.0505,wtceth
2257,2019-09-09 22:13:46,5.0739,gntusdt
2280,2019-09-09 22:13:48,6.1538,aeeth
2278,2019-09-09 22:13:48,1592.3028,ltcusdt
2272,2019-09-09 22:13:49,172.1918,zrxusdt
2273,2019-09-09 22:13:49,1236.303,ltcbtc
2281,2019-09-09 22:13:53,74567.63,btcusdt
2261,2019-09-09 22:14:01,17854.5876,ethusdt
2275,2019-09-09 22:14:11,1128.7624,etcusdt
2258,2019-09-09 22:14:15,14.6256,gntusdt
2280,2019-09-09 22:14:16,13387.8132,ethbtc
2279,2019-09-09 22:14:16,2933.1426,omgusdt
2285,2019-09-09 22:14:17,0.6459,mcoeth
2269,2019-09-09 22:14:24,38.3361,wtceth
2273,2019-09-09 22:14:24,24.4998,zrxusdt
2281,2019-09-09 22:14:25,10.6904,aeeth
2279,2019-09-09 22:14:27,2927.1186,ltcusdt
2274,2019-09-09 22:14:28,1731.7409,ltcbtc
2282,2019-09-09 22:14:36,40987.8281,btcusdt
2262,2019-09-09 22:14:40,16906.8986,ethusdt
2259,2019-09-09 22:14:45,15.3741,gntusdt
2270,2019-09-09 22:14:50,7.9298,wtceth
2282,2019-09-09 22:14:54,6.4508,aeeth
2276,2019-09-09 22:14:55,2973.0002,etcusdt
2286,2019-09-09 22:14:56,0.3836,mcoeth
2274,2019-09-09 22:14:57,102.422,zrxusdt
2281,2019-09-09 22:14:59,6823.5697,ethbtc
2280,2019-09-09 22:15:00,1024.7711,omgusdt
2283,2019-09-09 22:15:05,61995.9138,btcusdt
2275,2019-09-09 22:15:05,1743.5132,ltcbtc
2280,2019-09-09 22:15:09,6146.9124,ltcusdt
2260,2019-09-09 22:15:22,24.1812,gntusdt
2275,2019-09-09 22:15:22,171.5358,zrxusdt
2271,2019-09-09 22:15:24,52.4851,wtceth
2263,2019-09-09 22:15:25,9251.2886,ethusdt
2277,2019-09-09 22:15:27,891.5349,etcusdt
2283,2019-09-09 22:15:31,10.1336,aeeth
2276,2019-09-09 22:15:32,4178.4542,ltcbtc
2282,2019-09-09 22:15:32,10362.441,ethbtc
2281,2019-09-09 22:15:34,2453.7586,omgusdt
2287,2019-09-09 22:15:40,1.2817,mcoeth
2284,2019-09-09 22:15:48,69289.3483,btcusdt
2281,2019-09-09 22:15:51,4135.4978,ltcusdt
2276,2019-09-09 22:15:56,82.1395,zrxusdt
2272,2019-09-09 22:15:57,84.1088,wtceth
2264,2019-09-09 22:15:59,14982.1525,ethusdt
2284,2019-09-09 22:16:06,4.8318,aeeth
2283,2019-09-09 22:16:06,3085.7355,ethbtc
2261,2019-09-09 22:16:07,16.2412,gntusdt
2278,2019-09-09 22:16:10,2793.7,etcusdt
2277,2019-09-09 22:16:14,3007.8261,ltcbtc
2282,2019-09-09 22:16:14,3428.3533,omgusdt
2288,2019-09-09 22:16:16,1.1012,mcoeth
2285,2019-09-09 22:16:19,4753.3384,btcusdt
2282,2019-09-09 22:16:27,2500.26,ltcusdt
2277,2019-09-09 22:16:30,151.3758,zrxusdt
2273,2019-09-09 22:16:34,74.5494,wtceth
2279,2019-09-09 22:16:37,1031.7751,etcusdt
2262,2019-09-09 22:16:42,30.4935,gntusdt
2284,2019-09-09 22:16:43,15444.6308,ethbtc
2265,2019-09-09 22:16:44,5160.6203,ethusdt
2283,2019-09-09 22:16:46,2197.4638,omgusdt
2285,2019-09-09 22:16:47,3.302,aeeth
2286,2019-09-09 22:16:50,785.85,btcusdt
2278,2019-09-09 22:16:51,2097.2127,ltcbtc
2289,2019-09-09 22:16:57,0.2594,mcoeth
2283,2019-09-09 22:17:02,5103.0663,ltcusdt
2280,2019-09-09 22:17:04,2507.8595,etcusdt
2278,2019-09-09 22:17:08,33.7598,zrxusdt
2274,2019-09-09 22:17:13,74.3431,wtceth
2263,2019-09-09 22:17:15,23.9678,gntusdt
2285,2019-09-09 22:17:17,10275.3961,ethbtc
2286,2019-09-09 22:17:18,11.3294,aeeth
2279,2019-09-09 22:17:19,2188.4373,ltcbtc
2266,2019-09-09 22:17:24,12445.5384,ethusdt
2284,2019-09-09 22:17:25,1435.237,omgusdt
2290,2019-09-09 22:17:30,1.2004,mcoeth
2279,2019-09-09 22:17:33,160.4485,zrxusdt
2287,2019-09-09 22:17:34,44467.7287,btcusdt
2284,2019-09-09 22:17:36,1656.8942,ltcusdt
2264,2019-09-09 22:17:45,17.5779,gntusdt
2286,2019-09-09 22:17:47,5090.1066,ethbtc
2281,2019-09-09 22:17:48,919.8805,etcusdt
2275,2019-09-09 22:17:50,30.0104,wtceth
2287,2019-09-09 22:17:51,1.3011,aeeth
2280,2019-09-09 22:17:53,502.4472,ltcbtc
2291,2019-09-09 22:17:57,0.0199,mcoeth
2267,2019-09-09 22:17:57,5354.8946,ethusdt
2285,2019-09-09 22:18:00,1134.7137,omgusdt
2285,2019-09-09 22:18:06,5790.9145,ltcusdt
2280,2019-09-09 22:18:11,47.669,zrxusdt
2265,2019-09-09 22:18:12,29.5289,gntusdt
2288,2019-09-09 22:18:18,43181.9769,btcusdt
2287,2019-09-09 22:18:19,3729.7155,ethbtc
2288,2019-09-09 22:18:19,2.4142,aeeth
2281,2019-09-09 22:18:22,3371.3333,ltcbtc
2282,2019-09-09 22:18:24,2171.0831,etcusdt
2276,2019-09-09 22:18:34,40.1525,wtceth
2268,2019-09-09 22:18:35,2220.0987,ethusdt
2281,2019-09-09 22:18:37,87.3396,zrxusdt
2292,2019-09-09 22:18:39,0.0553,mcoeth
2286,2019-09-09 22:18:42,848.1077,omgusdt
2266,2019-09-09 22:18:43,2.8511,gntusdt
2286,2019-09-09 22:18:50,1581.6903,ltcusdt
2288,2019-09-09 22:18:52,6828.2688,ethbtc
2282,2019-09-09 22:18:56,1226.1447,ltcbtc
2289,2019-09-09 22:18:56,45426.7273,btcusdt
2289,2019-09-09 22:19:01,8.112,aeeth
2282,2019-09-09 22:19:04,111.3049,zrxusdt
2277,2019-09-09 22:19:07,11.0017,wtceth
2283,2019-09-09 22:19:09,1938.4771,etcusdt
2269,2019-09-09 22:19:17,7409.1875,ethusdt
2287,2019-09-09 22:19:18,347.8877,omgusdt
2283,2019-09-09 22:19:21,4123.3463,ltcbtc
2287,2019-09-09 22:19:21,6038.787,ltcusdt
2293,2019-09-09 22:19:23,1.1295,mcoeth
2289,2019-09-09 22:19:24,8849.74,ethbtc
2267,2019-09-09 22:19:27,5.4942,gntusdt
2290,2019-09-09 22:19:36,11.2262,aeeth
2284,2019-09-09 22:19:36,1627.4578,etcusdt
2290,2019-09-09 22:19:39,18098.3012,btcusdt
2278,2019-09-09 22:19:42,9.3149,wtceth
2283,2019-09-09 22:19:49,76.2657,zrxusdt
2288,2019-09-09 22:19:49,3221.2478,omgusdt
2294,2019-09-09 22:19:51,1.0789,mcoeth
2284,2019-09-09 22:19:51,3005.7247,ltcbtc
2270,2019-09-09 22:19:57,532.1302,ethusdt
2290,2019-09-09 22:20:00,3054.9224,ethbtc
2288,2019-09-09 22:20:01,3043.6496,ltcusdt
2268,2019-09-09 22:20:01,26.6016,gntusdt
2291,2019-09-09 22:20:13,11.0029,aeeth
2291,2019-09-09 22:20:14,59542.5712,btcusdt
2279,2019-09-09 22:20:17,10.1368,wtceth
2295,2019-09-09 22:20:18,0.9093,mcoeth
2285,2019-09-09 22:20:20,1319.0798,etcusdt
2284,2019-09-09 22:20:23,145.1767,zrxusdt
2285,2019-09-09 22:20:31,1117.0113,ltcbtc
2289,2019-09-09 22:20:31,1323.1983,ltcusdt
2289,2019-09-09 22:20:33,270.9658,omgusdt
2271,2019-09-09 22:20:35,18875.6182,ethusdt
2269,2019-09-09 22:20:37,8.2973,gntusdt
2291,2019-09-09 22:20:44,14189.0958,ethbtc
2296,2019-09-09 22:20:52,1.2258,mcoeth
2292,2019-09-09 22:20:53,10.4081,aeeth
2280,2019-09-09 22:20:56,74.104,wtceth
2292,2019-09-09 22:20:59,24865.365,btcusdt
2290,2019-09-09 22:21:00,4640.2436,ltcusdt
2286,2019-09-09 22:21:01,1117.7769,ltcbtc
2286,2019-09-09 22:21:01,2576.1356,etcusdt
2285,2019-09-09 22:21:02,25.3331,zrxusdt
2290,2019-09-09 22:21:05,1679.6015,omgusdt
2272,2019-09-09 22:21:11,8499.9105,ethusdt
2292,2019-09-09 22:21:13,16627.2613,ethbtc
2270,2019-09-09 22:21:14,23.0618,gntusdt
2293,2019-09-09 22:21:25,70770.9844,btcusdt
2297,2019-09-09 22:21:26,0.7544,mcoeth
2281,2019-09-09 22:21:27,44.458,wtceth
2293,2019-09-09 22:21:33,6.4278,aeeth
2287,2019-09-09 22:21:35,4265.3049,ltcbtc
2291,2019-09-09 22:21:36,3157.8435,ltcusdt
2287,2019-09-09 22:21:36,3180.9256,etcusdt
2286,2019-09-09 22:21:39,127.3342,zrxusdt
2291,2019-09-09 22:21:46,2272.6029,omgusdt
2293,2019-09-09 22:21:52,468.5246,ethbtc
2282,2019-09-09 22:21:54,29.5687,wtceth
2273,2019-09-09 22:21:54,11210.8352,ethusdt
2271,2019-09-09 22:21:58,23.4393,gntusdt
2294,2019-09-09 22:22:01,35367.8245,btcusdt
2288,2019-09-09 22:22:02,2007.5257,etcusdt
2292,2019-09-09 22:22:04,3589.235,ltcusdt
2298,2019-09-09 22:22:05,0.7057,mcoeth
2288,2019-09-09 22:22:08,1362.9568,ltcbtc
2294,2019-09-09 22:22:10,4.5418,aeeth
2287,2019-09-09 22:22:17,82.0432,zrxusdt
2292,2019-09-09 22:22:30,3215.9198,omgusdt
2274,2019-09-09 22:22:31,13180.7354,ethusdt
2295,2019-09-09 22:22:32,42048.5152,btcusdt
2293,2019-09-09 22:22:33,265.8086,ltcusdt
2272,2019-09-09 22:22:33,13.6865,gntusdt
2294,2019-09-09 22:22:35,14959.9746,ethbtc
2289,2019-09-09 22:22:36,950.8329,ltcbtc
2283,2019-09-09 22:22:36,50.5559,wtceth
2299,2019-09-09 22:22:39,0.7,mcoeth
2289,2019-09-09 22:22:45,1059.1255,etcusdt
2295,2019-09-09 22:22:51,3.3756,aeeth
2288,2019-09-09 22:22:53,157.9957,zrxusdt
2294,2019-09-09 22:22:58,2019.891,ltcusdt
2293,2019-09-09 22:22:59,2480.9964,omgusdt
2300,2019-09-09 22:23:05,0.4606,mcoeth
2275,2019-09-09 22:23:06,3954.7536,ethusdt
2296,2019-09-09 22:23:07,10529.3182,btcusdt
2295,2019-09-09 22:23:10,6908.3063,ethbtc
2273,2019-09-09 22:23:16,23.5109,gntusdt
2284,2019-09-09 22:23:19,2.5797,wtceth
2290,2019-09-09 22:23:20,1287.3438,ltcbtc
2296,2019-09-09 22:23:24,5.5724,aeeth
2290,2019-09-09 22:23:27,4030.6668,etcusdt
2295,2019-09-09 22:23:31,3080.7658,ltcusdt
2294,2019-09-09 22:23:32,620.4009,omgusdt
2289,2019-09-09 22:23:35,146.2494,zrxusdt
2276,2019-09-09 22:23:38,13269.3784,ethusdt
2301,2019-09-09 22:23:41,1.0348,mcoeth
2296,2019-09-09 22:23:48,12108.0201,ethbtc
2274,2019-09-09 22:23:49,22.312,gntusdt
2297,2019-09-09 22:23:50,16069.8035,btcusdt
2296,2019-09-09 22:23:57,437.6848,ltcusdt
2291,2019-09-09 22:23:57,782.6811,ltcbtc
2285,2019-09-09 22:24:04,34.0861,wtceth
2297,2019-09-09 22:24:09,10.7449,aeeth
2291,2019-09-09 22:24:11,770.1863,etcusdt
2295,2019-09-09 22:24:12,3026.231,omgusdt
2277,2019-09-09 22:24:15,4003.0746,ethusdt
2290,2019-09-09 22:24:16,186.1218,zrxusdt
2275,2019-09-09 22:24:19,19.0244,gntusdt
2297,2019-09-09 22:24:21,11860.9494,ethbtc
2298,2019-09-09 22:24:22,45129.1286,btcusdt
2302,2019-09-09 22:24:25,0.3566,mcoeth
2292,2019-09-09 22:24:27,1118.6482,ltcbtc
2297,2019-09-09 22:24:27,2315.8528,ltcusdt
2292,2019-09-09 22:24:44,1136.4091,etcusdt
2291,2019-09-09 22:24:45,148.8498,zrxusdt
2298,2019-09-09 22:24:48,14494.4686,ethbtc
2286,2019-09-09 22:24:49,70.0203,wtceth
2298,2019-09-09 22:24:49,5.2338,aeeth
2296,2019-09-09 22:24:51,1049.0134,omgusdt
2278,2019-09-09 22:24:57,12951.6856,ethusdt
2299,2019-09-09 22:25:00,20391.8427,btcusdt
2276,2019-09-09 22:25:04,14.1412,gntusdt
2293,2019-09-09 22:25:05,1270.9825,ltcbtc
2303,2019-09-09 22:25:10,1.0035,mcoeth
2298,2019-09-09 22:25:11,6173.6808,ltcusdt
2299,2019-09-09 22:25:17,1175.3439,ethbtc
2297,2019-09-09 22:25:23,3128.8971,omgusdt
2279,2019-09-09 22:25:23,7609.3475,ethusdt
2293,2019-09-09 22:25:24,1839.3775,etcusdt
2287,2019-09-09 22:25:24,65.5816,wtceth
2292,2019-09-09 22:25:28,161.7209,zrxusdt
2294,2019-09-09 22:25:31,1337.0941,ltcbtc
2299,2019-09-09 22:25:31,10.1718,aeeth
2300,2019-09-09 22:25:31,26681.988,btcusdt
2299,2019-09-09 22:25:41,976.9563,ltcusdt
2277,2019-09-09 22:25:42,16.143,gntusdt
2304,2019-09-09 22:25:48,0.6158,mcoeth
2293,2019-09-09 22:25:56,39.9334,zrxusdt
2301,2019-09-09 22:25:57,35968.1014,btcusdt
2300,2019-09-09 22:25:58,15180.3635,ethbtc
2288,2019-09-09 22:26:00,56.7289,wtceth
2300,2019-09-09 22:26:00,1.2484,aeeth
2298,2019-09-09 22:26:03,1194.6725,omgusdt
2280,2019-09-09 22:26:05,8563.5802,ethusdt
2294,2019-09-09 22:26:07,1249.6069,etcusdt
2295,2019-09-09 22:26:09,3312.0439,ltcbtc
2300,2019-09-09 22:26:13,951.5383,ltcusdt
2305,2019-09-09 22:26:19,0.7462,mcoeth
2278,2019-09-09 22:26:23,10.6304,gntusdt
2289,2019-09-09 22:26:25,38.6846,wtceth
2299,2019-09-09 22:26:35,3723.753,omgusdt
2294,2019-09-09 22:26:36,99.0218,zrxusdt
2302,2019-09-09 22:26:38,12396.8195,btcusdt
2295,2019-09-09 22:26:40,420.2853,etcusdt
2301,2019-09-09 22:26:41,6.5713,aeeth
2301,2019-09-09 22:26:43,12514.6766,ethbtc
2281,2019-09-09 22:26:45,13141.8148,ethusdt
2306,2019-09-09 22:26:47,0.059,mcoeth
2296,2019-09-09 22:26:49,1973.413,ltcbtc
2301,2019-09-09 22:26:55,531.0891,ltcusdt
2290,2019-09-09 22:26:55,31.5791,wtceth
2279,2019-09-09 22:26:56,0.8952,gntusdt
2300,2019-09-09 22:27:00,3651.6634,omgusdt
2295,2019-09-09 22:27:01,113.1315,zrxusdt
2302,2019-09-09 22:27:07,5.7962,aeeth
2303,2019-09-09 22:27:10,9697.6496,btcusdt
2296,2019-09-09 22:27:14,3137.2548,etcusdt
2282,2019-09-09 22:27:20,2258.9683,ethusdt
2280,2019-09-09 22:27:21,25.6556,gntusdt
2302,2019-09-09 22:27:21,12652.3233,ethbtc
2302,2019-09-09 22:27:22,5606.5118,ltcusdt
2297,2019-09-09 22:27:23,1343.1742,ltcbtc
2291,2019-09-09 22:27:24,45.4768,wtceth
2296,2019-09-09 22:27:26,201.4191,zrxusdt
2301,2019-09-09 22:27:27,2915.3641,omgusdt
2307,2019-09-09 22:27:31,0.1116,mcoeth
2303,2019-09-09 22:27:43,10.7658,aeeth
2281,2019-09-09 22:27:50,0.6847,gntusdt
2283,2019-09-09 22:27:52,6241.1731,ethusdt
2304,2019-09-09 22:27:52,15206.844,btcusdt
2292,2019-09-09 22:27:54,14.5985,wtceth
2303,2019-09-09 22:27:54,63.4422,ltcusdt
2297,2019-09-09 22:27:56,925.7126,etcusdt
2303,2019-09-09 22:27:56,382.1173,ethbtc
2298,2019-09-09 22:27:58,3332.4264,ltcbtc
2302,2019-09-09 22:28:00,1650.8262,omgusdt
2297,2019-09-09 22:28:01,180.3198,zrxusdt
2308,2019-09-09 22:28:06,1.1343,mcoeth
2304,2019-09-09 22:28:19,11.016,aeeth
2284,2019-09-09 22:28:20,999.9183,ethusdt
2303,2019-09-09 22:28:26,1182.5379,omgusdt
2282,2019-09-09 22:28:27,17.9079,gntusdt
2305,2019-09-09 22:28:27,12386.7627,btcusdt
2299,2019-09-09 22:28:27,3173.0897,ltcbtc
2304,2019-09-09 22:28:29,491.7675,ethbtc
2293,2019-09-09 22:28:31,27.2382,wtceth
2298,2019-09-09 22:28:32,4033.4752,etcusdt
2304,2019-09-09 22:28:37,1522.396,ltcusdt
2309,2019-09-09 22:28:42,0.1739,mcoeth
2298,2019-09-09 22:28:42,131.1829,zrxusdt
2305,2019-09-09 22:28:52,0.4058,aeeth
2283,2019-09-09 22:28:54,7.6489,gntusdt
2300,2019-09-09 22:28:55,3962.0688,ltcbtc
2304,2019-09-09 22:29:00,1750.8202,omgusdt
2285,2019-09-09 22:29:04,7994.8681,ethusdt
2294,2019-09-09 22:29:08,0.6124,wtceth
2305,2019-09-09 22:29:10,6803.1302,ethbtc
2299,2019-09-09 22:29:10,3308.3255,etcusdt
2306,2019-09-09 22:29:12,31821.6442,btcusdt
2310,2019-09-09 22:29:14,1.0728,mcoeth
2305,2019-09-09 22:29:19,2340.9708,ltcusdt
2299,2019-09-09 22:29:20,110.3777,zrxusdt
2306,2019-09-09 22:29:26,7.1766,aeeth
2284,2019-09-09 22:29:27,15.0527,gntusdt
2301,2019-09-09 22:29:28,3591.3374,ltcbtc
2305,2019-09-09 22:29:40,3367.4612,omgusdt
2307,2019-09-09 22:29:41,68510.6042,btcusdt
2286,2019-09-09 22:29:44,7342.2676,ethusdt
2300,2019-09-09 22:29:45,3193.7237,etcusdt
2295,2019-09-09 22:29:45,16.6771,wtceth
2285,2019-09-09 22:29:54,19.7796,gntusdt
2306,2019-09-09 22:29:55,16170.7664,ethbtc
2300,2019-09-09 22:29:57,92.1566,zrxusdt
2311,2019-09-09 22:29:58,0.9507,mcoeth
2306,2019-09-09 22:29:59,4246.2829,ltcusdt
2302,2019-09-09 22:30:02,2727.195,ltcbtc
2307,2019-09-09 22:30:06,0.3048,aeeth
2301,2019-09-09 22:30:11,1899.8784,etcusdt
2308,2019-09-09 22:30:16,36894.5549,btcusdt
2306,2019-09-09 22:30:18,3736.378,omgusdt
2287,2019-09-09 22:30:24,9127.6725,ethusdt
2312,2019-09-09 22:30:24,0.1702,mcoeth
2296,2019-09-09 22:30:25,49.4831,wtceth
2307,2019-09-09 22:30:28,12396.6561,ethbtc
2308,2019-09-09 22:30:34,5.9068,aeeth
2301,2019-09-09 22:30:37,45.5473,zrxusdt
2286,2019-09-09 22:30:39,5.325,gntusdt
2307,2019-09-09 22:30:40,3057.4122,ltcusdt
2302,2019-09-09 22:30:42,3494.6068,etcusdt
2303,2019-09-09 22:30:43,1785.1536,ltcbtc
2307,2019-09-09 22:30:44,3651.2987,omgusdt
2297,2019-09-09 22:30:50,59.4271,wtceth
2309,2019-09-09 22:30:55,14964.8436,btcusdt
2288,2019-09-09 22:30:56,4832.7597,ethusdt
2308,2019-09-09 22:30:57,5588.4496,ethbtc
2313,2019-09-09 22:30:59,1.1777,mcoeth
2309,2019-09-09 22:31:08,7.8766,aeeth
2287,2019-09-09 22:31:13,13.9501,gntusdt
2302,2019-09-09 22:31:13,76.6152,zrxusdt
2308,2019-09-09 22:31:14,2997.3477,ltcusdt
2308,2019-09-09 22:31:16,1690.4772,omgusdt
2310,2019-09-09 22:31:20,20164.4362,btcusdt
2304,2019-09-09 22:31:25,1137.6734,ltcbtc
2303,2019-09-09 22:31:26,1850.2684,etcusdt
2314,2019-09-09 22:31:27,0.9949,mcoeth
2298,2019-09-09 22:31:27,42.3823,wtceth
2309,2019-09-09 22:31:31,11307.3564,ethbtc
2289,2019-09-09 22:31:36,5496.1554,ethusdt
2303,2019-09-09 22:31:40,193.1101,zrxusdt
2288,2019-09-09 22:31:41,10.5263,gntusdt
2310,2019-09-09 22:31:45,7.6245,aeeth
2309,2019-09-09 22:31:46,122.0209,omgusdt
2311,2019-09-09 22:31:49,27266.2884,btcusdt
2309,2019-09-09 22:31:50,2926.7376,ltcusdt
2315,2019-09-09 22:31:53,0.6689,mcoeth
2299,2019-09-09 22:31:56,65.3505,wtceth
2305,2019-09-09 22:31:57,760.8571,ltcbtc
2304,2019-09-09 22:31:59,3830.2383,etcusdt
2310,2019-09-09 22:32:08,15813.4794,ethbtc
2290,2019-09-09 22:32:11,9974.0838,ethusdt
2311,2019-09-09 22:32:14,7.7912,aeeth
2304,2019-09-09 22:32:15,164.4543,zrxusdt
2316,2019-09-09 22:32:23,0.4549,mcoeth
2289,2019-09-09 22:32:25,5.7536,gntusdt
2310,2019-09-09 22:32:28,6323.3898,ltcusdt
2310,2019-09-09 22:32:29,3317.3944,omgusdt
2300,2019-09-09 22:32:30,10.1013,wtceth
2312,2019-09-09 22:32:31,32617.3016,btcusdt
2306,2019-09-09 22:32:32,3013.84,ltcbtc
2311,2019-09-09 22:32:39,461.4567,ethbtc
2305,2019-09-09 22:32:41,2297.6252,etcusdt
2291,2019-09-09 22:32:44,17588.5708,ethusdt
2305,2019-09-09 22:32:49,34.6628,zrxusdt
2312,2019-09-09 22:32:57,7.4929,aeeth
2301,2019-09-09 22:33:02,33.3057,wtceth
2317,2019-09-09 22:33:03,0.0302,mcoeth
2311,2019-09-09 22:33:03,732.6527,omgusdt
2311,2019-09-09 22:33:07,2394.6207,ltcusdt
2307,2019-09-09 22:33:07,2616.5991,ltcbtc
2292,2019-09-09 22:33:09,4360.6897,ethusdt
2290,2019-09-09 22:33:10,24.6683,gntusdt
2313,2019-09-09 22:33:14,52696.8717,btcusdt
2312,2019-09-09 22:33:17,2260.7257,ethbtc
2306,2019-09-09 22:33:26,200.8523,zrxusdt
2306,2019-09-09 22:33:26,1220.5402,etcusdt
2312,2019-09-09 22:33:32,1748.06,omgusdt
2318,2019-09-09 22:33:32,0.8519,mcoeth
2313,2019-09-09 22:33:34,9.4578,aeeth
2313,2019-09-09 22:33:42,4246.707,ethbtc
2291,2019-09-09 22:33:44,17.6517,gntusdt
2302,2019-09-09 22:33:45,32.6306,wtceth
2314,2019-09-09 22:33:46,59.7648,btcusdt
2293,2019-09-09 22:33:49,13362.9273,ethusdt
2312,2019-09-09 22:33:50,5250.1641,ltcusdt
2308,2019-09-09 22:33:50,4179.4102,ltcbtc
2314,2019-09-09 22:33:59,8.5531,aeeth
2307,2019-09-09 22:34:03,32.4702,zrxusdt
2319,2019-09-09 22:34:06,1.2451,mcoeth
2307,2019-09-09 22:34:11,1585.4771,etcusdt
2313,2019-09-09 22:34:12,3189.7344,omgusdt
2303,2019-09-09 22:34:12,59.9312,wtceth
2309,2019-09-09 22:34:16,2280.2342,ltcbtc
2315,2019-09-09 22:34:19,19017.777,btcusdt
2292,2019-09-09 22:34:22,10.8925,gntusdt
2314,2019-09-09 22:34:25,11904.1118,ethbtc
2313,2019-09-09 22:34:28,3010.196,ltcusdt
2294,2019-09-09 22:34:32,2613.3477,ethusdt
2320,2019-09-09 22:34:35,0.5118,mcoeth
2308,2019-09-09 22:34:36,33.0128,zrxusdt
2304,2019-09-09 22:34:37,21.9839,wtceth
2315,2019-09-09 22:34:40,7.7857,aeeth
2308,2019-09-09 22:34:45,3859.5233,etcusdt
2310,2019-09-09 22:34:48,3431.3273,ltcbtc
2315,2019-09-09 22:34:50,5334.6398,ethbtc
2316,2019-09-09 22:34:54,8892.4065,btcusdt
2314,2019-09-09 22:34:54,872.5402,omgusdt
2293,2019-09-09 22:35:01,12.9615,gntusdt
2321,2019-09-09 22:35:01,0.2599,mcoeth
2314,2019-09-09 22:35:06,6352.4124,ltcusdt
2316,2019-09-09 22:35:08,7.194,aeeth
2295,2019-09-09 22:35:09,13298.7176,ethusdt
2309,2019-09-09 22:35:10,10.4349,zrxusdt
2309,2019-09-09 22:35:13,3793.848,etcusdt
2305,2019-09-09 22:35:15,40.0567,wtceth
2317,2019-09-09 22:35:21,50803.3849,btcusdt
2316,2019-09-09 22:35:24,1311.8774,ethbtc
2315,2019-09-09 22:35:26,2618.7726,omgusdt
2294,2019-09-09 22:35:26,20.7432,gntusdt
2311,2019-09-09 22:35:30,3789.9512,ltcbtc
2315,2019-09-09 22:35:39,2224.2385,ltcusdt
2310,2019-09-09 22:35:41,3765.2131,etcusdt
2322,2019-09-09 22:35:41,0.9868,mcoeth
2296,2019-09-09 22:35:46,19.8234,ethusdt
2310,2019-09-09 22:35:47,94.947,zrxusdt
2318,2019-09-09 22:35:52,42407.7594,btcusdt
2306,2019-09-09 22:35:52,17.0539,wtceth
2317,2019-09-09 22:35:53,8.4999,aeeth
2312,2019-09-09 22:36:04,4136.1851,ltcbtc
2295,2019-09-09 22:36:08,6.8438,gntusdt
2317,2019-09-09 22:36:09,16555.7024,ethbtc
2316,2019-09-09 22:36:09,3377.1086,omgusdt
2297,2019-09-09 22:36:11,8522.534,ethusdt
2323,2019-09-09 22:36:16,1.17,mcoeth
2311,2019-09-09 22:36:22,3351.0995,etcusdt
2316,2019-09-09 22:36:22,1705.5704,ltcusdt
2311,2019-09-09 22:36:28,108.2767,zrxusdt
2313,2019-09-09 22:36:31,570.5475,ltcbtc
2318,2019-09-09 22:36:31,12.5331,aeeth
2307,2019-09-09 22:36:35,75.6191,wtceth
2317,2019-09-09 22:36:36,3605.6537,omgusdt
2319,2019-09-09 22:36:36,76643.9625,btcusdt
2318,2019-09-09 22:36:40,340.2041,ethbtc
2296,2019-09-09 22:36:42,16.9675,gntusdt
2298,2019-09-09 22:36:44,12072.6771,ethusdt
2312,2019-09-09 22:36:51,3342.1826,etcusdt
2324,2019-09-09 22:36:58,1.2154,mcoeth
2319,2019-09-09 22:36:58,12.4609,aeeth
2308,2019-09-09 22:37:00,57.4113,wtceth
2317,2019-09-09 22:37:03,1392.5473,ltcusdt
2319,2019-09-09 22:37:05,2739.2181,ethbtc
2312,2019-09-09 22:37:05,82.768,zrxusdt
2318,2019-09-09 22:37:08,654.6983,omgusdt
2314,2019-09-09 22:37:10,3968.9508,ltcbtc
2320,2019-09-09 22:37:12,6946.4,btcusdt
2297,2019-09-09 22:37:16,6.1826,gntusdt
2313,2019-09-09 22:37:19,1899.9818,etcusdt
2299,2019-09-09 22:37:21,17906.004,ethusdt
2309,2019-09-09 22:37:25,62.2405,wtceth
2325,2019-09-09 22:37:26,0.2371,mcoeth
2320,2019-09-09 22:37:27,12.0205,aeeth
2320,2019-09-09 22:37:35,4718.4115,ethbtc
2315,2019-09-09 22:37:35,4281.3315,ltcbtc
2313,2019-09-09 22:37:38,143.1234,zrxusdt
2321,2019-09-09 22:37:39,10289.4369,btcusdt
2319,2019-09-09 22:37:41,3213.1063,omgusdt
2318,2019-09-09 22:37:47,1036.9386,ltcusdt
2298,2019-09-09 22:37:53,17.9889,gntusdt
2321,2019-09-09 22:37:54,4.7247,aeeth
2321,2019-09-09 22:38:00,10365.4794,ethbtc
2300,2019-09-09 22:38:01,4176.9241,ethusdt
2310,2019-09-09 22:38:03,36.4294,wtceth
2314,2019-09-09 22:38:04,1088.9539,etcusdt
2316,2019-09-09 22:38:06,1728.888,ltcbtc
2326,2019-09-09 22:38:07,0.6021,mcoeth
2314,2019-09-09 22:38:08,112.2039,zrxusdt
2322,2019-09-09 22:38:10,57215.8978,btcusdt
2320,2019-09-09 22:38:24,1767.006,omgusdt
2322,2019-09-09 22:38:25,12565.2745,ethbtc
2319,2019-09-09 22:38:27,128.4499,ltcusdt
2311,2019-09-09 22:38:33,8.928,wtceth
2322,2019-09-09 22:38:33,5.6458,aeeth
2323,2019-09-09 22:38:37,38687.8045,btcusdt
2299,2019-09-09 22:38:37,14.1,gntusdt
2301,2019-09-09 22:38:38,12335.9159,ethusdt
2327,2019-09-09 22:38:42,0.4953,mcoeth
2315,2019-09-09 22:38:46,419.6894,etcusdt
2317,2019-09-09 22:38:49,4116.3518,ltcbtc
2321,2019-09-09 22:38:51,486.7043,omgusdt
2315,2019-09-09 22:38:53,14.9326,zrxusdt
2323,2019-09-09 22:38:56,13033.475,ethbtc
2312,2019-09-09 22:38:59,15.6579,wtceth
2324,2019-09-09 22:39:03,7213.4311,btcusdt
2320,2019-09-09 22:39:08,2234.3628,ltcusdt
2323,2019-09-09 22:39:09,0.9459,aeeth
2302,2019-09-09 22:39:10,1882.6246,ethusdt
2328,2019-09-09 22:39:11,0.8328,mcoeth
2300,2019-09-09 22:39:17,13.5988,gntusdt
2324,2019-09-09 22:39:24,12550.264,ethbtc
2316,2019-09-09 22:39:24,1154.4852,etcusdt
2322,2019-09-09 22:39:27,3110.655,omgusdt
2313,2019-09-09 22:39:31,81.2068,wtceth
2318,2019-09-09 22:39:34,2456.4436,ltcbtc
2316,2019-09-09 22:39:35,55.7551,zrxusdt
2321,2019-09-09 22:39:41,2384.7941,ltcusdt
2324,2019-09-09 22:39:43,12.3906,aeeth
2303,2019-09-09 22:39:45,5024.3572,ethusdt
2329,2019-09-09 22:39:46,0.2276,mcoeth
2325,2019-09-09 22:39:47,28381.9179,btcusdt
2325,2019-09-09 22:39:51,12690.1374,ethbtc
2301,2019-09-09 22:39:58,24.3172,gntusdt
2317,2019-09-09 22:40:05,16.7897,zrxusdt
2317,2019-09-09 22:40:09,1443.1179,etcusdt
2314,2019-09-09 22:40:11,66.6661,wtceth
2323,2019-09-09 22:40:11,1233.9211,omgusdt
2322,2019-09-09 22:40:13,1255.3108,ltcusdt
2325,2019-09-09 22:40:14,3.0695,aeeth
2319,2019-09-09 22:40:18,2497.7373,ltcbtc
2326,2019-09-09 22:40:21,47241.0864,btcusdt
2330,2019-09-09 22:40:22,0.0905,mcoeth
2326,2019-09-09 22:40:27,13207.2862,ethbtc
2304,2019-09-09 22:40:27,515.8827,ethusdt
2318,2019-09-09 22:40:37,1321.7794,etcusdt
2318,2019-09-09 22:40:37,198.0273,zrxusdt
2326,2019-09-09 22:40:41,0.917,aeeth
2302,2019-09-09 22:40:41,19.4852,gntusdt
2315,2019-09-09 22:40:44,58.5436,wtceth
2320,2019-09-09 22:40:46,3294.2712,ltcbtc
2323,2019-09-09 22:40:46,5663.8626,ltcusdt
2327,2019-09-09 22:40:49,17239.1643,btcusdt
2327,2019-09-09 22:40:54,1745.5728,ethbtc
2324,2019-09-09 22:40:56,614.4101,omgusdt
2331,2019-09-09 22:41:02,0.9003,mcoeth
2319,2019-09-09 22:41:03,1892.8473,etcusdt
2305,2019-09-09 22:41:07,3698.7676,ethusdt
2303,2019-09-09 22:41:09,0.355,gntusdt
2328,2019-09-09 22:41:14,37175.3728,btcusdt
2319,2019-09-09 22:41:16,186.7834,zrxusdt
2321,2019-09-09 22:41:19,766.6683,ltcbtc
2316,2019-09-09 22:41:21,7.5711,wtceth
2327,2019-09-09 22:41:25,3.411,aeeth
2324,2019-09-09 22:41:25,2934.7065,ltcusdt
2332,2019-09-09 22:41:34,0.7969,mcoeth
2325,2019-09-09 22:41:34,3424.5842,omgusdt
2328,2019-09-09 22:41:37,5682.0489,ethbtc
2306,2019-09-09 22:41:40,8419.9638,ethusdt
2304,2019-09-09 22:41:40,19.763,gntusdt
2329,2019-09-09 22:41:45,743.8879,btcusdt
2320,2019-09-09 22:41:48,357.7033,etcusdt
2328,2019-09-09 22:41:54,12.3171,aeeth
2317,2019-09-09 22:41:59,69.224,wtceth
2333,2019-09-09 22:42:00,1.0338,mcoeth
2322,2019-09-09 22:42:00,2630.2487,ltcbtc
2320,2019-09-09 22:42:01,88.7903,zrxusdt
2325,2019-09-09 22:42:07,4375.2674,ltcusdt
2307,2019-09-09 22:42:09,13063.4779,ethusdt
2305,2019-09-09 22:42:13,7.0023,gntusdt
2326,2019-09-09 22:42:13,764.4368,omgusdt
2329,2019-09-09 22:42:16,4133.8196,ethbtc
2330,2019-09-09 22:42:18,59061.1617,btcusdt
2321,2019-09-09 22:42:24,3289.9199,etcusdt
2329,2019-09-09 22:42:31,7.1212,aeeth
2334,2019-09-09 22:42:39,1.1443,mcoeth
2321,2019-09-09 22:42:42,184.3544,zrxusdt
2318,2019-09-09 22:42:43,59.9087,wtceth
2326,2019-09-09 22:42:43,5333.1976,ltcusdt
2323,2019-09-09 22:42:44,3044.7495,ltcbtc
2308,2019-09-09 22:42:45,17630.1746,ethusdt
2306,2019-09-09 22:42:47,8.8618,gntusdt
2327,2019-09-09 22:42:53,977.341,omgusdt
2330,2019-09-09 22:42:56,10875.6689,ethbtc
2331,2019-09-09 22:42:58,67886.8098,btcusdt
2322,2019-09-09 22:43:00,935.7393,etcusdt
2324,2019-09-09 22:43:14,2870.1659,ltcbtc
2330,2019-09-09 22:43:15,11.4829,aeeth
2335,2019-09-09 22:43:16,1.0852,mcoeth
2322,2019-09-09 22:43:19,65.4688,zrxusdt
2327,2019-09-09 22:43:19,5104.0538,ltcusdt
2309,2019-09-09 22:43:19,15425.7207,ethusdt
2307,2019-09-09 22:43:22,7.4038,gntusdt
2319,2019-09-09 22:43:23,35.328,wtceth
2328,2019-09-09 22:43:32,600.0712,omgusdt
2323,2019-09-09 22:43:36,437.383,etcusdt
2332,2019-09-09 22:43:37,76836.123,btcusdt
2331,2019-09-09 22:43:41,2340.0757,ethbtc
2325,2019-09-09 22:43:44,2779.9786,ltcbtc
2310,2019-09-09 22:43:45,2066.707,ethusdt
2323,2019-09-09 22:43:49,112.5113,zrxusdt
2331,2019-09-09 22:43:53,5.0901,aeeth
2336,2019-09-09 22:43:58,0.0562,mcoeth
2328,2019-09-09 22:43:58,4317.2861,ltcusdt
2308,2019-09-09 22:44:04,16.3298,gntusdt
2320,2019-09-09 22:44:06,14.4112,wtceth
2333,2019-09-09 22:44:09,37800.1776,btcusdt
2324,2019-09-09 22:44:13,3646.7221,etcusdt
2329,2019-09-09 22:44:14,2645.5569,omgusdt
2326,2019-09-09 22:44:15,4163.3937,ltcbtc
2311,2019-09-09 22:44:18,6414.174,ethusdt
2332,2019-09-09 22:44:19,1388.0881,ethbtc
2332,2019-09-09 22:44:22,10.5506,aeeth
2329,2019-09-09 22:44:28,3840.49,ltcusdt
2324,2019-09-09 22:44:29,3.6073,zrxusdt
2309,2019-09-09 22:44:30,27.383,gntusdt
2337,2019-09-09 22:44:32,0.5106,mcoeth
2330,2019-09-09 22:44:40,2656.154,omgusdt
2334,2019-09-09 22:44:43,28613.4374,btcusdt
2325,2019-09-09 22:44:49,731.5345,etcusdt
2327,2019-09-09 22:44:49,3661.4485,ltcbtc
2321,2019-09-09 22:44:51,42.2266,wtceth
2333,2019-09-09 22:45:01,13825.8431,ethbtc
2312,2019-09-09 22:45:01,16536.8202,ethusdt
2333,2019-09-09 22:45:01,10.9155,aeeth
2325,2019-09-09 22:45:02,29.2812,zrxusdt
2310,2019-09-09 22:45:04,14.836,gntusdt
2335,2019-09-09 22:45:08,49253.6717,btcusdt
2330,2019-09-09 22:45:10,3467.2726,ltcusdt
2331,2019-09-09 22:45:12,1612.4802,omgusdt
2338,2019-09-09 22:45:16,0.6904,mcoeth
2326,2019-09-09 22:45:20,120.5096,etcusdt
2326,2019-09-09 22:45:29,39.6371,zrxusdt
2313,2019-09-09 22:45:32,13250.6716,ethusdt
2322,2019-09-09 22:45:33,84.1169,wtceth
2328,2019-09-09 22:45:33,2287.6024,ltcbtc
2334,2019-09-09 22:45:34,6012.5992,ethbtc
2311,2019-09-09 22:45:41,9.2334,gntusdt
2334,2019-09-09 22:45:42,1.7319,aeeth
2332,2019-09-09 22:45:44,292.1946,omgusdt
2339,2019-09-09 22:45:44,0.8441,mcoeth
2331,2019-09-09 22:45:48,2081.8988,ltcusdt
2327,2019-09-09 22:45:49,3679.4376,etcusdt
2336,2019-09-09 22:45:50,56918.4071,btcusdt
2327,2019-09-09 22:46:06,11.9543,zrxusdt
2335,2019-09-09 22:46:08,4784.3054,ethbtc
2323,2019-09-09 22:46:11,65.7325,wtceth
2333,2019-09-09 22:46:12,2031.2338,omgusdt
2314,2019-09-09 22:46:14,15513.3418,ethusdt
2329,2019-09-09 22:46:15,4098.2894,ltcbtc
2312,2019-09-09 22:46:15,21.9174,gntusdt
2332,2019-09-09 22:46:17,2125.6946,ltcusdt
2340,2019-09-09 22:46:20,0.3761,mcoeth
2335,2019-09-09 22:46:23,2.4849,aeeth
2328,2019-09-09 22:46:24,2023.3667,etcusdt
2337,2019-09-09 22:46:27,63435.1444,btcusdt
2328,2019-09-09 22:46:36,150.0462,zrxusdt
2313,2019-09-09 22:46:42,9.7014,gntusdt
2315,2019-09-09 22:46:43,5955.0085,ethusdt
2334,2019-09-09 22:46:46,1742.2023,omgusdt
2336,2019-09-09 22:46:47,7202.6894,ethbtc
2324,2019-09-09 22:46:48,32.7978,wtceth
2341,2019-09-09 22:46:50,1.0906,mcoeth
2330,2019-09-09 22:47:00,1490.4574,ltcbtc
2333,2019-09-09 22:47:01,1584.9961,ltcusdt
2336,2019-09-09 22:47:04,10.7968,aeeth
2329,2019-09-09 22:47:07,693.0078,etcusdt
2338,2019-09-09 22:47:10,1167.3141,btcusdt
2314,2019-09-09 22:47:11,15.2546,gntusdt
2329,2019-09-09 22:47:12,154.7702,zrxusdt
2335,2019-09-09 22:47:16,3155.8739,omgusdt
2316,2019-09-09 22:47:20,8295.1565,ethusdt
2325,2019-09-09 22:47:23,63.2932,wtceth
2337,2019-09-09 22:47:24,13077.0145,ethbtc
2342,2019-09-09 22:47:28,0.8718,mcoeth
2330,2019-09-09 22:47:34,1273.0624,etcusdt
2339,2019-09-09 22:47:35,2729.5539,btcusdt
2331,2019-09-09 22:47:36,155.2636,ltcbtc
2337,2019-09-09 22:47:41,12.0219,aeeth
2334,2019-09-09 22:47:41,420.6723,ltcusdt
2336,2019-09-09 22:47:42,2776.8465,omgusdt
2338,2019-09-09 22:47:55,7173.8031,ethbtc
2315,2019-09-09 22:47:56,3.2719,gntusdt
2330,2019-09-09 22:47:57,68.2138,zrxusdt
2317,2019-09-09 22:48:00,12637.5641,ethusdt
2343,2019-09-09 22:48:04,0.8525,mcoeth
2326,2019-09-09 22:48:06,58.3365,wtceth
2338,2019-09-09 22:48:08,2.2337,aeeth
2331,2019-09-09 22:48:09,1919.3913,etcusdt
2335,2019-09-09 22:48:17,2309.8406,ltcusdt
2337,2019-09-09 22:48:17,2479.4996,omgusdt
2332,2019-09-09 22:48:19,300.5425,ltcbtc
2340,2019-09-09 22:48:20,77678.8892,btcusdt
2344,2019-09-09 22:48:37,0.4495,mcoeth
2331,2019-09-09 22:48:38,178.3306,zrxusdt
2332,2019-09-09 22:48:38,3341.8551,etcusdt
2339,2019-09-09 22:48:39,14632.8652,ethbtc
2316,2019-09-09 22:48:41,21.8473,gntusdt
2318,2019-09-09 22:48:42,16188.6236,ethusdt
2327,2019-09-09 22:48:48,24.502,wtceth
2339,2019-09-09 22:48:49,3.5405,aeeth
2338,2019-09-09 22:48:50,3219.2506,omgusdt
2336,2019-09-09 22:49:00,2846.0679,ltcusdt
2333,2019-09-09 22:49:01,3967.848,ltcbtc
2341,2019-09-09 22:49:02,76202.2782,btcusdt
2332,2019-09-09 22:49:11,111.1954,zrxusdt
2333,2019-09-09 22:49:12,2888.5432,etcusdt
2340,2019-09-09 22:49:15,2123.1915,ethbtc
2339,2019-09-09 22:49:16,2839.6065,omgusdt
2317,2019-09-09 22:49:17,0.148,gntusdt
2345,2019-09-09 22:49:22,0.43,mcoeth
2319,2019-09-09 22:49:23,11321.2147,ethusdt
2328,2019-09-09 22:49:26,8.5097,wtceth
2337,2019-09-09 22:49:30,815.4616,ltcusdt
2334,2019-09-09 22:49:32,1360.3462,ltcbtc
2340,2019-09-09 22:49:34,2.2636,aeeth
2341,2019-09-09 22:49:40,3195.332,ethbtc
2334,2019-09-09 22:49:43,1588.773,etcusdt
2342,2019-09-09 22:49:47,71535.0952,btcusdt
2340,2019-09-09 22:49:48,3227.5303,omgusdt
2318,2019-09-09 22:49:52,17.8163,gntusdt
2346,2019-09-09 22:49:53,0.1487,mcoeth
2320,2019-09-09 22:49:54,10907.3406,ethusdt
2333,2019-09-09 22:49:55,207.8248,zrxusdt
2329,2019-09-09 22:49:55,63.9724,wtceth
2335,2019-09-09 22:49:59,1555.4349,ltcbtc
2338,2019-09-09 22:50:10,3231.7462,ltcusdt
2335,2019-09-09 22:50:11,1944.4054,etcusdt
2341,2019-09-09 22:50:15,6.5249,aeeth
2319,2019-09-09 22:50:17,19.9666,gntusdt
2342,2019-09-09 22:50:17,3964.7061,ethbtc
2341,2019-09-09 22:50:19,522.6598,omgusdt
2330,2019-09-09 22:50:25,44.6641,wtceth
2321,2019-09-09 22:50:28,14669.7798,ethusdt
2343,2019-09-09 22:50:30,30617.4114,btcusdt
2347,2019-09-09 22:50:32,0.7188,mcoeth
2336,2019-09-09 22:50:33,1687.6178,ltcbtc
2334,2019-09-09 22:50:40,55.6828,zrxusdt
2339,2019-09-09 22:50:46,558.7161,ltcusdt
2336,2019-09-09 22:50:48,676.8463,etcusdt
2343,2019-09-09 22:50:52,16260.4338,ethbtc
2342,2019-09-09 22:50:53,4.2839,aeeth
2331,2019-09-09 22:50:55,2.2447,wtceth
2337,2019-09-09 22:50:58,4416.799,ltcbtc
2342,2019-09-09 22:50:58,2911.9167,omgusdt
2344,2019-09-09 22:50:59,69314.5477,btcusdt
2320,2019-09-09 22:51:01,18.9492,gntusdt
2322,2019-09-09 22:51:09,13934.9836,ethusdt
2348,2019-09-09 22:51:10,1.1062,mcoeth
2335,2019-09-09 22:51:17,114.1976,zrxusdt
2344,2019-09-09 22:51:23,4235.8357,ethbtc
2332,2019-09-09 22:51:23,11.1483,wtceth
2343,2019-09-09 22:51:24,5.1532,aeeth
2337,2019-09-09 22:51:24,2753.1771,etcusdt
2343,2019-09-09 22:51:26,1698.9074,omgusdt
2340,2019-09-09 22:51:27,2367.5854,ltcusdt
2323,2019-09-09 22:51:35,13974.8459,ethusdt
2338,2019-09-09 22:51:39,1859.5985,ltcbtc
2321,2019-09-09 22:51:42,12.8828,gntusdt
2345,2019-09-09 22:51:44,20729.6066,btcusdt
2333,2019-09-09 22:51:54,17.4872,wtceth
2349,2019-09-09 22:51:55,0.7186,mcoeth
2336,2019-09-09 22:51:57,86.1607,zrxusdt
2344,2019-09-09 22:52:00,10.5432,aeeth
2344,2019-09-09 22:52:02,264.0875,omgusdt
2345,2019-09-09 22:52:03,13908.6103,ethbtc
2338,2019-09-09 22:52:05,3128.7704,etcusdt
2322,2019-09-09 22:52:09,18.3066,gntusdt
2346,2019-09-09 22:52:11,12163.6413,btcusdt
2341,2019-09-09 22:52:12,2208.8382,ltcusdt
2339,2019-09-09 22:52:15,2230.5239,ltcbtc
2324,2019-09-09 22:52:19,12468.2446,ethusdt
2337,2019-09-09 22:52:29,3.2063,zrxusdt
2334,2019-09-09 22:52:29,33.7558,wtceth
2339,2019-09-09 22:52:31,235.4728,etcusdt
2346,2019-09-09 22:52:36,13106.3856,ethbtc
2350,2019-09-09 22:52:38,0.0612,mcoeth
2347,2019-09-09 22:52:42,35571.1006,btcusdt
2342,2019-09-09 22:52:42,1172.9208,ltcusdt
2345,2019-09-09 22:52:44,6.2427,aeeth
2340,2019-09-09 22:52:45,3778.4545,ltcbtc
2345,2019-09-09 22:52:47,257.8494,omgusdt
2325,2019-09-09 22:52:47,17448.084,ethusdt
2323,2019-09-09 22:52:54,31.2281,gntusdt
2338,2019-09-09 22:53:04,24.8793,zrxusdt
2340,2019-09-09 22:53:05,1671.7049,etcusdt
2348,2019-09-09 22:53:08,67974.5899,btcusdt
2335,2019-09-09 22:53:10,76.949,wtceth
2347,2019-09-09 22:53:11,1950.3803,ethbtc
2346,2019-09-09 22:53:20,11.1244,aeeth
2341,2019-09-09 22:53:20,466.0801,ltcbtc
2343,2019-09-09 22:53:21,4536.3906,ltcusdt
2324,2019-09-09 22:53:23,22.9777,gntusdt
2351,2019-09-09 22:53:23,0.0266,mcoeth
2346,2019-09-09 22:53:23,2469.0612,omgusdt
2326,2019-09-09 22:53:25,8382.1738,ethusdt
2339,2019-09-09 22:53:29,7.9268,zrxusdt
2349,2019-09-09 22:53:41,41241.9064,btcusdt
2348,2019-09-09 22:53:44,3346.7989,ethbtc
2336,2019-09-09 22:53:45,38.2303,wtceth
2341,2019-09-09 22:53:45,657.6616,etcusdt
2342,2019-09-09 22:53:47,148.9598,ltcbtc
2347,2019-09-09 22:53:48,5.638,aeeth
2327,2019-09-09 22:53:50,4472.4897,ethusdt
2325,2019-09-09 22:53:50,13.8657,gntusdt
2352,2019-09-09 22:53:55,1.127,mcoeth
2347,2019-09-09 22:53:56,2574.2625,omgusdt
2344,2019-09-09 22:53:57,1317.5007,ltcusdt
2350,2019-09-09 22:54:08,9640.3345,btcusdt
2340,2019-09-09 22:54:12,100.5002,zrxusdt
2343,2019-09-09 22:54:21,3129.5029,ltcbtc
2326,2019-09-09 22:54:22,31.5151,gntusdt
2353,2019-09-09 22:54:22,0.431,mcoeth
2342,2019-09-09 22:54:23,537.6027,etcusdt
2337,2019-09-09 22:54:24,75.1275,wtceth
2345,2019-09-09 22:54:25,43.1939,ltcusdt
2348,2019-09-09 22:54:25,1954.0068,omgusdt
2328,2019-09-09 22:54:27,3634.3451,ethusdt
2349,2019-09-09 22:54:29,9822.575,ethbtc
2348,2019-09-09 22:54:30,9.8748,aeeth
2341,2019-09-09 22:54:37,175.5863,zrxusdt
2327,2019-09-09 22:54:48,12.7149,gntusdt
2343,2019-09-09 22:54:50,1877.279,etcusdt
2351,2019-09-09 22:54:52,37120.0305,btcusdt
2350,2019-09-09 22:54:54,11344.0982,ethbtc
2349,2019-09-09 22:54:57,2620.7478,omgusdt
2346,2019-09-09 22:54:58,5782.9003,ltcusdt
2338,2019-09-09 22:54:59,65.1061,wtceth
2329,2019-09-09 22:55:00,12183.7066,ethusdt
2354,2019-09-09 22:55:01,0.781,mcoeth
2344,2019-09-09 22:55:04,1138.7816,ltcbtc
2342,2019-09-09 22:55:09,15.1769,zrxusdt
2349,2019-09-09 22:55:10,4.1666,aeeth
2328,2019-09-09 22:55:17,19.4183,gntusdt
2344,2019-09-09 22:55:21,3230.8366,etcusdt
2351,2019-09-09 22:55:25,8186.5321,ethbtc
2330,2019-09-09 22:55:29,8811.3728,ethusdt
2352,2019-09-09 22:55:29,8412.5716,btcusdt
2345,2019-09-09 22:55:34,3899.8631,ltcbtc
2339,2019-09-09 22:55:41,51.0414,wtceth
2350,2019-09-09 22:55:41,3.9223,aeeth
2350,2019-09-09 22:55:41,244.834,omgusdt
2347,2019-09-09 22:55:43,2705.5568,ltcusdt
2355,2019-09-09 22:55:44,0.8777,mcoeth
2345,2019-09-09 22:55:52,3710.7292,etcusdt
2343,2019-09-09 22:55:53,62.482,zrxusdt
2329,2019-09-09 22:55:56,17.3425,gntusdt
2352,2019-09-09 22:56:00,10301.9881,ethbtc
2331,2019-09-09 22:56:06,5312.7942,ethusdt
2351,2019-09-09 22:56:11,2668.0302,omgusdt
2353,2019-09-09 22:56:13,66183.2092,btcusdt
2340,2019-09-09 22:56:14,70.1243,wtceth
2356,2019-09-09 22:56:15,0.0422,mcoeth
2351,2019-09-09 22:56:16,10.7149,aeeth
2346,2019-09-09 22:56:17,3880.3582,ltcbtc
2346,2019-09-09 22:56:21,3950.1734,etcusdt
2348,2019-09-09 22:56:21,2879.9751,ltcusdt
2344,2019-09-09 22:56:22,105.8303,zrxusdt
2330,2019-09-09 22:56:30,10.7981,gntusdt
2353,2019-09-09 22:56:33,10296.6803,ethbtc
2332,2019-09-09 22:56:34,5752.6966,ethusdt
2354,2019-09-09 22:56:39,43531.1695,btcusdt
2357,2019-09-09 22:56:42,0.0422,mcoeth
2352,2019-09-09 22:56:46,10.2763,aeeth
2352,2019-09-09 22:56:48,2492.3279,omgusdt
2347,2019-09-09 22:56:49,548.1894,ltcbtc
2349,2019-09-09 22:56:50,5523.7635,ltcusdt
2341,2019-09-09 22:56:53,28.3896,wtceth
2331,2019-09-09 22:56:56,26.8335,gntusdt
2345,2019-09-09 22:56:57,120.8868,zrxusdt
2347,2019-09-09 22:57:01,3547.2454,etcusdt
2354,2019-09-09 22:57:08,13785.1661,ethbtc
2358,2019-09-09 22:57:09,0.8432,mcoeth
2353,2019-09-09 22:57:17,1684.6348,omgusdt
2348,2019-09-09 22:57:18,714.2972,ltcbtc
2333,2019-09-09 22:57:19,17852.0278,ethusdt
2350,2019-09-09 22:57:19,3220.9433,ltcusdt
2353,2019-09-09 22:57:20,2.2747,aeeth
2355,2019-09-09 22:57:22,15995.7855,btcusdt
2346,2019-09-09 22:57:23,98.5609,zrxusdt
2342,2019-09-09 22:57:26,51.7937,wtceth
2359,2019-09-09 22:57:35,0.198,mcoeth
2332,2019-09-09 22:57:39,0.2587,gntusdt
2348,2019-09-09 22:57:40,3739.0702,etcusdt
2355,2019-09-09 22:57:41,1381.5396,ethbtc
2349,2019-09-09 22:57:45,3203.249,ltcbtc
2354,2019-09-09 22:57:46,9.7124,aeeth
2334,2019-09-09 22:57:46,5264.8965,ethusdt
2354,2019-09-09 22:57:47,1750.1317,omgusdt
2356,2019-09-09 22:57:48,54055.5341,btcusdt
2351,2019-09-09 22:57:53,3931.2454,ltcusdt
2347,2019-09-09 22:57:54,77.9036,zrxusdt
2343,2019-09-09 22:57:58,14.7462,wtceth
2356,2019-09-09 22:58:09,1343.0128,ethbtc
2333,2019-09-09 22:58:12,12.7349,gntusdt
2360,2019-09-09 22:58:14,1.0763,mcoeth
2335,2019-09-09 22:58:18,6770.8621,ethusdt
2352,2019-09-09 22:58:19,5831.2136,ltcusdt
2355,2019-09-09 22:58:19,1219.509,omgusdt
2350,2019-09-09 22:58:22,3573.8209,ltcbtc
2349,2019-09-09 22:58:24,606.6949,etcusdt
2348,2019-09-09 22:58:25,62.5712,zrxusdt
2357,2019-09-09 22:58:26,38150.9942,btcusdt
2355,2019-09-09 22:58:28,3.9357,aeeth
2334,2019-09-09 22:58:38,30.1449,gntusdt
2344,2019-09-09 22:58:40,9.0758,wtceth
2357,2019-09-09 22:58:41,15946.4259,ethbtc
2336,2019-09-09 22:58:49,3600.4978,ethusdt
2349,2019-09-09 22:58:50,56.0225,zrxusdt
2361,2019-09-09 22:58:52,0.7081,mcoeth
2356,2019-09-09 22:58:58,2322.3713,omgusdt
2356,2019-09-09 22:59:00,9.7593,aeeth
2350,2019-09-09 22:59:02,2759.5508,etcusdt
2353,2019-09-09 22:59:02,6186.046,ltcusdt
2351,2019-09-09 22:59:03,3058.6452,ltcbtc
2358,2019-09-09 22:59:05,54020.0896,btcusdt
2335,2019-09-09 22:59:09,7.2325,gntusdt
2345,2019-09-09 22:59:12,40.6109,wtceth
2337,2019-09-09 22:59:17,4367.0404,ethusdt
2362,2019-09-09 22:59:17,0.9135,mcoeth
2358,2019-09-09 22:59:21,8652.9905,ethbtc
2357,2019-09-09 22:59:25,3128.1282,omgusdt
2357,2019-09-09 22:59:26,1.6488,aeeth
2352,2019-09-09 22:59:30,3362.462,ltcbtc
2350,2019-09-09 22:59:31,181.8909,zrxusdt
2336,2019-09-09 22:59:34,9.0705,gntusdt
2354,2019-09-09 22:59:39,1804.0473,ltcusdt
2351,2019-09-09 22:59:44,1875.719,etcusdt
2346,2019-09-09 22:59:45,59.3269,wtceth
2338,2019-09-09 22:59:45,5371.9281,ethusdt
2359,2019-09-09 22:59:47,50230.0666,btcusdt
2363,2019-09-09 22:59:50,1.1014,mcoeth
2358,2019-09-09 22:59:56,0.8736,aeeth
2337,2019-09-09 22:59:59,11.5698,gntusdt
2359,2019-09-09 23:00:00,13732.5921,ethbtc
2359,2019-09-09 23:00:28,9.2393,aeeth
2338,2019-09-09 23:00:29,17.8844,gntusdt
2347,2019-09-09 23:00:32,24.467,wtceth
2364,2019-09-09 23:00:34,0.4849,mcoeth
2339,2019-09-09 23:00:36,12337.6585,ethusdt
2351,2019-09-09 23:00:38,87.5045,zrxusdt
2360,2019-09-09 23:00:39,4800.5932,btcusdt
2352,2019-09-09 23:00:40,99.0688,etcusdt
2360,2019-09-09 23:00:40,15130.8383,ethbtc
2358,2019-09-09 23:00:41,1814.0084,omgusdt
2355,2019-09-09 23:00:43,4806.7537,ltcusdt
2353,2019-09-09 23:00:45,1730.4509,ltcbtc
2360,2019-09-09 23:00:58,11.6959,aeeth
2339,2019-09-09 23:00:58,21.5936,gntusdt
2361,2019-09-09 23:01:04,7684.4096,btcusdt
2348,2019-09-09 23:01:06,32.2336,wtceth
2340,2019-09-09 23:01:09,3265.2631,ethusdt
2353,2019-09-09 23:01:10,1074.4824,etcusdt
2365,2019-09-09 23:01:12,1.2544,mcoeth
2361,2019-09-09 23:01:15,5369.4028,ethbtc
2356,2019-09-09 23:01:17,1503.7146,ltcusdt
2354,2019-09-09 23:01:20,3853.1441,ltcbtc
2352,2019-09-09 23:01:22,170.8562,zrxusdt
2359,2019-09-09 23:01:23,3073.2552,omgusdt
2340,2019-09-09 23:01:23,13.2958,gntusdt
2354,2019-09-09 23:01:37,3084.4937,etcusdt
2362,2019-09-09 23:01:41,5236.216,ethbtc
2361,2019-09-09 23:01:41,7.5353,aeeth
2362,2019-09-09 23:01:42,62811.2664,btcusdt
2349,2019-09-09 23:01:44,72.8301,wtceth
2341,2019-09-09 23:01:45,2124.1281,ethusdt
2355,2019-09-09 23:01:46,364.1215,ltcbtc
2366,2019-09-09 23:01:52,1.1751,mcoeth
2341,2019-09-09 23:01:53,10.2425,gntusdt
2357,2019-09-09 23:01:58,2014.1461,ltcusdt
2360,2019-09-09 23:01:59,902.7754,omgusdt
2353,2019-09-09 23:02:07,24.8461,zrxusdt
2355,2019-09-09 23:02:12,670.046,etcusdt
2342,2019-09-09 23:02:12,9678.9002,ethusdt
2363,2019-09-09 23:02:14,54399.9284,btcusdt
2363,2019-09-09 23:02:15,10023.0691,ethbtc
2362,2019-09-09 23:02:17,2.8083,aeeth
2367,2019-09-09 23:02:19,1.0003,mcoeth
2361,2019-09-09 23:02:28,2962.6817,omgusdt
2350,2019-09-09 23:02:28,12.7167,wtceth
2356,2019-09-09 23:02:29,4083.8729,ltcbtc
2342,2019-09-09 23:02:35,5.1793,gntusdt
2358,2019-09-09 23:02:36,5475.3935,ltcusdt
2354,2019-09-09 23:02:39,106.1958,zrxusdt
2364,2019-09-09 23:02:40,4405.886,ethbtc
2364,2019-09-09 23:02:42,59008.4057,btcusdt
2343,2019-09-09 23:02:50,4684.9466,ethusdt
2357,2019-09-09 23:02:55,4744.5169,ltcbtc
2363,2019-09-09 23:02:56,1.735,aeeth
2356,2019-09-09 23:02:57,836.3224,etcusdt
2368,2019-09-09 23:02:58,1.2702,mcoeth
2362,2019-09-09 23:02:58,2269.6303,omgusdt
2351,2019-09-09 23:03:06,20.3126,wtceth
2359,2019-09-09 23:03:08,4978.863,ltcusdt
2365,2019-09-09 23:03:10,1336.0857,ethbtc
2343,2019-09-09 23:03:12,29.3947,gntusdt
2355,2019-09-09 23:03:19,33.7327,zrxusdt
2364,2019-09-09 23:03:22,13.9127,aeeth
2365,2019-09-09 23:03:23,29206.8096,btcusdt
2344,2019-09-09 23:03:26,10562.8799,ethusdt
2357,2019-09-09 23:03:34,2856.3807,etcusdt
2358,2019-09-09 23:03:37,45.7482,ltcbtc
2369,2019-09-09 23:03:37,1.206,mcoeth
2352,2019-09-09 23:03:38,23.7424,wtceth
2363,2019-09-09 23:03:39,1949.9152,omgusdt
2360,2019-09-09 23:03:42,2571.8702,ltcusdt
2366,2019-09-09 23:03:48,4165.6218,ethbtc
2344,2019-09-09 23:03:55,19.1467,gntusdt
2365,2019-09-09 23:03:56,5.3802,aeeth
2366,2019-09-09 23:03:58,58618.8067,btcusdt
2356,2019-09-09 23:04:00,168.958,zrxusdt
2345,2019-09-09 23:04:01,7436.7888,ethusdt
2358,2019-09-09 23:04:04,1755.6803,etcusdt
2353,2019-09-09 23:04:15,50.9937,wtceth
2361,2019-09-09 23:04:15,5229.7662,ltcusdt
2367,2019-09-09 23:04:17,7865.0059,ethbtc
2364,2019-09-09 23:04:18,844.569,omgusdt
2359,2019-09-09 23:04:18,2483.6403,ltcbtc
2370,2019-09-09 23:04:18,0.8649,mcoeth
2345,2019-09-09 23:04:20,11.7318,gntusdt
2366,2019-09-09 23:04:21,10.1959,aeeth
2359,2019-09-09 23:04:35,2186.0038,etcusdt
2357,2019-09-09 23:04:40,161.7965,zrxusdt
2362,2019-09-09 23:04:41,1567.2129,ltcusdt
2346,2019-09-09 23:04:43,13941.4367,ethusdt
2371,2019-09-09 23:04:43,0.3668,mcoeth
2367,2019-09-09 23:04:43,21430.8058,btcusdt
2365,2019-09-09 23:04:45,665.975,omgusdt
2360,2019-09-09 23:04:48,4150.6919,ltcbtc
2346,2019-09-09 23:04:55,19.1797,gntusdt
2354,2019-09-09 23:04:56,46.6173,wtceth
2368,2019-09-09 23:05:00,14024.3553,ethbtc
2367,2019-09-09 23:05:05,2.6608,aeeth
2347,2019-09-09 23:05:08,330.5049,ethusdt
2363,2019-09-09 23:05:08,497.6142,ltcusdt
2372,2019-09-09 23:05:08,0.4624,mcoeth
2360,2019-09-09 23:05:13,2150.4838,etcusdt
2361,2019-09-09 23:05:18,1206.0168,ltcbtc
2358,2019-09-09 23:05:23,56.7739,zrxusdt
2368,2019-09-09 23:05:23,34734.3036,btcusdt
2347,2019-09-09 23:05:28,13.8864,gntusdt
2366,2019-09-09 23:05:30,2187.3319,omgusdt
2355,2019-09-09 23:05:31,48.3445,wtceth
2364,2019-09-09 23:05:34,1278.6009,ltcusdt
2373,2019-09-09 23:05:40,0.2984,mcoeth
2348,2019-09-09 23:05:41,3276.0909,ethusdt
2369,2019-09-09 23:05:42,3894.9156,ethbtc
2368,2019-09-09 23:05:42,13.0057,aeeth
2361,2019-09-09 23:05:43,932.765,etcusdt
2362,2019-09-09 23:05:46,4319.2018,ltcbtc
2369,2019-09-09 23:05:48,39504.2053,btcusdt
2348,2019-09-09 23:05:56,29.2357,gntusdt
2359,2019-09-09 23:06:01,161.7721,zrxusdt
2356,2019-09-09 23:06:08,4.9309,wtceth
2367,2019-09-09 23:06:12,2669.5717,omgusdt
2362,2019-09-09 23:06:13,2138.4669,etcusdt
2370,2019-09-09 23:06:15,41110.9239,btcusdt
2363,2019-09-09 23:06:16,5085.1771,ltcbtc
2349,2019-09-09 23:06:18,3659.9787,ethusdt
2374,2019-09-09 23:06:18,0.7576,mcoeth
2370,2019-09-09 23:06:19,1957.7619,ethbtc
2365,2019-09-09 23:06:19,169.0401,ltcusdt
2369,2019-09-09 23:06:23,8.8243,aeeth
2349,2019-09-09 23:06:32,19.9063,gntusdt
2363,2019-09-09 23:06:39,935.7591,etcusdt
2360,2019-09-09 23:06:41,78.0432,zrxusdt
2357,2019-09-09 23:06:43,20.7556,wtceth
2368,2019-09-09 23:06:43,2631.5729,omgusdt
2371,2019-09-09 23:06:43,18069.7882,btcusdt
2371,2019-09-09 23:06:46,1844.3811,ethbtc
2366,2019-09-09 23:06:52,1680.7385,ltcusdt
2350,2019-09-09 23:06:55,6155.1165,ethusdt
2364,2019-09-09 23:06:58,1846.7011,ltcbtc
2375,2019-09-09 23:07:03,0.9433,mcoeth
2370,2019-09-09 23:07:04,14.1927,aeeth
2361,2019-09-09 23:07:12,85.1363,zrxusdt
2350,2019-09-09 23:07:17,30.376,gntusdt
2358,2019-09-09 23:07:19,19.7479,wtceth
2372,2019-09-09 23:07:19,3622.5755,ethbtc
2364,2019-09-09 23:07:21,602.0145,etcusdt
2365,2019-09-09 23:07:23,4625.6871,ltcbtc
2372,2019-09-09 23:07:26,19208.41,btcusdt
2351,2019-09-09 23:07:26,15807.0185,ethusdt
2369,2019-09-09 23:07:27,820.1662,omgusdt
2376,2019-09-09 23:07:33,0.2581,mcoeth
2367,2019-09-09 23:07:36,1225.9804,ltcusdt
2351,2019-09-09 23:07:43,33.0238,gntusdt
2373,2019-09-09 23:07:45,15113.6844,ethbtc
2371,2019-09-09 23:07:46,11.1703,aeeth
2362,2019-09-09 23:07:49,151.2503,zrxusdt
2359,2019-09-09 23:07:50,26.4887,wtceth
2365,2019-09-09 23:07:50,3498.6147,etcusdt
2366,2019-09-09 23:07:51,2333.7736,ltcbtc
2352,2019-09-09 23:07:52,7791.9952,ethusdt
2370,2019-09-09 23:08:07,385.1289,omgusdt
2373,2019-09-09 23:08:10,62907.6472,btcusdt
2368,2019-09-09 23:08:13,2015.0098,ltcusdt
2377,2019-09-09 23:08:16,0.7356,mcoeth
2366,2019-09-09 23:08:20,602.5395,etcusdt
2374,2019-09-09 23:08:24,4088.3534,ethbtc
2363,2019-09-09 23:08:24,169.3525,zrxusdt
2360,2019-09-09 23:08:24,33.7554,wtceth
2352,2019-09-09 23:08:27,10.7153,gntusdt
2372,2019-09-09 23:08:28,7.9293,aeeth
2353,2019-09-09 23:08:33,5724.0646,ethusdt
2367,2019-09-09 23:08:34,913.5402,ltcbtc
2371,2019-09-09 23:08:35,1616.9972,omgusdt
2374,2019-09-09 23:08:49,5244.3206,btcusdt
2375,2019-09-09 23:08:53,1392.5693,ethbtc
2364,2019-09-09 23:08:53,80.8031,zrxusdt
2361,2019-09-09 23:08:57,3.5905,wtceth
2369,2019-09-09 23:08:58,2884.3415,ltcusdt
2378,2019-09-09 23:08:58,0.0769,mcoeth
2367,2019-09-09 23:09:00,1986.5846,etcusdt
2354,2019-09-09 23:09:01,16078.4916,ethusdt
2372,2019-09-09 23:09:03,1459.9524,omgusdt
2368,2019-09-09 23:09:05,1382.7474,ltcbtc
2353,2019-09-09 23:09:09,23.5588,gntusdt
2373,2019-09-09 23:09:12,10.4995,aeeth
2375,2019-09-09 23:09:27,47001.0213,btcusdt
2362,2019-09-09 23:09:30,4.6121,wtceth
2379,2019-09-09 23:09:31,1.2885,mcoeth
2365,2019-09-09 23:09:33,166.9108,zrxusdt
2369,2019-09-09 23:09:34,4474.8347,ltcbtc
2376,2019-09-09 23:09:37,10952.4686,ethbtc
2373,2019-09-09 23:09:41,2136.4047,omgusdt
2370,2019-09-09 23:09:42,3840.763,ltcusdt
2368,2019-09-09 23:09:44,1741.2969,etcusdt
2355,2019-09-09 23:09:46,5693.9234,ethusdt
2354,2019-09-09 23:09:51,16.3556,gntusdt
2374,2019-09-09 23:09:57,13.8892,aeeth
2363,2019-09-09 23:09:59,33.424,wtceth
2380,2019-09-09 23:10:00,0.3958,mcoeth
2366,2019-09-09 23:10:00,64.8801,zrxusdt
2377,2019-09-09 23:10:03,15175.5712,ethbtc
2369,2019-09-09 23:10:09,1317.8419,etcusdt
2376,2019-09-09 23:10:12,20925.4516,btcusdt
2356,2019-09-09 23:10:13,5344.7237,ethusdt
2370,2019-09-09 23:10:16,1764.2737,ltcbtc
2374,2019-09-09 23:10:21,306.3224,omgusdt
2371,2019-09-09 23:10:27,1851.0869,ltcusdt
2355,2019-09-09 23:10:29,35.0642,gntusdt
2381,2019-09-09 23:10:35,0.6616,mcoeth
2367,2019-09-09 23:10:38,66.8994,zrxusdt
2375,2019-09-09 23:10:38,1.8788,aeeth
2370,2019-09-09 23:10:39,432.8851,etcusdt
2378,2019-09-09 23:10:39,7736.7769,ethbtc
2364,2019-09-09 23:10:40,28.1506,wtceth
2377,2019-09-09 23:10:51,17250.03,btcusdt
2357,2019-09-09 23:10:54,9185.5752,ethusdt
2372,2019-09-09 23:10:58,4679.5931,ltcusdt
2375,2019-09-09 23:10:59,1788.6562,omgusdt
2371,2019-09-09 23:11:01,223.0707,ltcbtc
2365,2019-09-09 23:11:05,67.6358,wtceth
2368,2019-09-09 23:11:09,144.0429,zrxusdt
2379,2019-09-09 23:11:10,10606.0718,ethbtc
2376,2019-09-09 23:11:11,12.8559,aeeth
2356,2019-09-09 23:11:13,4.44,gntusdt
2371,2019-09-09 23:11:13,485.614,etcusdt
2382,2019-09-09 23:11:13,0.5112,mcoeth
2378,2019-09-09 23:11:18,53783.5859,btcusdt
2373,2019-09-09 23:11:24,5958.0132,ltcusdt
2358,2019-09-09 23:11:26,6031.1118,ethusdt
2376,2019-09-09 23:11:32,2346.0672,omgusdt
2366,2019-09-09 23:11:37,12.4448,wtceth
2369,2019-09-09 23:11:39,52.5565,zrxusdt
2357,2019-09-09 23:11:40,21.2894,gntusdt
2377,2019-09-09 23:11:41,3.7551,aeeth
2372,2019-09-09 23:11:44,4128.7152,ltcbtc
2380,2019-09-09 23:11:45,4202.9997,ethbtc
2383,2019-09-09 23:11:45,1.0835,mcoeth
2372,2019-09-09 23:11:52,2022.063,etcusdt
2379,2019-09-09 23:11:56,19070.4234,btcusdt
2374,2019-09-09 23:12:04,2967.1688,ltcusdt
2358,2019-09-09 23:12:05,21.5446,gntusdt
2377,2019-09-09 23:12:05,2910.5141,omgusdt
2359,2019-09-09 23:12:05,3234.4199,ethusdt
2373,2019-09-09 23:12:16,1481.3211,ltcbtc
2367,2019-09-09 23:12:19,4.8223,wtceth
2378,2019-09-09 23:12:22,0.4596,aeeth
2370,2019-09-09 23:12:23,157.1323,zrxusdt
2380,2019-09-09 23:12:23,50740.0547,btcusdt
2381,2019-09-09 23:12:25,13478.5483,ethbtc
2384,2019-09-09 23:12:26,0.5131,mcoeth
2373,2019-09-09 23:12:32,2822.8443,etcusdt
2360,2019-09-09 23:12:33,794.1063,ethusdt
2375,2019-09-09 23:12:41,5131.1093,ltcusdt
2378,2019-09-09 23:12:43,2623.0316,omgusdt
2368,2019-09-09 23:12:44,11.466,wtceth
2359,2019-09-09 23:12:44,21.1841,gntusdt
2374,2019-09-09 23:12:49,4413.5363,ltcbtc
2382,2019-09-09 23:12:56,7859.185,ethbtc
2371,2019-09-09 23:12:58,36.7433,zrxusdt
2361,2019-09-09 23:12:59,928.9199,ethusdt
2374,2019-09-09 23:13:00,3431.6381,etcusdt
2381,2019-09-09 23:13:05,7888.1343,btcusdt
2379,2019-09-09 23:13:07,9.3962,aeeth
2385,2019-09-09 23:13:09,0.1111,mcoeth
2360,2019-09-09 23:13:09,29.9398,gntusdt
2369,2019-09-09 23:13:09,15.7223,wtceth
2379,2019-09-09 23:13:22,2396.8605,omgusdt
2376,2019-09-09 23:13:26,234.0081,ltcusdt
2383,2019-09-09 23:13:27,15088.1961,ethbtc
2375,2019-09-09 23:13:28,2534.2953,ltcbtc
2375,2019-09-09 23:13:34,87.7759,etcusdt
2372,2019-09-09 23:13:35,109.5693,zrxusdt
2380,2019-09-09 23:13:39,0.5242,aeeth
2382,2019-09-09 23:13:40,21777.3563,btcusdt
2386,2019-09-09 23:13:43,0.4086,mcoeth
2362,2019-09-09 23:13:43,1675.26,ethusdt
2361,2019-09-09 23:13:51,21.673,gntusdt
2384,2019-09-09 23:13:52,11882.8028,ethbtc
2376,2019-09-09 23:13:54,4788.7952,ltcbtc
2370,2019-09-09 23:13:54,25.5886,wtceth
2377,2019-09-09 23:14:06,448.209,ltcusdt
2380,2019-09-09 23:14:07,2870.6783,omgusdt
2387,2019-09-09 23:14:08,0.4326,mcoeth
2383,2019-09-09 23:14:12,31992.9447,btcusdt
2376,2019-09-09 23:14:12,1055.4698,etcusdt
2373,2019-09-09 23:14:12,171.8855,zrxusdt
2381,2019-09-09 23:14:13,4.2518,aeeth
2363,2019-09-09 23:14:17,6390.6625,ethusdt
2385,2019-09-09 23:14:25,8993.6611,ethbtc
2362,2019-09-09 23:14:26,11.9284,gntusdt
2371,2019-09-09 23:14:27,45.3578,wtceth
2377,2019-09-09 23:14:31,5214.7226,ltcbtc
2377,2019-09-09 23:14:38,1793.5661,etcusdt
2374,2019-09-09 23:14:42,139.349,zrxusdt
2381,2019-09-09 23:14:42,1304.7745,omgusdt
2388,2019-09-09 23:14:48,0.3966,mcoeth
2384,2019-09-09 23:14:49,8169.3097,btcusdt
2378,2019-09-09 23:14:50,5271.3142,ltcusdt
2382,2019-09-09 23:14:55,6.0328,aeeth
2364,2019-09-09 23:14:56,15846.5729,ethusdt
2386,2019-09-09 23:14:58,11532.8571,ethbtc
2372,2019-09-09 23:14:59,45.4148,wtceth
2378,2019-09-09 23:15:01,2477.914,ltcbtc
2363,2019-09-09 23:15:04,12.4126,gntusdt
2382,2019-09-09 23:15:18,456.2014,omgusdt
2378,2019-09-09 23:15:19,1830.75,etcusdt
2389,2019-09-09 23:15:22,1.2982,mcoeth
2379,2019-09-09 23:15:23,3279.738,ltcusdt
2385,2019-09-09 23:15:24,28689.069,btcusdt
2365,2019-09-09 23:15:24,9081.3298,ethusdt
2375,2019-09-09 23:15:27,4.596,zrxusdt
2373,2019-09-09 23:15:27,5.563,wtceth
2379,2019-09-09 23:15:28,1451.0422,ltcbtc
2383,2019-09-09 23:15:31,11.4745,aeeth
2387,2019-09-09 23:15:35,3361.4558,ethbtc
2364,2019-09-09 23:15:36,22.814,gntusdt
2383,2019-09-09 23:15:53,1684.0285,omgusdt
2379,2019-09-09 23:15:55,1840.2005,etcusdt
2386,2019-09-09 23:16:02,9824.4271,btcusdt
2390,2019-09-09 23:16:02,0.0083,mcoeth
2374,2019-09-09 23:16:02,5.1473,wtceth
2380,2019-09-09 23:16:05,23.3922,ltcusdt
2376,2019-09-09 23:16:06,45.2978,zrxusdt
2388,2019-09-09 23:16:06,410.2821,ethbtc
2366,2019-09-09 23:16:07,15036.2354,ethusdt
2380,2019-09-09 23:16:08,4904.2059,ltcbtc
2384,2019-09-09 23:16:12,12.8807,aeeth
2365,2019-09-09 23:16:17,37.681,gntusdt
2380,2019-09-09 23:16:24,3105.1568,etcusdt
2387,2019-09-09 23:16:27,14598.5962,btcusdt
2384,2019-09-09 23:16:31,3163.7511,omgusdt
2377,2019-09-09 23:16:35,73.7642,zrxusdt
2391,2019-09-09 23:16:36,0.5412,mcoeth
2375,2019-09-09 23:16:45,24.2444,wtceth
2381,2019-09-09 23:16:45,4230.2318,ltcusdt
2389,2019-09-09 23:16:46,1845.0799,ethbtc
2385,2019-09-09 23:16:50,10.1765,aeeth
2381,2019-09-09 23:16:51,790.5861,ltcbtc
2381,2019-09-09 23:16:52,462.3061,etcusdt
2367,2019-09-09 23:16:52,593.0852,ethusdt
2388,2019-09-09 23:16:54,31294.989,btcusdt
2366,2019-09-09 23:17:00,21.5233,gntusdt
2385,2019-09-09 23:17:04,69.5171,omgusdt
2378,2019-09-09 23:17:08,161.7814,zrxusdt
2392,2019-09-09 23:17:10,1.2433,mcoeth
2390,2019-09-09 23:17:11,1920.1818,ethbtc
2376,2019-09-09 23:17:13,12.6685,wtceth
2386,2019-09-09 23:17:16,11.5422,aeeth
2382,2019-09-09 23:17:17,2090.7844,ltcbtc
2382,2019-09-09 23:17:19,3628.2108,ltcusdt
2368,2019-09-09 23:17:22,2358.8124,ethusdt
2382,2019-09-09 23:17:24,1015.9154,etcusdt
2389,2019-09-09 23:17:30,59708.8252,btcusdt
2386,2019-09-09 23:17:36,1238.5648,omgusdt
2367,2019-09-09 23:17:38,15.4394,gntusdt
2391,2019-09-09 23:17:39,11295.8331,ethbtc
2377,2019-09-09 23:17:50,36.8121,wtceth
2393,2019-09-09 23:17:52,1.2903,mcoeth
2379,2019-09-09 23:17:52,0.0576,zrxusdt
2387,2019-09-09 23:17:54,5.3112,aeeth
2383,2019-09-09 23:17:57,2813.7714,ltcbtc
2369,2019-09-09 23:17:57,13609.0443,ethusdt
2383,2019-09-09 23:17:59,1331.4316,ltcusdt
2383,2019-09-09 23:18:02,1180.0403,etcusdt
2387,2019-09-09 23:18:04,1916.2019,omgusdt
2390,2019-09-09 23:18:07,61120.6446,btcusdt
2394,2019-09-09 23:18:17,0.6436,mcoeth
2392,2019-09-09 23:18:20,5061.7502,ethbtc
2368,2019-09-09 23:18:22,13.563,gntusdt
2384,2019-09-09 23:18:26,5960.5124,ltcusdt
2388,2019-09-09 23:18:31,2472.9243,omgusdt
2388,2019-09-09 23:18:31,14.0205,aeeth
2384,2019-09-09 23:18:33,1686.0536,etcusdt
2380,2019-09-09 23:18:33,151.2428,zrxusdt
2384,2019-09-09 23:18:34,2422.1544,ltcbtc
2378,2019-09-09 23:18:35,47.134,wtceth
2391,2019-09-09 23:18:35,20622.3927,btcusdt
2370,2019-09-09 23:18:40,1244.7486,ethusdt
2393,2019-09-09 23:18:45,13674.3474,ethbtc
2385,2019-09-09 23:18:54,5408.4878,ltcusdt
2395,2019-09-09 23:18:59,0.0793,mcoeth
2392,2019-09-09 23:19:01,50289.4138,btcusdt
2379,2019-09-09 23:19:01,19.1793,wtceth
2389,2019-09-09 23:19:02,10.4391,aeeth
2385,2019-09-09 23:19:03,3869.6681,ltcbtc
2389,2019-09-09 23:19:03,2575.9969,omgusdt
2381,2019-09-09 23:19:03,136.0797,zrxusdt
2369,2019-09-09 23:19:07,25.7154,gntusdt
2394,2019-09-09 23:19:14,16059.6688,ethbtc
2385,2019-09-09 23:19:15,2353.372,etcusdt
2371,2019-09-09 23:19:25,2715.4371,ethusdt
2396,2019-09-09 23:19:26,0.9206,mcoeth
2380,2019-09-09 23:19:30,72.4629,wtceth
2382,2019-09-09 23:19:30,68.4769,zrxusdt
2390,2019-09-09 23:19:31,1.9182,aeeth
2386,2019-09-09 23:19:35,3606.9022,ltcusdt
2386,2019-09-09 23:19:43,2364.7541,etcusdt
2395,2019-09-09 23:19:45,3266.4128,ethbtc
2370,2019-09-09 23:19:45,26.9914,gntusdt
2386,2019-09-09 23:19:46,2477.541,ltcbtc
2393,2019-09-09 23:19:46,60765.5075,btcusdt
2390,2019-09-09 23:19:47,436.1461,omgusdt
2397,2019-09-09 23:19:51,1.2241,mcoeth
2372,2019-09-09 23:19:52,13102.6926,ethusdt
2391,2019-09-09 23:20:04,6.1955,aeeth
2383,2019-09-09 23:20:09,75.6435,zrxusdt
2381,2019-09-09 23:20:10,9.1742,wtceth
2387,2019-09-09 23:20:12,2640.1976,etcusdt
2387,2019-09-09 23:20:15,1019.3157,ltcusdt
2387,2019-09-09 23:20:21,2325.3401,ltcbtc
2396,2019-09-09 23:20:23,4800.4494,ethbtc
2391,2019-09-09 23:20:25,940.2399,omgusdt
2371,2019-09-09 23:20:28,8.3085,gntusdt
2394,2019-09-09 23:20:29,32151.1275,btcusdt
2373,2019-09-09 23:20:29,6366.6777,ethusdt
2392,2019-09-09 23:20:33,1.2514,aeeth
2398,2019-09-09 23:20:33,0.8482,mcoeth
2388,2019-09-09 23:20:37,1838.9898,etcusdt
2388,2019-09-09 23:20:40,3920.3881,ltcusdt
2384,2019-09-09 23:20:42,105.5485,zrxusdt
2382,2019-09-09 23:20:45,38.807,wtceth
2388,2019-09-09 23:20:51,5452.7948,ltcbtc
2397,2019-09-09 23:20:54,10314.7733,ethbtc
2392,2019-09-09 23:20:57,2896.2772,omgusdt
2395,2019-09-09 23:20:59,11107.4132,btcusdt
2372,2019-09-09 23:21:05,10.4992,gntusdt
2389,2019-09-09 23:21:07,186.2386,ltcusdt
2399,2019-09-09 23:21:11,0.3246,mcoeth
2393,2019-09-09 23:21:11,7.5185,aeeth
2374,2019-09-09 23:21:14,7041.4706,ethusdt
2383,2019-09-09 23:21:15,15.8163,wtceth
2389,2019-09-09 23:21:17,3535.9744,etcusdt
2389,2019-09-09 23:21:20,2283.9622,ltcbtc
2385,2019-09-09 23:21:21,140.4508,zrxusdt
2398,2019-09-09 23:21:23,5105.1056,ethbtc
2396,2019-09-09 23:21:31,50699.5428,btcusdt
2394,2019-09-09 23:21:37,5.7529,aeeth
2393,2019-09-09 23:21:39,1272.2442,omgusdt
2400,2019-09-09 23:21:41,0.0996,mcoeth
2384,2019-09-09 23:21:43,70.1571,wtceth
2390,2019-09-09 23:21:47,1845.7493,ltcusdt
2373,2019-09-09 23:21:48,34.5521,gntusdt
2390,2019-09-09 23:21:50,2915.6524,etcusdt
2375,2019-09-09 23:21:52,11979.8692,ethusdt
2390,2019-09-09 23:21:57,51.51,ltcbtc
2386,2019-09-09 23:22:00,144.4671,zrxusdt
2399,2019-09-09 23:22:05,3407.6846,ethbtc
2395,2019-09-09 23:22:07,13.9911,aeeth
2394,2019-09-09 23:22:09,1267.6144,omgusdt
2401,2019-09-09 23:22:10,0.6373,mcoeth
2385,2019-09-09 23:22:10,8.6216,wtceth
2397,2019-09-09 23:22:16,61506.1396,btcusdt
2391,2019-09-09 23:22:19,2623.1917,etcusdt
2387,2019-09-09 23:22:27,33.4504,zrxusdt
2391,2019-09-09 23:22:27,2880.2649,ltcusdt
2374,2019-09-09 23:22:30,21.5341,gntusdt
2376,2019-09-09 23:22:35,9636.5399,ethusdt
2396,2019-09-09 23:22:36,14.2804,aeeth
2391,2019-09-09 23:22:41,4678.814,ltcbtc
2386,2019-09-09 23:22:42,61.6579,wtceth
2402,2019-09-09 23:22:43,1.2534,mcoeth
2400,2019-09-09 23:22:44,13412.7554,ethbtc
2398,2019-09-09 23:22:44,40525.9197,btcusdt
2395,2019-09-09 23:22:49,1426.3493,omgusdt
2392,2019-09-09 23:22:52,4241.8087,ltcusdt
2388,2019-09-09 23:22:57,78.4629,zrxusdt
2392,2019-09-09 23:23:00,478.3788,etcusdt
2375,2019-09-09 23:23:02,29.6216,gntusdt
2392,2019-09-09 23:23:06,2503.2766,ltcbtc
2401,2019-09-09 23:23:12,13212.5512,ethbtc
2403,2019-09-09 23:23:13,0.911,mcoeth
2399,2019-09-09 23:23:13,7801.168,btcusdt
2387,2019-09-09 23:23:14,76.0917,wtceth
2377,2019-09-09 23:23:15,2834.0583,ethusdt
2397,2019-09-09 23:23:17,13.2323,aeeth
2396,2019-09-09 23:23:19,2346.126,omgusdt
2393,2019-09-09 23:23:33,739.0207,ltcbtc
2389,2019-09-09 23:23:34,87.293,zrxusdt
2393,2019-09-09 23:23:34,1592.9669,ltcusdt
2404,2019-09-09 23:23:40,0.5455,mcoeth
2393,2019-09-09 23:23:41,101.0021,etcusdt
2376,2019-09-09 23:23:44,20.5227,gntusdt
2402,2019-09-09 23:23:45,9620.5772,ethbtc
2400,2019-09-09 23:23:46,59539.6543,btcusdt
2388,2019-09-09 23:23:51,67.2074,wtceth
2378,2019-09-09 23:23:56,2108.5548,ethusdt
2398,2019-09-09 23:23:58,7.9915,aeeth
2397,2019-09-09 23:24:01,3126.8635,omgusdt
2405,2019-09-09 23:24:05,1.1245,mcoeth
2390,2019-09-09 23:24:06,16.1292,zrxusdt
2394,2019-09-09 23:24:14,2263.3701,etcusdt
2394,2019-09-09 23:24:16,3439.9432,ltcbtc
2377,2019-09-09 23:24:18,20.5999,gntusdt
2394,2019-09-09 23:24:19,681.7941,ltcusdt
2401,2019-09-09 23:24:20,33701.3191,btcusdt
2403,2019-09-09 23:24:24,5834.7689,ethbtc
2389,2019-09-09 23:24:25,42.9597,wtceth
2379,2019-09-09 23:24:35,8442.4759,ethusdt
2399,2019-09-09 23:24:36,2.431,aeeth
2398,2019-09-09 23:24:40,3068.2937,omgusdt
2395,2019-09-09 23:24:44,1047.1247,etcusdt
2402,2019-09-09 23:24:45,39439.5586,btcusdt
2378,2019-09-09 23:24:47,9.1629,gntusdt
2395,2019-09-09 23:24:49,4418.1063,ltcbtc
2406,2019-09-09 23:24:49,1.0431,mcoeth
2391,2019-09-09 23:24:50,95.5093,zrxusdt
2395,2019-09-09 23:24:54,3488.665,ltcusdt
2404,2019-09-09 23:25:02,4332.1808,ethbtc
2400,2019-09-09 23:25:06,2.5158,aeeth
2390,2019-09-09 23:25:09,34.1561,wtceth
2380,2019-09-09 23:25:17,8516.2176,ethusdt
2379,2019-09-09 23:25:19,27.7399,gntusdt
2396,2019-09-09 23:25:21,2428.07,etcusdt
2403,2019-09-09 23:25:22,45749.5382,btcusdt
2396,2019-09-09 23:25:25,3800.2187,ltcusdt
2399,2019-09-09 23:25:25,1257.2864,omgusdt
2407,2019-09-09 23:25:25,0.1386,mcoeth
2392,2019-09-09 23:25:29,183.3238,zrxusdt
2396,2019-09-09 23:25:33,5060.5487,ltcbtc
2405,2019-09-09 23:25:35,11068.7739,ethbtc
2391,2019-09-09 23:25:37,49.5754,wtceth
2381,2019-09-09 23:25:43,6285.7219,ethusdt
2401,2019-09-09 23:25:45,11.4454,aeeth
2404,2019-09-09 23:25:53,56039.857,btcusdt
2397,2019-09-09 23:25:59,1733.0124,etcusdt
2397,2019-09-09 23:26:01,1396.9791,ltcusdt
2400,2019-09-09 23:26:02,2462.0531,omgusdt
2380,2019-09-09 23:26:02,3.7928,gntusdt
2392,2019-09-09 23:26:05,50.191,wtceth
2397,2019-09-09 23:26:07,4143.8138,ltcbtc
2406,2019-09-09 23:26:09,6037.0275,ethbtc
2408,2019-09-09 23:26:10,0.5549,mcoeth
2393,2019-09-09 23:26:12,6.2262,zrxusdt
2382,2019-09-09 23:26:17,10052.4235,ethusdt
2402,2019-09-09 23:26:18,12.7716,aeeth
2398,2019-09-09 23:26:32,928.5945,ltcbtc
2381,2019-09-09 23:26:32,11.2693,gntusdt
2405,2019-09-09 23:26:33,19192.2982,btcusdt
2398,2019-09-09 23:26:34,5164.9627,ltcusdt
2398,2019-09-09 23:26:34,1428.9881,etcusdt
2401,2019-09-09 23:26:37,681.3503,omgusdt
2394,2019-09-09 23:26:38,43.2247,zrxusdt
2393,2019-09-09 23:26:39,39.7085,wtceth
2407,2019-09-09 23:26:48,4498.2898,ethbtc
2409,2019-09-09 23:26:52,0.0892,mcoeth
2399,2019-09-09 23:26:59,5226.2934,ltcbtc
2383,2019-09-09 23:26:59,15844.453,ethusdt
2399,2019-09-09 23:27:00,2118.668,etcusdt
2403,2019-09-09 23:27:03,12.653,aeeth
2406,2019-09-09 23:27:04,39153.2906,btcusdt
2399,2019-09-09 23:27:05,2985.2237,ltcusdt
2402,2019-09-09 23:27:10,2785.3616,omgusdt
2395,2019-09-09 23:27:13,176.3773,zrxusdt
2382,2019-09-09 23:27:13,33.3231,gntusdt
2394,2019-09-09 23:27:14,41.8382,wtceth
2410,2019-09-09 23:27:19,0.6885,mcoeth
2408,2019-09-09 23:27:20,14982.0826,ethbtc
2384,2019-09-09 23:27:30,16002.2123,ethusdt
2407,2019-09-09 23:27:31,39382.4404,btcusdt
2404,2019-09-09 23:27:31,1.9394,aeeth
2400,2019-09-09 23:27:32,4573.8149,ltcbtc
2400,2019-09-09 23:27:35,266.9551,ltcusdt
2400,2019-09-09 23:27:41,2491.5169,etcusdt
2403,2019-09-09 23:27:42,954.9368,omgusdt
2395,2019-09-09 23:27:46,70.2329,wtceth
2409,2019-09-09 23:27:52,6515.4634,ethbtc
2396,2019-09-09 23:27:54,76.7677,zrxusdt
2385,2019-09-09 23:27:56,6847.6276,ethusdt
2383,2019-09-09 23:27:56,0.908,gntusdt
2401,2019-09-09 23:27:59,1791.6058,ltcbtc
2405,2019-09-09 23:28:01,6.6655,aeeth
2411,2019-09-09 23:28:03,0.5601,mcoeth
2401,2019-09-09 23:28:14,2378.1048,ltcusdt
2404,2019-09-09 23:28:15,2746.7936,omgusdt
2408,2019-09-09 23:28:15,15377.8832,btcusdt
2397,2019-09-09 23:28:20,77.7917,zrxusdt
2386,2019-09-09 23:28:21,11982.3011,ethusdt
2396,2019-09-09 23:28:22,59.8742,wtceth
2401,2019-09-09 23:28:23,1026.0421,etcusdt
2412,2019-09-09 23:28:29,0.2702,mcoeth
2402,2019-09-09 23:28:31,2414.0204,ltcbtc
2410,2019-09-09 23:28:33,1770.6391,ethbtc
2384,2019-09-09 23:28:34,29.2691,gntusdt
2406,2019-09-09 23:28:44,6.1431,aeeth
2405,2019-09-09 23:28:46,3032.3483,omgusdt
2398,2019-09-09 23:28:48,150.9179,zrxusdt
2409,2019-09-09 23:28:52,24968.6724,btcusdt
2402,2019-09-09 23:28:54,5530.7943,ltcusdt
2397,2019-09-09 23:28:55,64.653,wtceth
2402,2019-09-09 23:28:56,1539.2719,etcusdt
2403,2019-09-09 23:28:57,3071.1421,ltcbtc
2387,2019-09-09 23:29:06,344.7751,ethusdt
2411,2019-09-09 23:29:06,12590.2492,ethbtc
2413,2019-09-09 23:29:08,1.2589,mcoeth
2385,2019-09-09 23:29:11,32.1692,gntusdt
2406,2019-09-09 23:29:14,2008.1759,omgusdt
2398,2019-09-09 23:29:20,10.7742,wtceth
2403,2019-09-09 23:29:21,1574.6354,ltcusdt
2407,2019-09-09 23:29:21,13.6255,aeeth
2399,2019-09-09 23:29:24,79.8787,zrxusdt
2404,2019-09-09 23:29:26,2502.1806,ltcbtc
2403,2019-09-09 23:29:32,1998.5501,etcusdt
2388,2019-09-09 23:29:33,13275.7185,ethusdt
2410,2019-09-09 23:29:37,47000.2104,btcusdt
2412,2019-09-09 23:29:43,3235.9849,ethbtc
2399,2019-09-09 23:29:50,40.614,wtceth
2386,2019-09-09 23:29:51,31.2049,gntusdt
2414,2019-09-09 23:29:53,1.0675,mcoeth
2407,2019-09-09 23:29:54,1770.9043,omgusdt
2400,2019-09-09 23:29:54,132.9985,zrxusdt
2408,2019-09-09 23:29:54,5.1823,aeeth
2405,2019-09-09 23:29:56,5495.6812,ltcbtc
2404,2019-09-09 23:29:56,5100.6046,ltcusdt
2404,2019-09-09 23:29:57,825.8784,etcusdt
2389,2019-09-09 23:30:07,120.8833,ethusdt
2411,2019-09-09 23:30:07,12839.1725,btcusdt
2400,2019-09-09 23:30:15,36.6067,wtceth
2413,2019-09-09 23:30:21,9699.6767,ethbtc
2415,2019-09-09 23:30:21,0.6039,mcoeth
2406,2019-09-09 23:30:22,464.9219,ltcbtc
2408,2019-09-09 23:30:23,1453.1025,omgusdt
2409,2019-09-09 23:30:27,0.1379,aeeth
2401,2019-09-09 23:30:31,136.5862,zrxusdt
2390,2019-09-09 23:30:34,2879.1314,ethusdt
2387,2019-09-09 23:30:35,33.5433,gntusdt
2405,2019-09-09 23:30:36,2704.5564,etcusdt
2405,2019-09-09 23:30:36,2629.071,ltcusdt
2416,2019-09-09 23:30:52,1.164,mcoeth
2412,2019-09-09 23:30:52,21791.0418,btcusdt
2409,2019-09-09 23:30:54,2287.9542,omgusdt
2407,2019-09-09 23:30:55,4407.4591,ltcbtc
2402,2019-09-09 23:30:56,123.3402,zrxusdt
2401,2019-09-09 23:31:00,15.4853,wtceth
2410,2019-09-09 23:31:01,8.1517,aeeth
2388,2019-09-09 23:31:01,5.6224,gntusdt
2414,2019-09-09 23:31:03,10201.8945,ethbtc
2391,2019-09-09 23:31:03,1421.093,ethusdt
2406,2019-09-09 23:31:09,1048.3062,ltcusdt
2413,2019-09-09 23:31:21,52419.8593,btcusdt
2406,2019-09-09 23:31:21,3067.5938,etcusdt
2403,2019-09-09 23:31:23,33.9518,zrxusdt
2408,2019-09-09 23:31:24,3524.6119,ltcbtc
2417,2019-09-09 23:31:25,1.1872,mcoeth
2402,2019-09-09 23:31:26,55.4641,wtceth
2411,2019-09-09 23:31:34,9.482,aeeth
2389,2019-09-09 23:31:35,23.2022,gntusdt
2415,2019-09-09 23:31:35,9985.6665,ethbtc
2410,2019-09-09 23:31:38,2663.1484,omgusdt
2392,2019-09-09 23:31:41,12671.6911,ethusdt
2414,2019-09-09 23:31:47,55066.6672,btcusdt
2404,2019-09-09 23:31:52,64.9016,zrxusdt
2407,2019-09-09 23:31:52,3748.5367,ltcusdt
2407,2019-09-09 23:31:54,259.6004,etcusdt
2403,2019-09-09 23:31:58,56.7359,wtceth
2409,2019-09-09 23:32:00,1506.1618,ltcbtc
2418,2019-09-09 23:32:06,0.0375,mcoeth
2416,2019-09-09 23:32:09,10624.1887,ethbtc
2393,2019-09-09 23:32:12,12623.7213,ethusdt
2390,2019-09-09 23:32:13,2.3303,gntusdt
2411,2019-09-09 23:32:13,2159.0958,omgusdt
2412,2019-09-09 23:32:14,9.4209,aeeth
2408,2019-09-09 23:32:20,1618.9297,etcusdt
2415,2019-09-09 23:32:26,34079.745,btcusdt
2405,2019-09-09 23:32:31,25.552,zrxusdt
2419,2019-09-09 23:32:33,0.3024,mcoeth
2408,2019-09-09 23:32:35,927.5338,ltcusdt
2410,2019-09-09 23:32:36,642.6519,ltcbtc
2394,2019-09-09 23:32:37,10336.2369,ethusdt
2417,2019-09-09 23:32:39,5078.4524,ethbtc
2413,2019-09-09 23:32:41,12.5063,aeeth
2404,2019-09-09 23:32:43,33.1927,wtceth
2409,2019-09-09 23:32:46,1886.3313,etcusdt
2391,2019-09-09 23:32:49,8.8756,gntusdt
2412,2019-09-09 23:32:52,3475.3291,omgusdt
2416,2019-09-09 23:32:55,32299.8214,btcusdt
2420,2019-09-09 23:33:01,0.6852,mcoeth
2411,2019-09-09 23:33:02,4723.9096,ltcbtc
2406,2019-09-09 23:33:07,94.9123,zrxusdt
2395,2019-09-09 23:33:07,1156.8532,ethusdt
2418,2019-09-09 23:33:15,1021.7652,ethbtc
2409,2019-09-09 23:33:19,5065.4051,ltcusdt
2413,2019-09-09 23:33:20,3399.4987,omgusdt
2417,2019-09-09 23:33:24,61793.0705,btcusdt
2410,2019-09-09 23:33:26,1556.5024,etcusdt
2414,2019-09-09 23:33:26,12.4003,aeeth
2405,2019-09-09 23:33:27,11.254,wtceth
2392,2019-09-09 23:33:28,9.8543,gntusdt
2396,2019-09-09 23:33:33,9990.5395,ethusdt
2421,2019-09-09 23:33:34,1.1225,mcoeth
2412,2019-09-09 23:33:36,4779.2661,ltcbtc
2407,2019-09-09 23:33:45,4.0626,zrxusdt
2414,2019-09-09 23:33:51,22.7828,omgusdt
2410,2019-09-09 23:33:53,3449.0838,ltcusdt
2419,2019-09-09 23:33:56,6709.5169,ethbtc
2393,2019-09-09 23:33:56,15.8829,gntusdt
2411,2019-09-09 23:33:57,1452.343,etcusdt
2415,2019-09-09 23:33:58,10.9764,aeeth
2418,2019-09-09 23:34:00,15580.0604,btcusdt
2406,2019-09-09 23:34:02,22.2361,wtceth
2397,2019-09-09 23:34:10,8973.962,ethusdt
2408,2019-09-09 23:34:11,140.6578,zrxusdt
2422,2019-09-09 23:34:16,1.1806,mcoeth
2415,2019-09-09 23:34:18,45.5139,omgusdt
2411,2019-09-09 23:34:18,3067.1821,ltcusdt
2413,2019-09-09 23:34:21,4021.7001,ltcbtc
2394,2019-09-09 23:34:23,21.7106,gntusdt
2407,2019-09-09 23:34:28,37.9843,wtceth
2416,2019-09-09 23:34:30,4.359,aeeth
2420,2019-09-09 23:34:34,10106.5318,ethbtc
2412,2019-09-09 23:34:36,70.7717,etcusdt
2419,2019-09-09 23:34:38,31059.7499,btcusdt
2398,2019-09-09 23:34:44,11076.4559,ethusdt
2416,2019-09-09 23:34:49,1561.4062,omgusdt
2409,2019-09-09 23:34:50,7.0172,zrxusdt
2414,2019-09-09 23:34:54,1252.9494,ltcbtc
2412,2019-09-09 23:34:58,2355.8736,ltcusdt
2423,2019-09-09 23:34:59,0.1063,mcoeth
2395,2019-09-09 23:35:04,30.5062,gntusdt
2408,2019-09-09 23:35:05,71.99,wtceth
2413,2019-09-09 23:35:06,2425.6266,etcusdt
2417,2019-09-09 23:35:14,7.4373,aeeth
2420,2019-09-09 23:35:14,2625.0587,btcusdt
2421,2019-09-09 23:35:15,14733.0954,ethbtc
2410,2019-09-09 23:35:17,8.6989,zrxusdt
2399,2019-09-09 23:35:19,3792.1416,ethusdt
2417,2019-09-09 23:35:28,2166.6644,omgusdt
2424,2019-09-09 23:35:29,0.0091,mcoeth
2413,2019-09-09 23:35:34,2430.7353,ltcusdt
2396,2019-09-09 23:35:36,13.5118,gntusdt
2415,2019-09-09 23:35:37,5201.5655,ltcbtc
2414,2019-09-09 23:35:45,141.2962,etcusdt
2409,2019-09-09 23:35:49,28.8993,wtceth
2421,2019-09-09 23:35:50,2355.3385,btcusdt
2422,2019-09-09 23:35:51,1135.7836,ethbtc
2411,2019-09-09 23:35:53,162.8023,zrxusdt
2418,2019-09-09 23:35:55,8.2318,aeeth
2400,2019-09-09 23:35:57,8472.4758,ethusdt
2414,2019-09-09 23:36:04,1791.1541,ltcusdt
2397,2019-09-09 23:36:04,29.3714,gntusdt
2418,2019-09-09 23:36:04,3044.8054,omgusdt
2425,2019-09-09 23:36:12,1.3065,mcoeth
2416,2019-09-09 23:36:17,5411.1029,ltcbtc
2422,2019-09-09 23:36:17,38728.8715,btcusdt
2415,2019-09-09 23:36:22,3309.8644,etcusdt
2423,2019-09-09 23:36:24,15260.9372,ethbtc
2419,2019-09-09 23:36:26,2.683,aeeth
2412,2019-09-09 23:36:30,52.7211,zrxusdt
2410,2019-09-09 23:36:32,75.7021,wtceth
2419,2019-09-09 23:36:34,2144.1122,omgusdt
2426,2019-09-09 23:36:40,0.7656,mcoeth
2398,2019-09-09 23:36:40,21.9805,gntusdt
2401,2019-09-09 23:36:42,8744.9333,ethusdt
2415,2019-09-09 23:36:48,3588.5337,ltcusdt
2423,2019-09-09 23:36:53,30508.3597,btcusdt
2420,2019-09-09 23:36:55,6.5268,aeeth
2416,2019-09-09 23:36:55,1297.7882,etcusdt
2424,2019-09-09 23:36:57,9509.2835,ethbtc
2417,2019-09-09 23:36:58,4274.3121,ltcbtc
2413,2019-09-09 23:36:58,130.9393,zrxusdt
2420,2019-09-09 23:37:00,2795.3295,omgusdt
2411,2019-09-09 23:37:04,30.091,wtceth
2427,2019-09-09 23:37:08,1.0853,mcoeth
2402,2019-09-09 23:37:10,4132.7721,ethusdt
2417,2019-09-09 23:37:21,1766.2158,etcusdt
2416,2019-09-09 23:37:21,65.8003,ltcusdt
2399,2019-09-09 23:37:24,37.3416,gntusdt
2414,2019-09-09 23:37:24,73.8475,zrxusdt
2421,2019-09-09 23:37:27,11.9693,aeeth
2418,2019-09-09 23:37:28,5257.6657,ltcbtc
2424,2019-09-09 23:37:31,7810.4866,btcusdt
2425,2019-09-09 23:37:39,12956.268,ethbtc
2403,2019-09-09 23:37:41,10403.1837,ethusdt
2421,2019-09-09 23:37:42,3249.9272,omgusdt
2412,2019-09-09 23:37:43,70.3803,wtceth
2428,2019-09-09 23:37:51,0.8348,mcoeth
2418,2019-09-09 23:37:52,1691.7806,etcusdt
2415,2019-09-09 23:37:52,99.9857,zrxusdt
2419,2019-09-09 23:37:54,2154.9831,ltcbtc
2400,2019-09-09 23:37:56,35.5127,gntusdt
2422,2019-09-09 23:37:57,3.8857,aeeth
2417,2019-09-09 23:37:59,3133.6467,ltcusdt
2425,2019-09-09 23:38:01,61499.6659,btcusdt
2426,2019-09-09 23:38:05,9444.671,ethbtc
2404,2019-09-09 23:38:09,6356.0756,ethusdt
2413,2019-09-09 23:38:14,50.7503,wtceth
2429,2019-09-09 23:38:16,0.6282,mcoeth
2416,2019-09-09 23:38:19,34.2151,zrxusdt
2419,2019-09-09 23:38:20,2101.9943,etcusdt
2422,2019-09-09 23:38:21,2720.0012,omgusdt
2418,2019-09-09 23:38:25,2982.0583,ltcusdt
2423,2019-09-09 23:38:28,10.6119,aeeth
2427,2019-09-09 23:38:33,4861.1322,ethbtc
2420,2019-09-09 23:38:34,3596.5772,ltcbtc
2405,2019-09-09 23:38:36,5863.9419,ethusdt
2401,2019-09-09 23:38:37,3.8025,gntusdt
2430,2019-09-09 23:38:41,0.275,mcoeth
2426,2019-09-09 23:38:44,21763.745,btcusdt
2414,2019-09-09 23:38:45,8.2016,wtceth
2423,2019-09-09 23:38:49,1299.6924,omgusdt
2417,2019-09-09 23:38:49,109.5971,zrxusdt
2420,2019-09-09 23:38:58,1638.7908,etcusdt
2424,2019-09-09 23:38:58,10.62,aeeth
2428,2019-09-09 23:39:01,15863.7284,ethbtc
2419,2019-09-09 23:39:04,1544.0885,ltcusdt
2421,2019-09-09 23:39:07,917.5058,ltcbtc
2406,2019-09-09 23:39:09,10582.0206,ethusdt
2431,2019-09-09 23:39:16,0.1583,mcoeth
2415,2019-09-09 23:39:16,74.118,wtceth
2402,2019-09-09 23:39:20,0.6924,gntusdt
2421,2019-09-09 23:39:24,1556.6992,etcusdt
2418,2019-09-09 23:39:25,173.7242,zrxusdt
2424,2019-09-09 23:39:27,3331.9559,omgusdt
2427,2019-09-09 23:39:27,5699.3044,btcusdt
2425,2019-09-09 23:39:30,6.5494,aeeth
2420,2019-09-09 23:39:31,4263.2625,ltcusdt
2429,2019-09-09 23:39:38,14043.1538,ethbtc
2422,2019-09-09 23:39:50,91.3629,ltcbtc
2419,2019-09-09 23:39:50,125.2215,zrxusdt
2416,2019-09-09 23:39:51,49.6707,wtceth
2407,2019-09-09 23:39:53,814.7779,ethusdt
2403,2019-09-09 23:39:54,0.0035,gntusdt
2426,2019-09-09 23:39:57,4.3736,aeeth
2425,2019-09-09 23:39:58,2425.8333,omgusdt
2432,2019-09-09 23:39:59,0.9491,mcoeth
2422,2019-09-09 23:40:03,2448.714,etcusdt
2428,2019-09-09 23:40:04,18139.4745,btcusdt
2421,2019-09-09 23:40:10,5052.9165,ltcusdt
2430,2019-09-09 23:40:19,15991.5907,ethbtc
2417,2019-09-09 23:40:20,64.6546,wtceth
2427,2019-09-09 23:40:28,12.704,aeeth
2420,2019-09-09 23:40:30,167.6149,zrxusdt
2408,2019-09-09 23:40:30,9987.0312,ethusdt
2429,2019-09-09 23:40:31,30885.303,btcusdt
2404,2019-09-09 23:40:31,12.5529,gntusdt
2423,2019-09-09 23:40:34,4571.3014,ltcbtc
2433,2019-09-09 23:40:36,0.6064,mcoeth
2426,2019-09-09 23:40:37,2403.1126,omgusdt
2423,2019-09-09 23:40:41,1977.7706,etcusdt
2431,2019-09-09 23:40:48,1825.8645,ethbtc
2422,2019-09-09 23:40:48,4140.6765,ltcusdt
2418,2019-09-09 23:40:49,63.2516,wtceth
2428,2019-09-09 23:40:54,8.2024,aeeth
2409,2019-09-09 23:40:57,13849.5629,ethusdt
2424,2019-09-09 23:41:01,2573.1539,ltcbtc
2430,2019-09-09 23:41:03,59158.3575,btcusdt
2434,2019-09-09 23:41:04,0.5469,mcoeth
2405,2019-09-09 23:41:06,10.4179,gntusdt
2427,2019-09-09 23:41:07,2579.0852,omgusdt
2424,2019-09-09 23:41:08,3259.0277,etcusdt
2421,2019-09-09 23:41:14,142.8178,zrxusdt
2419,2019-09-09 23:41:20,0.7933,wtceth
2429,2019-09-09 23:41:25,7.7222,aeeth
2435,2019-09-09 23:41:30,1.3068,mcoeth
2432,2019-09-09 23:41:30,15364.203,ethbtc
2410,2019-09-09 23:41:31,632.3419,ethusdt
2423,2019-09-09 23:41:32,3166.2759,ltcusdt
2425,2019-09-09 23:41:34,163.5102,ltcbtc
2428,2019-09-09 23:41:41,993.6009,omgusdt
2431,2019-09-09 23:41:42,26854.1203,btcusdt
2422,2019-09-09 23:41:42,76.6121,zrxusdt
2406,2019-09-09 23:41:43,4.158,gntusdt
2425,2019-09-09 23:41:49,1886.0486,etcusdt
2420,2019-09-09 23:41:56,28.5637,wtceth
2430,2019-09-09 23:42:04,2.129,aeeth
2436,2019-09-09 23:42:07,1.1311,mcoeth
2433,2019-09-09 23:42:07,10156.4499,ethbtc
2411,2019-09-09 23:42:08,15828.8113,ethusdt
2426,2019-09-09 23:42:10,1462.8202,ltcbtc
2429,2019-09-09 23:42:11,665.6242,omgusdt
2432,2019-09-09 23:42:11,9105.6143,btcusdt
2423,2019-09-09 23:42:13,100.7525,zrxusdt
2424,2019-09-09 23:42:14,880.3391,ltcusdt
2407,2019-09-09 23:42:19,5.9123,gntusdt
2426,2019-09-09 23:42:22,2242.2263,etcusdt
2421,2019-09-09 23:42:31,46.796,wtceth
2431,2019-09-09 23:42:33,6.5975,aeeth
2437,2019-09-09 23:42:35,0.6145,mcoeth
2412,2019-09-09 23:42:35,10132.3856,ethusdt
2433,2019-09-09 23:42:36,60692.3733,btcusdt
2430,2019-09-09 23:42:41,3440.0109,omgusdt
2434,2019-09-09 23:42:43,8515.3671,ethbtc
2408,2019-09-09 23:42:52,22.5499,gntusdt
2427,2019-09-09 23:42:53,2961.7832,ltcbtc
2425,2019-09-09 23:42:54,1078.1621,ltcusdt
2424,2019-09-09 23:42:56,77.7592,zrxusdt
2422,2019-09-09 23:42:59,18.1112,wtceth
2438,2019-09-09 23:43:03,0.236,mcoeth
2432,2019-09-09 23:43:03,3.004,aeeth
2427,2019-09-09 23:43:05,1703.2557,etcusdt
2413,2019-09-09 23:43:09,1434.7802,ethusdt
2434,2019-09-09 23:43:15,54917.0444,btcusdt
2409,2019-09-09 23:43:20,10.4298,gntusdt
2428,2019-09-09 23:43:21,2871.5099,ltcbtc
2431,2019-09-09 23:43:21,870.94,omgusdt
2435,2019-09-09 23:43:24,9441.9244,ethbtc
2426,2019-09-09 23:43:31,4979.183,ltcusdt
2423,2019-09-09 23:43:32,47.8977,wtceth
2425,2019-09-09 23:43:39,153.7831,zrxusdt
2439,2019-09-09 23:43:43,0.5367,mcoeth
2428,2019-09-09 23:43:44,3009.6697,etcusdt
2433,2019-09-09 23:43:45,5.5416,aeeth
2435,2019-09-09 23:43:47,9044.7136,btcusdt
2432,2019-09-09 23:43:49,2596.2851,omgusdt
2414,2019-09-09 23:43:54,5992.6585,ethusdt
2424,2019-09-09 23:43:57,60.0157,wtceth
2429,2019-09-09 23:43:58,5229.6821,ltcbtc
2427,2019-09-09 23:43:59,2218.2283,ltcusdt
2410,2019-09-09 23:44:00,16.9934,gntusdt
2436,2019-09-09 23:44:03,9571.036,ethbtc
2429,2019-09-09 23:44:12,32.1362,etcusdt
2426,2019-09-09 23:44:13,86.6862,zrxusdt
2440,2019-09-09 23:44:25,1.1395,mcoeth
2428,2019-09-09 23:44:25,1491.5643,ltcusdt
2434,2019-09-09 23:44:27,10.5452,aeeth
2411,2019-09-09 23:44:29,5.7766,gntusdt
2436,2019-09-09 23:44:29,46312.193,btcusdt
2415,2019-09-09 23:44:30,5883.3558,ethusdt
2433,2019-09-09 23:44:34,48.507,omgusdt
2437,2019-09-09 23:44:39,3256.2587,ethbtc
2425,2019-09-09 23:44:40,26.2478,wtceth
2430,2019-09-09 23:44:42,4040.3671,ltcbtc
2430,2019-09-09 23:44:49,3572.7112,etcusdt
2427,2019-09-09 23:44:56,96.045,zrxusdt
2435,2019-09-09 23:44:57,11.1562,aeeth
2441,2019-09-09 23:44:58,0.9875,mcoeth
2429,2019-09-09 23:44:59,4374.5173,ltcusdt
2416,2019-09-09 23:45:04,9642.5189,ethusdt
2438,2019-09-09 23:45:05,11491.813,ethbtc
2412,2019-09-09 23:45:07,29.8361,gntusdt
2437,2019-09-09 23:45:12,13490.2127,btcusdt
2431,2019-09-09 23:45:14,1889.4082,etcusdt
2434,2019-09-09 23:45:15,180.1383,omgusdt
2426,2019-09-09 23:45:17,10.8108,wtceth
2428,2019-09-09 23:45:21,44.4755,zrxusdt
2431,2019-09-09 23:45:24,5379.771,ltcbtc
2417,2019-09-09 23:45:29,1850.9339,ethusdt
2430,2019-09-09 23:45:37,4945.9529,ltcusdt
2436,2019-09-09 23:45:40,11.3973,aeeth
2442,2019-09-09 23:45:43,0.4473,mcoeth
2438,2019-09-09 23:45:43,53438.8623,btcusdt
2439,2019-09-09 23:45:44,593.7154,ethbtc
2435,2019-09-09 23:45:46,3039.6056,omgusdt
2432,2019-09-09 23:45:46,2336.9018,etcusdt
2413,2019-09-09 23:45:51,11.7756,gntusdt
2429,2019-09-09 23:45:55,129.9055,zrxusdt
2427,2019-09-09 23:45:57,10.1543,wtceth
2432,2019-09-09 23:46:04,2418.0163,ltcbtc
2440,2019-09-09 23:46:12,19.2341,ethbtc
2418,2019-09-09 23:46:14,7186.0305,ethusdt
2431,2019-09-09 23:46:17,3911.2171,ltcusdt
2443,2019-09-09 23:46:18,0.857,mcoeth
2433,2019-09-09 23:46:18,1838.0929,etcusdt
2436,2019-09-09 23:46:19,437.4254,omgusdt
2439,2019-09-09 23:46:21,33843.6904,btcusdt
2437,2019-09-09 23:46:22,3.0595,aeeth
2414,2019-09-09 23:46:22,11.311,gntusdt
2428,2019-09-09 23:46:31,4.0544,wtceth
2430,2019-09-09 23:46:38,183.5446,zrxusdt
2444,2019-09-09 23:46:44,0.5859,mcoeth
2432,2019-09-09 23:46:45,2685.7183,ltcusdt
2437,2019-09-09 23:46:48,683.0504,omgusdt
2419,2019-09-09 23:46:48,15331.7313,ethusdt
2415,2019-09-09 23:46:48,10.5218,gntusdt
2433,2019-09-09 23:46:49,3862.3051,ltcbtc
2441,2019-09-09 23:46:57,2411.4032,ethbtc
2440,2019-09-09 23:47:02,47809.6564,btcusdt
2438,2019-09-09 23:47:02,6.0635,aeeth
2434,2019-09-09 23:47:02,139.6227,etcusdt
2429,2019-09-09 23:47:11,44.9329,wtceth
2433,2019-09-09 23:47:17,5053.3125,ltcusdt
2434,2019-09-09 23:47:20,2343.3016,ltcbtc
2431,2019-09-09 23:47:23,51.4807,zrxusdt
2445,2019-09-09 23:47:23,0.9897,mcoeth
2420,2019-09-09 23:47:29,1962.7545,ethusdt
2416,2019-09-09 23:47:29,6.9576,gntusdt
2441,2019-09-09 23:47:30,51007.7418,btcusdt
2438,2019-09-09 23:47:32,3234.5071,omgusdt
2442,2019-09-09 23:47:32,8569.8366,ethbtc
2439,2019-09-09 23:47:34,1.5348,aeeth
2435,2019-09-09 23:47:45,2193.5881,etcusdt
2434,2019-09-09 23:47:52,3397.5818,ltcusdt
2430,2019-09-09 23:47:55,60.7931,wtceth
2435,2019-09-09 23:47:56,2001.0739,ltcbtc
2432,2019-09-09 23:47:57,114.8549,zrxusdt
2417,2019-09-09 23:47:57,28.2316,gntusdt
2446,2019-09-09 23:48:02,0.5976,mcoeth
2443,2019-09-09 23:48:03,8229.7309,ethbtc
2421,2019-09-09 23:48:09,1874.7873,ethusdt
2442,2019-09-09 23:48:15,19058.3264,btcusdt
2440,2019-09-09 23:48:16,4.1287,aeeth
2439,2019-09-09 23:48:17,931.9892,omgusdt
2433,2019-09-09 23:48:24,12.7513,zrxusdt
2436,2019-09-09 23:48:24,3592.8223,etcusdt
2431,2019-09-09 23:48:26,71.2845,wtceth
2444,2019-09-09 23:48:30,9530.0926,ethbtc
2418,2019-09-09 23:48:34,37.2816,gntusdt
2435,2019-09-09 23:48:36,3313.3298,ltcusdt
2436,2019-09-09 23:48:36,5335.1444,ltcbtc
2447,2019-09-09 23:48:39,0.1363,mcoeth
2440,2019-09-09 23:48:44,3218.1148,omgusdt
2422,2019-09-09 23:48:47,1104.7749,ethusdt
2441,2019-09-09 23:48:52,6.9325,aeeth
2437,2019-09-09 23:48:53,589.6511,etcusdt
2434,2019-09-09 23:48:56,74.0266,zrxusdt
2443,2019-09-09 23:48:57,24131.1403,btcusdt
2432,2019-09-09 23:49:01,41.818,wtceth
2419,2019-09-09 23:49:04,2.7689,gntusdt
2437,2019-09-09 23:49:05,2556.4782,ltcbtc
2436,2019-09-09 23:49:06,486.936,ltcusdt
2445,2019-09-09 23:49:10,9050.5557,ethbtc
2423,2019-09-09 23:49:13,8025.72,ethusdt
2448,2019-09-09 23:49:14,0.6799,mcoeth
2441,2019-09-09 23:49:15,132.42,omgusdt
2442,2019-09-09 23:49:22,7.3574,aeeth
2437,2019-09-09 23:49:32,1002.4009,ltcusdt
2433,2019-09-09 23:49:32,23.7039,wtceth
2438,2019-09-09 23:49:32,4547.2908,ltcbtc
2420,2019-09-09 23:49:35,37.8803,gntusdt
2438,2019-09-09 23:49:37,1493.7061,etcusdt
2435,2019-09-09 23:49:41,16.9309,zrxusdt
2444,2019-09-09 23:49:41,56711.9345,btcusdt
2449,2019-09-09 23:49:44,1.3057,mcoeth
2446,2019-09-09 23:49:45,12503.0209,ethbtc
2424,2019-09-09 23:49:47,9863.4282,ethusdt
2442,2019-09-09 23:49:52,2000.6439,omgusdt
2443,2019-09-09 23:50:02,4.1977,aeeth
2438,2019-09-09 23:50:04,5538.2813,ltcusdt
2439,2019-09-09 23:50:06,2268.1131,ltcbtc
2434,2019-09-09 23:50:11,67.6996,wtceth
2439,2019-09-09 23:50:15,1224.8417,etcusdt
2421,2019-09-09 23:50:16,21.0837,gntusdt
2447,2019-09-09 23:50:17,5505.9231,ethbtc
2436,2019-09-09 23:50:22,6.0643,zrxusdt
2445,2019-09-09 23:50:23,47103.3966,btcusdt
2450,2019-09-09 23:50:23,0.78,mcoeth
2425,2019-09-09 23:50:24,1835.4586,ethusdt
2443,2019-09-09 23:50:31,2970.9283,omgusdt
2439,2019-09-09 23:50:31,1039.2389,ltcusdt
2444,2019-09-09 23:50:32,1.0065,aeeth
2435,2019-09-09 23:50:39,34.6706,wtceth
2440,2019-09-09 23:50:39,3807.3384,ltcbtc
2448,2019-09-09 23:50:46,5912.4867,ethbtc
2440,2019-09-09 23:50:46,2933.0718,etcusdt
2446,2019-09-09 23:50:52,40749.2677,btcusdt
2422,2019-09-09 23:50:52,6.9946,gntusdt
2426,2019-09-09 23:50:53,7873.0476,ethusdt
2451,2019-09-09 23:50:55,0.2824,mcoeth
2437,2019-09-09 23:50:57,93.7115,zrxusdt
2440,2019-09-09 23:51:07,3032.7037,ltcusdt
2444,2019-09-09 23:51:07,1285.2513,omgusdt
2436,2019-09-09 23:51:08,65.1037,wtceth
2445,2019-09-09 23:51:14,4.6341,aeeth
2441,2019-09-09 23:51:16,3881.0416,ltcbtc
2447,2019-09-09 23:51:18,10210.2962,btcusdt
2441,2019-09-09 23:51:21,2371.011,etcusdt
2449,2019-09-09 23:51:25,1027.3263,ethbtc
2438,2019-09-09 23:51:27,83.337,zrxusdt
2427,2019-09-09 23:51:33,14040.0872,ethusdt
2441,2019-09-09 23:51:33,2812.5573,ltcusdt
2423,2019-09-09 23:51:37,17.9522,gntusdt
2445,2019-09-09 23:51:37,3257.6265,omgusdt
2452,2019-09-09 23:51:39,0.062,mcoeth
2446,2019-09-09 23:51:40,2.2121,aeeth
2437,2019-09-09 23:51:42,52.1382,wtceth
2442,2019-09-09 23:51:52,930.3727,ltcbtc
2448,2019-09-09 23:52:00,30180.1444,btcusdt
2442,2019-09-09 23:52:00,3588.3427,etcusdt
2439,2019-09-09 23:52:02,85.3512,zrxusdt
2424,2019-09-09 23:52:03,13.2046,gntusdt
2438,2019-09-09 23:52:08,75.8302,wtceth
2453,2019-09-09 23:52:09,0.5557,mcoeth
2450,2019-09-09 23:52:10,12144.0491,ethbtc
2447,2019-09-09 23:52:10,3.8116,aeeth
2428,2019-09-09 23:52:10,3535.1053,ethusdt
2446,2019-09-09 23:52:11,2736.3489,omgusdt
2442,2019-09-09 23:52:18,1963.6108,ltcusdt
2449,2019-09-09 23:52:25,61227.3726,btcusdt
2443,2019-09-09 23:52:29,2454.1499,etcusdt
2443,2019-09-09 23:52:33,4540.0944,ltcbtc
2429,2019-09-09 23:52:36,7492.38,ethusdt
2447,2019-09-09 23:52:36,1125.6707,omgusdt
2425,2019-09-09 23:52:38,4.496,gntusdt
2448,2019-09-09 23:52:40,13.1058,aeeth
2440,2019-09-09 23:52:41,93.2661,zrxusdt
2454,2019-09-09 23:52:44,0.8386,mcoeth
2451,2019-09-09 23:52:51,10044.7415,ethbtc
2439,2019-09-09 23:52:53,64.7999,wtceth
2450,2019-09-09 23:52:55,28445.3391,btcusdt
2444,2019-09-09 23:52:56,1901.6935,etcusdt
2443,2019-09-09 23:53:01,5837.5668,ltcusdt
2426,2019-09-09 23:53:09,39.1518,gntusdt
2430,2019-09-09 23:53:13,8133.6696,ethusdt
2441,2019-09-09 23:53:14,48.3887,zrxusdt
2444,2019-09-09 23:53:14,4039.9082,ltcbtc
2455,2019-09-09 23:53:15,0.3059,mcoeth
2452,2019-09-09 23:53:16,4856.0147,ethbtc
2449,2019-09-09 23:53:18,12.9408,aeeth
2448,2019-09-09 23:53:19,1762.0437,omgusdt
2440,2019-09-09 23:53:33,39.1127,wtceth
2444,2019-09-09 23:53:34,1009.7816,ltcusdt
2427,2019-09-09 23:53:37,19.1621,gntusdt
2451,2019-09-09 23:53:39,58779.1676,btcusdt
2445,2019-09-09 23:53:40,3040.8762,etcusdt
2445,2019-09-09 23:53:43,1226.0954,ltcbtc
2453,2019-09-09 23:53:44,5282.5796,ethbtc
2442,2019-09-09 23:53:44,83.8297,zrxusdt
2456,2019-09-09 23:53:49,0.8997,mcoeth
2431,2019-09-09 23:53:50,15723.1911,ethusdt
2449,2019-09-09 23:53:58,1080.4069,omgusdt
2450,2019-09-09 23:54:02,14.1281,aeeth
2446,2019-09-09 23:54:09,5391.0901,ltcbtc
2445,2019-09-09 23:54:11,1528.0445,ltcusdt
2441,2019-09-09 23:54:12,6.4406,wtceth
2452,2019-09-09 23:54:12,34516.5024,btcusdt
2454,2019-09-09 23:54:13,11151.1642,ethbtc
2428,2019-09-09 23:54:18,7.9465,gntusdt
2432,2019-09-09 23:54:21,13547.1973,ethusdt
2443,2019-09-09 23:54:21,172.9112,zrxusdt
2446,2019-09-09 23:54:23,173.0007,etcusdt
2457,2019-09-09 23:54:31,1.2244,mcoeth
2447,2019-09-09 23:54:37,1702.6672,ltcbtc
2451,2019-09-09 23:54:37,1.7795,aeeth
2450,2019-09-09 23:54:39,1195.061,omgusdt
2442,2019-09-09 23:54:46,29.1943,wtceth
2453,2019-09-09 23:54:48,55773.1058,btcusdt
2446,2019-09-09 23:54:52,4822.6413,ltcusdt
2455,2019-09-09 23:54:52,8554.4733,ethbtc
2429,2019-09-09 23:54:53,10.1305,gntusdt
2444,2019-09-09 23:55:00,61.9729,zrxusdt
2447,2019-09-09 23:55:01,761.7396,etcusdt
2433,2019-09-09 23:55:01,10691.8999,ethusdt
2458,2019-09-09 23:55:08,0.1183,mcoeth
2448,2019-09-09 23:55:14,2992.4529,ltcbtc
2452,2019-09-09 23:55:16,13.3554,aeeth
2454,2019-09-09 23:55:17,32705.866,btcusdt
2456,2019-09-09 23:55:18,14833.5415,ethbtc
2447,2019-09-09 23:55:21,3429.1979,ltcusdt
2443,2019-09-09 23:55:23,38.5073,wtceth
2451,2019-09-09 23:55:23,170.729,omgusdt
2430,2019-09-09 23:55:23,37.2919,gntusdt
2448,2019-09-09 23:55:27,2721.8926,etcusdt
2445,2019-09-09 23:55:28,130.5115,zrxusdt
2434,2019-09-09 23:55:34,15954.1892,ethusdt
2449,2019-09-09 23:55:47,2440.0644,ltcbtc
2448,2019-09-09 23:55:52,3368.6623,ltcusdt
2459,2019-09-09 23:55:53,0.1706,mcoeth
2446,2019-09-09 23:55:55,167.4797,zrxusdt
2453,2019-09-09 23:55:56,10.1395,aeeth
2457,2019-09-09 23:55:58,9524.2122,ethbtc
2449,2019-09-09 23:55:58,2226.3946,etcusdt
2455,2019-09-09 23:56:00,36239.7565,btcusdt
2431,2019-09-09 23:56:03,37.0291,gntusdt
2444,2019-09-09 23:56:04,63.4757,wtceth
2452,2019-09-09 23:56:05,1202.6924,omgusdt
2435,2019-09-09 23:56:10,5378.9529,ethusdt
2450,2019-09-09 23:56:17,3324.7874,ltcbtc
2449,2019-09-09 23:56:20,1550.721,ltcusdt
2447,2019-09-09 23:56:20,7.1717,zrxusdt
2460,2019-09-09 23:56:26,0.2904,mcoeth
2450,2019-09-09 23:56:28,1989.1062,etcusdt
2456,2019-09-09 23:56:30,59090.6522,btcusdt
2453,2019-09-09 23:56:34,294.8422,omgusdt
2454,2019-09-09 23:56:35,10.5333,aeeth
2432,2019-09-09 23:56:36,36.2991,gntusdt
2436,2019-09-09 23:56:36,7717.8904,ethusdt
2445,2019-09-09 23:56:41,33.1756,wtceth
2458,2019-09-09 23:56:42,5682.9286,ethbtc
2448,2019-09-09 23:56:53,76.9834,zrxusdt
2451,2019-09-09 23:56:54,67.1403,ltcbtc
2450,2019-09-09 23:56:54,5178.8228,ltcusdt
2457,2019-09-09 23:57:01,6284.7719,btcusdt
2455,2019-09-09 23:57:03,5.9836,aeeth
2437,2019-09-09 23:57:09,15347.6693,ethusdt
2433,2019-09-09 23:57:10,6.8274,gntusdt
2451,2019-09-09 23:57:10,3336.2461,etcusdt
2461,2019-09-09 23:57:11,1.1139,mcoeth
2446,2019-09-09 23:57:15,1.0057,wtceth
2454,2019-09-09 23:57:15,2087.0332,omgusdt
2459,2019-09-09 23:57:19,7659.5044,ethbtc
2452,2019-09-09 23:57:30,1929.9952,ltcbtc
2451,2019-09-09 23:57:31,1236.4653,ltcusdt
2458,2019-09-09 23:57:35,48235.6021,btcusdt
2456,2019-09-09 23:57:35,6.7179,aeeth
2449,2019-09-09 23:57:36,50.0074,zrxusdt
2438,2019-09-09 23:57:38,5583.3681,ethusdt
2462,2019-09-09 23:57:40,1.2428,mcoeth
2452,2019-09-09 23:57:44,255.7239,etcusdt
2460,2019-09-09 23:57:47,10272.4506,ethbtc
2434,2019-09-09 23:57:51,6.2592,gntusdt
2447,2019-09-09 23:57:52,68.3217,wtceth
2455,2019-09-09 23:57:56,2437.8959,omgusdt
2453,2019-09-09 23:57:58,1622.63,ltcbtc
2452,2019-09-09 23:57:59,3975.6783,ltcusdt
2457,2019-09-09 23:58:05,9.0495,aeeth
2439,2019-09-09 23:58:09,12527.8962,ethusdt
2450,2019-09-09 23:58:15,7.7094,zrxusdt
2459,2019-09-09 23:58:16,44831.8074,btcusdt
2463,2019-09-09 23:58:18,1.2444,mcoeth
2461,2019-09-09 23:58:22,3737.402,ethbtc
2454,2019-09-09 23:58:26,4697.1149,ltcbtc
2453,2019-09-09 23:58:27,2475.1162,etcusdt
2435,2019-09-09 23:58:29,1.0681,gntusdt
2456,2019-09-09 23:58:30,1575.3503,omgusdt
2448,2019-09-09 23:58:30,41.4292,wtceth
2458,2019-09-09 23:58:34,8.9289,aeeth
2453,2019-09-09 23:58:34,2835.2073,ltcusdt
2464,2019-09-09 23:58:43,0.607,mcoeth
2440,2019-09-09 23:58:44,3275.3653,ethusdt
2451,2019-09-09 23:58:53,10.82,zrxusdt
2457,2019-09-09 23:58:58,2760.7365,omgusdt
2454,2019-09-09 23:58:59,255.4502,etcusdt
2460,2019-09-09 23:58:59,47433.4084,btcusdt
2449,2019-09-09 23:59:01,23.875,wtceth
2436,2019-09-09 23:59:03,32.7521,gntusdt
2462,2019-09-09 23:59:04,4181.5041,ethbtc
2455,2019-09-09 23:59:08,1130.3374,ltcbtc
2454,2019-09-09 23:59:09,4448.7954,ltcusdt
2441,2019-09-09 23:59:11,748.6902,ethusdt
2459,2019-09-09 23:59:18,14.2085,aeeth
2465,2019-09-09 23:59:26,0.556,mcoeth
2455,2019-09-09 23:59:29,989.7304,etcusdt
2461,2019-09-09 23:59:30,56869.1542,btcusdt
2455,2019-09-09 23:59:36,1439.1482,ltcusdt
2452,2019-09-09 23:59:37,142.7724,zrxusdt
2458,2019-09-09 23:59:42,2900.5894,omgusdt
2450,2019-09-09 23:59:43,1.1617,wtceth
2437,2019-09-09 23:59:44,17.414,gntusdt
2442,2019-09-09 23:59:44,13773.1909,ethusdt
2463,2019-09-09 23:59:45,15774.0102,ethbtc
2460,2019-09-09 23:59:49,1.0799,aeeth
2456,2019-09-09 23:59:53,934.1635,ltcbtc
2466,2019-09-09 23:59:57,0.418,mcoeth
