HuobiRatio=0.08307
p_trade_time=35
p_total_amount=106029280.4620733