HuobiRatio=0.10402499999999999
p_trade_time=35
p_total_amount=230846060.57742545