HuobiRatio=0.084315
p_trade_time=35
p_total_amount=94947048.79011661