HuobiRatio=0.113895
p_trade_time=35
p_total_amount=107946044.5031144