HuobiRatio=0.023850000000000003
p_trade_time=35
p_total_amount=34792163.41748159