HuobiRatio=0.11111999999999998
p_trade_time=35
p_total_amount=247559180.64471227