HuobiRatio=0.12321
p_trade_time=35
p_total_amount=120947658.78949645