HuobiRatio=0.10957499999999999
p_trade_time=35
p_total_amount=110618338.87215367