HuobiRatio=0.098295
p_trade_time=35
p_total_amount=237512568.7896166