HuobiRatio=0.13329
p_trade_time=35
p_total_amount=281152173.9276775