HuobiRatio=0.07978500000000001
p_trade_time=35
p_total_amount=142455799.1847933