HuobiRatio=0.02805000000000001
p_trade_time=35
p_total_amount=34960437.13689736