HuobiRatio=0.06676499999999999
p_trade_time=35
p_total_amount=79240838.16184969