HuobiRatio=0.023850000000000003
p_trade_time=35
p_total_amount=42685663.69676421