HuobiRatio=0.14659499999999998
p_trade_time=35
p_total_amount=278482853.26255286