HuobiRatio=0.03795
p_trade_time=35
p_total_amount=55748826.19519488