HuobiRatio=0.14326499999999998
p_trade_time=35
p_total_amount=193677407.44684318