HuobiRatio=0.11251499999999999
p_trade_time=35
p_total_amount=277598790.48831