HuobiRatio=0.099825
p_trade_time=35
p_total_amount=235283494.00166088