HuobiRatio=0.136035
p_trade_time=35
p_total_amount=212615872.37221178