HuobiRatio=0.06070499999999999
p_trade_time=35
p_total_amount=83748883.80012475