HuobiRatio=0.127515
p_trade_time=35
p_total_amount=168574312.88705862