HuobiRatio=0.06070499999999999
p_trade_time=35
p_total_amount=128985338.87805358