HuobiRatio=0.08155499999999999
p_trade_time=35
p_total_amount=106412161.13788533