HuobiRatio=0.102735
p_trade_time=35
p_total_amount=141618081.04794538