HuobiRatio=0.11560499999999999
p_trade_time=35
p_total_amount=192892081.91837806