HuobiRatio=0.02969999999999999
p_trade_time=35
p_total_amount=44036932.74187204