HuobiRatio=0.07822499999999999
p_trade_time=35
p_total_amount=153128444.46459043