HuobiRatio=0.07688999999999999
p_trade_time=35
p_total_amount=151826138.1593998