HuobiRatio=0.03285000000000001
p_trade_time=35
p_total_amount=36223759.58631436