HuobiRatio=0.130155
p_trade_time=35
p_total_amount=261034999.43542275