HuobiRatio=0.12447
p_trade_time=35
p_total_amount=156627529.92864606