HuobiRatio=0.06070499999999999
p_trade_time=35
p_total_amount=84013279.44512783