HuobiRatio=0.04619999999999999
p_trade_time=35
p_total_amount=110523918.69670643