HuobiRatio=0.07239
p_trade_time=35
p_total_amount=140938348.64191422