HuobiRatio=0.145035
p_trade_time=35
p_total_amount=355617900.0872695