HuobiRatio=0.12010499999999999
p_trade_time=35
p_total_amount=145412197.0213738