HuobiRatio=0.06526499999999999
p_trade_time=35
p_total_amount=152724097.59785455