HuobiRatio=0.07569
p_trade_time=35
p_total_amount=108518686.93647787