HuobiRatio=0.131775
p_trade_time=35
p_total_amount=266866546.5800299