HuobiRatio=0.142035
p_trade_time=35
p_total_amount=174672110.58793986