HuobiRatio=0.062265
p_trade_time=35
p_total_amount=82085315.0756753