HuobiRatio=0.08599499999999999
p_trade_time=35
p_total_amount=76890129.73421219