HuobiRatio=0.139035
p_trade_time=35
p_total_amount=296690332.4973909