HuobiRatio=0.02519999999999999
p_trade_time=35
p_total_amount=36808047.93218862