HuobiRatio=0.117045
p_trade_time=35
p_total_amount=278170572.68292844