HuobiRatio=0.14049
p_trade_time=35
p_total_amount=162126948.42376694