HuobiRatio=0.041399999999999985
p_trade_time=35
p_total_amount=83699493.21464269